  0.000000000000e+000  0.000000000000e+000  0.000000000000e+000
  0.000000000000e+000  0.000000000000e+000  0.000000000000e+000
  0.000000000000e+000  0.000000000000e+000  0.000000000000e+000
  0.000000000000e+000  0.000000000000e+000  0.000000000000e+000
  0.000000000000e+000  0.000000000000e+000  0.000000000000e+000
  0.000000000000e+000  0.000000000000e+000  0.000000000000e+000
  0.000000000000e+000  0.000000000000e+000  0.000000000000e+000
  0.000000000000e+000  0.000000000000e+000  0.000000000000e+000
  0.000000000000e+000  0.000000000000e+000  0.000000000000e+000
  0.000000000000e+000  0.000000000000e+000  0.000000000000e+000
  0.000000000000e+000  0.000000000000e+000  0.000000000000e+000
  0.000000000000e+000  0.000000000000e+000  0.000000000000e+000
  0.000000000000e+000  0.000000000000e+000  0.000000000000e+000
  0.000000000000e+000  0.000000000000e+000  0.000000000000e+000
  0.000000000000e+000  0.000000000000e+000  0.000000000000e+000
  0.000000000000e+000  0.000000000000e+000  0.000000000000e+000
  0.000000000000e+000  0.000000000000e+000  0.000000000000e+000
  0.000000000000e+000  0.000000000000e+000  0.000000000000e+000
  0.000000000000e+000  0.000000000000e+000  0.000000000000e+000
  2.623156890879e+002 -6.294457551760e+001 -5.169311308981e+001
  2.621742735314e+002 -6.288429948019e+001 -5.179936214000e+001
  2.621717951770e+002 -6.286352726733e+001 -5.180106080036e+001
  2.619191254083e+002 -6.283514990695e+001 -5.185884690821e+001
  2.622051921517e+002 -6.273158220224e+001 -5.181693346585e+001
  2.623909241814e+002 -6.265565548079e+001 -5.187374298062e+001
  2.625014783197e+002 -6.257713389724e+001 -5.191050152732e+001
  2.626502063275e+002 -6.249481951621e+001 -5.184818347744e+001
  2.632754204623e+002 -6.228580294125e+001 -5.176298653679e+001
  2.631022871409e+002 -6.208661976678e+001 -5.191138905180e+001
  2.635892975833e+002 -6.194687607949e+001 -5.194128080879e+001
  2.633869989004e+002 -6.192071645108e+001 -5.199235227218e+001
  2.633948077454e+002 -6.184341416834e+001 -5.182908322073e+001
  2.631771088981e+002 -6.174696720220e+001 -5.190246304570e+001
  2.629992555531e+002 -6.171604888174e+001 -5.193802109464e+001
  2.630908518878e+002 -6.154154984148e+001 -5.178962417630e+001
  2.631149380108e+002 -6.136196364097e+001 -5.178645236462e+001
  2.631910678334e+002 -6.113026002650e+001 -5.170702569622e+001
  2.633188203999e+002 -6.100738631445e+001 -5.202050938420e+001
  2.631704961742e+002 -6.106069482587e+001 -5.208778284560e+001
  2.630482745100e+002 -6.110520627720e+001 -5.207993153278e+001
  2.630334372498e+002 -6.104925461850e+001 -5.207359521399e+001
  2.630139759422e+002 -6.097079025372e+001 -5.204883014685e+001
  2.629963371281e+002 -6.088307980100e+001 -5.202572864335e+001
  2.630179058368e+002 -6.077760194401e+001 -5.202560962887e+001
  2.629906337123e+002 -6.071586267396e+001 -5.199884280223e+001
  2.629741850116e+002 -6.063599207508e+001 -5.201712004994e+001
  2.629639634200e+002 -6.056687596432e+001 -5.203910195445e+001
  2.629464244840e+002 -6.050928504041e+001 -5.206763385428e+001
  2.629137160732e+002 -6.041213229823e+001 -5.206756460328e+001
  2.629019360667e+002 -6.030589966372e+001 -5.206849609478e+001
  2.640844899054e+002 -5.941268740240e+001 -5.164077923309e+001
  2.639623783374e+002 -5.931979777805e+001 -5.167186729857e+001
  2.639188408046e+002 -5.921437899183e+001 -5.154684429277e+001
  2.638444255208e+002 -5.908873870703e+001 -5.161718280421e+001
  2.636823054356e+002 -5.899708288237e+001 -5.176726173302e+001
  2.637319732987e+002 -5.888957654794e+001 -5.175747957017e+001
  2.637892613854e+002 -5.873940390237e+001 -5.170238822990e+001
  2.637508640317e+002 -5.864300507710e+001 -5.194853106776e+001
  2.635279269166e+002 -5.859353898391e+001 -5.217030557667e+001
  2.632134217262e+002 -5.859325917432e+001 -5.209908102175e+001
  2.629921355010e+002 -5.856834569538e+001 -5.214902092845e+001
  2.629297176068e+002 -5.861172708589e+001 -5.217852908071e+001
  2.628673477074e+002 -5.853307435464e+001 -5.215001060535e+001
  2.631500131550e+002 -5.833148545063e+001 -5.199166541618e+001
  2.631550344518e+002 -5.822486942868e+001 -5.203743698231e+001
  2.629688753819e+002 -5.818825627454e+001 -5.209841958550e+001
  2.627420948794e+002 -5.819611069236e+001 -5.220573699170e+001
  2.624493135191e+002 -5.824154623925e+001 -5.229921857763e+001
  2.624734498808e+002 -5.811683341702e+001 -5.220185450228e+001
  2.622871521689e+002 -5.812853074508e+001 -5.224969188259e+001
  2.622778359729e+002 -5.804155195902e+001 -5.221305612003e+001
  2.621515537628e+002 -5.804773557392e+001 -5.221518975092e+001
  2.620926630384e+002 -5.800465230713e+001 -5.211624417610e+001
  2.619446638640e+002 -5.801474406497e+001 -5.208880155029e+001
  2.624841933731e+002 -5.739790354540e+001 -5.199552025950e+001
  2.620505318426e+002 -5.769765811488e+001 -5.193058295925e+001
  2.619004392845e+002 -5.780562033822e+001 -5.194892339270e+001
  2.621836434575e+002 -5.733530779026e+001 -5.191691021453e+001
  2.621453747759e+002 -5.727540125497e+001 -5.195479883877e+001
  2.622915715821e+002 -5.709244118492e+001 -5.197268441411e+001
  2.619990825093e+002 -5.751273735736e+001 -5.209796897714e+001
  2.625079155589e+002 -5.684252532561e+001 -5.206411646139e+001
  2.628715423249e+002 -5.633214638356e+001 -5.226486916696e+001
  2.633246175307e+002 -5.548052933056e+001 -5.260175151897e+001
  2.636000878268e+002 -5.506389180220e+001 -5.288787936693e+001
  2.642586207469e+002 -5.347393581637e+001 -5.318469373131e+001
  2.645226047079e+002 -5.278981280302e+001 -5.326359773864e+001
  2.636501575935e+002 -5.476945310264e+001 -5.300926286697e+001
  2.639259607023e+002 -5.424732282697e+001 -5.311395727613e+001
  2.638169860023e+002 -5.438774943730e+001 -5.306818028522e+001
  2.642824552867e+002 -5.362106801099e+001 -5.319558825937e+001
  2.647025168509e+002 -5.279271021018e+001 -5.317928957264e+001
  2.648910331664e+002 -5.243906332031e+001 -5.317847578303e+001
  2.648510722490e+002 -5.228793655458e+001 -5.317302778320e+001
  2.648490558438e+002 -5.222137779397e+001 -5.316533677657e+001
  2.648696277130e+002 -5.218564168058e+001 -5.318852208460e+001
  2.648627422117e+002 -5.214848459329e+001 -5.320327910964e+001
  2.648599201173e+002 -5.209917517828e+001 -5.319693399445e+001
  2.648542307275e+002 -5.200342805427e+001 -5.318906880660e+001
  2.648695853136e+002 -5.192382585268e+001 -5.320827700286e+001
  2.648571753684e+002 -5.186745621261e+001 -5.319620173958e+001
  2.648928836097e+002 -5.181026595268e+001 -5.320477256053e+001
  2.649128939225e+002 -5.174693566499e+001 -5.322911526558e+001
  2.649189971233e+002 -5.168743247251e+001 -5.324268908087e+001
  2.649003769693e+002 -5.162490367504e+001 -5.326419862809e+001
  2.649152480222e+002 -5.156006381172e+001 -5.325969660471e+001
  2.649267029176e+002 -5.148502207414e+001 -5.327137401904e+001
  2.649305660969e+002 -5.140047768089e+001 -5.327043478774e+001
  2.649348853664e+002 -5.132241268337e+001 -5.328704108866e+001
  2.657942109106e+002 -5.110435181416e+001 -5.169500723211e+001
  2.652267167045e+002 -5.105515085118e+001 -5.211222121308e+001
  2.641111139380e+002 -5.054548622548e+001 -5.245435708018e+001
  2.635788219645e+002 -5.028835339563e+001 -5.253348316772e+001
  2.637442064307e+002 -5.027125448381e+001 -5.254260725906e+001
  2.636915923093e+002 -4.999366556382e+001 -5.243328823657e+001
  2.635640494238e+002 -4.979646026373e+001 -5.247130129259e+001
  2.633501323706e+002 -4.972172894557e+001 -5.258405632225e+001
  2.634416515134e+002 -4.966599364683e+001 -5.267821654810e+001
  2.633831955148e+002 -4.969707263167e+001 -5.268382515954e+001
  2.632416820713e+002 -4.967679662501e+001 -5.267433751599e+001
  2.631768030511e+002 -4.956991383452e+001 -5.269894861405e+001
  2.631325732299e+002 -4.952717910710e+001 -5.266967743143e+001
  2.631076521794e+002 -4.947006734095e+001 -5.268831554729e+001
  2.630941500116e+002 -4.950351757979e+001 -5.269623679304e+001
  2.630650385972e+002 -4.946111844823e+001 -5.270697640542e+001
  2.630035531296e+002 -4.935051829466e+001 -5.274921119638e+001
  2.627651754823e+002 -4.933499876293e+001 -5.298766138865e+001
  2.624018582480e+002 -4.936805998763e+001 -5.311633954992e+001
  2.621940920800e+002 -4.935824010189e+001 -5.316271972783e+001
  2.619012003657e+002 -4.937480975177e+001 -5.313405949707e+001
  2.616240387029e+002 -4.941982856841e+001 -5.298020578630e+001
  2.612195496632e+002 -4.960556143280e+001 -5.273932176784e+001
  2.610732202110e+002 -4.940788400883e+001 -5.225316626016e+001
  2.609441855142e+002 -4.941629534080e+001 -5.198697495936e+001
  2.609608554588e+002 -4.910491322985e+001 -5.201509723981e+001
  2.610121140673e+002 -4.881301108292e+001 -5.199447154166e+001
  2.607416193366e+002 -4.898374613631e+001 -5.195014759281e+001
  2.604868154842e+002 -4.926822048522e+001 -5.169019054019e+001
  2.599965430512e+002 -5.112209892619e+001 -5.172699703253e+001
  2.600421504552e+002 -5.235912199574e+001 -5.161671615313e+001
  2.599915093306e+002 -5.149102821330e+001 -5.196811212717e+001
  2.599717638090e+002 -5.193001031429e+001 -5.183911254918e+001
  2.599282802664e+002 -5.184509881426e+001 -5.187217260404e+001
  2.598957282505e+002 -5.178824682866e+001 -5.184345539452e+001
  2.598628747661e+002 -5.172962247531e+001 -5.184406095439e+001
  2.598174596721e+002 -5.168863767487e+001 -5.187751281091e+001
  2.597925657365e+002 -5.162537291901e+001 -5.187681379948e+001
  2.597582003626e+002 -5.154344407638e+001 -5.188489384069e+001
  2.597568884560e+002 -5.147452670208e+001 -5.191160233635e+001
  2.597582924744e+002 -5.143076303304e+001 -5.192299440573e+001
  2.597367311386e+002 -5.137775242165e+001 -5.194127204456e+001
  2.596854792882e+002 -5.131192221208e+001 -5.195911114154e+001
  2.596917825095e+002 -5.121483061311e+001 -5.194641537814e+001
  2.596636970668e+002 -5.117391315894e+001 -5.196827532222e+001
  2.595924224776e+002 -5.112018539588e+001 -5.196121805741e+001
  2.595715769902e+002 -5.106062591676e+001 -5.194773830252e+001
  2.595399533438e+002 -5.101875872139e+001 -5.197037519027e+001
  2.595257887235e+002 -5.092742455109e+001 -5.197029222754e+001
  2.612373766431e+002 -4.649709052987e+001 -5.209333898542e+001
  2.613128448163e+002 -4.440558652923e+001 -5.136542801493e+001
  2.617204524945e+002 -4.433519861036e+001 -5.102605434809e+001
  2.620264285884e+002 -4.476555230918e+001 -5.095740169786e+001
  2.621470596663e+002 -4.465419619496e+001 -5.080028779922e+001
  2.619274249559e+002 -4.442691897815e+001 -5.088198530525e+001
  2.616866010240e+002 -4.418817989951e+001 -5.096686251677e+001
  2.615721527949e+002 -4.396308809369e+001 -5.099257433870e+001
  2.615707689542e+002 -4.392498251692e+001 -5.112989064199e+001
  2.616568509338e+002 -4.409191266346e+001 -5.124925836989e+001
  2.616226474077e+002 -4.404013950557e+001 -5.143939071195e+001
  2.615469604438e+002 -4.390591673025e+001 -5.153044711573e+001
  2.614531530719e+002 -4.370064508332e+001 -5.166843354111e+001
  2.613631497755e+002 -4.324866262356e+001 -5.175338160652e+001
  2.614631043090e+002 -4.342752451724e+001 -5.163242420995e+001
  2.614090248069e+002 -4.308026113581e+001 -5.172283614810e+001
  2.612930405274e+002 -4.277984203672e+001 -5.179516635215e+001
  2.612597677335e+002 -4.263579547027e+001 -5.185950406421e+001
  2.612307683127e+002 -4.220637131965e+001 -5.186096620161e+001
  2.611716705378e+002 -4.193113243707e+001 -5.181673909883e+001
  2.611191756519e+002 -4.189067671273e+001 -5.184211137762e+001
  2.608546172022e+002 -4.182458962467e+001 -5.174732903822e+001
  2.606272507961e+002 -4.182135877518e+001 -5.169648356490e+001
  2.605080660463e+002 -4.178343033865e+001 -5.165091847877e+001
  2.607030587189e+002 -4.250964873015e+001 -5.186386273335e+001
  2.605863127904e+002 -4.241439001751e+001 -5.178334298237e+001
  2.606262283245e+002 -4.236975716443e+001 -5.180926745845e+001
  2.608143759195e+002 -4.239820639752e+001 -5.184651747831e+001
  2.608095257742e+002 -4.242336581007e+001 -5.190024174675e+001
  2.606922453872e+002 -4.239686098735e+001 -5.182753481705e+001
  2.603965532443e+002 -4.231779432900e+001 -5.178661092940e+001
  2.596739828992e+002 -4.265479589440e+001 -5.188445331064e+001
  2.593676860467e+002 -4.269462248537e+001 -5.197956525510e+001
  2.589062347504e+002 -4.243629692109e+001 -5.213692419420e+001
  2.591028886342e+002 -4.261399682220e+001 -5.202219453320e+001
  2.587654221198e+002 -4.279664919661e+001 -5.212212789280e+001
  2.585893358388e+002 -4.296394004410e+001 -5.221946879113e+001
  2.593603472208e+002 -4.177281984578e+001 -5.194286485438e+001
  2.589397624981e+002 -4.189307507576e+001 -5.215104413713e+001
  2.592618922758e+002 -4.141915636158e+001 -5.207225962818e+001
  2.589139370726e+002 -4.174716640389e+001 -5.220271762677e+001
  2.585446507188e+002 -4.219133045093e+001 -5.238979646703e+001
  2.581740643606e+002 -4.278507763046e+001 -5.248021051977e+001
  2.577701144039e+002 -4.388602366745e+001 -5.260573080926e+001
  2.575936038510e+002 -4.548550085714e+001 -5.270111013197e+001
  2.575530907556e+002 -4.542856525657e+001 -5.259524457382e+001
  2.575668595622e+002 -4.506228488522e+001 -5.248545463544e+001
  2.575193673894e+002 -4.492386949618e+001 -5.239876860382e+001
  2.574352516904e+002 -4.545888827214e+001 -5.240708581920e+001
  2.574125299969e+002 -4.644322720081e+001 -5.236968055035e+001
  2.573891331711e+002 -4.812457926066e+001 -5.245473673826e+001
  2.576290775959e+002 -4.274420562318e+001 -5.275904999429e+001
  2.575562608887e+002 -4.259308542823e+001 -5.280508108621e+001
  2.575295296382e+002 -4.254792670330e+001 -5.282660422326e+001
  2.575060514069e+002 -4.247799664663e+001 -5.281466115036e+001
  2.574866897892e+002 -4.240645367561e+001 -5.282066103918e+001
  2.574716334897e+002 -4.236605272053e+001 -5.282398920206e+001
  2.578722211043e+002 -4.052007426948e+001 -5.381576347411e+001
  2.578107696178e+002 -4.188073849743e+001 -5.374779309341e+001
  2.577234299661e+002 -4.234874998572e+001 -5.242676846564e+001
  2.573249237105e+002 -4.546983884581e+001 -5.217451070542e+001
  2.573312378812e+002 -4.543887418461e+001 -5.222362123717e+001
  2.573121536342e+002 -4.537491549815e+001 -5.222524104579e+001
  2.572670598237e+002 -4.532793688019e+001 -5.220734855293e+001
  2.572229045760e+002 -4.529250095347e+001 -5.219502225916e+001
  2.572234693495e+002 -4.521431438685e+001 -5.221114584558e+001
  2.571897154101e+002 -4.514146491673e+001 -5.222039829063e+001
  2.571762537558e+002 -4.508486682031e+001 -5.222518973139e+001
  2.571594616678e+002 -4.503065092908e+001 -5.221604227895e+001
  2.571057107129e+002 -4.497509872966e+001 -5.222494734905e+001
  2.606231789132e+002 -4.574701338028e+001 -5.258498551856e+001
  2.592624160885e+002 -4.554281357398e+001 -5.279195843054e+001
  2.587892785519e+002 -4.544259873131e+001 -5.281612310019e+001
  2.584476449819e+002 -4.538594010913e+001 -5.282064991460e+001
  2.583696442850e+002 -4.535259752113e+001 -5.284567331603e+001
  2.584517546530e+002 -4.532469189735e+001 -5.278283736189e+001
  2.584080896892e+002 -4.529911924565e+001 -5.273705848554e+001
  2.583906023638e+002 -4.528094736236e+001 -5.265316018491e+001
  2.584008479347e+002 -4.537362202062e+001 -5.264711395995e+001
  2.583960149704e+002 -4.544003416290e+001 -5.257524461595e+001
  2.583807627277e+002 -4.540694384431e+001 -5.269736155960e+001
  2.583415848079e+002 -4.509316658464e+001 -5.285926062213e+001
  2.583196607029e+002 -4.487797955377e+001 -5.307906214948e+001
  2.582686399444e+002 -4.469563395591e+001 -5.313909995223e+001
  2.582101619896e+002 -4.465954177793e+001 -5.315102211909e+001
  2.581749570971e+002 -4.459849152288e+001 -5.314670296655e+001
  2.580341463549e+002 -4.456405608390e+001 -5.315926030319e+001
  2.578158032137e+002 -4.453758016126e+001 -5.317366241839e+001
  2.576203972699e+002 -4.457546938060e+001 -5.315585643580e+001
  2.571911914488e+002 -4.457428428480e+001 -5.336567994196e+001
  2.569208954125e+002 -4.474342674036e+001 -5.324139788542e+001
  2.567439619953e+002 -4.489966112869e+001 -5.310669727381e+001
  2.564990020577e+002 -4.510435166168e+001 -5.297991668711e+001
  2.564398567157e+002 -4.511169311786e+001 -5.284376161778e+001
  2.563346743811e+002 -4.501287060151e+001 -5.288791599250e+001
  2.561455012298e+002 -4.513942898967e+001 -5.281836058804e+001
  2.559197929206e+002 -4.541407359230e+001 -5.273050427092e+001
  2.556256641780e+002 -4.577404314603e+001 -5.250951173558e+001
  2.554806898906e+002 -4.591775226865e+001 -5.245540682436e+001
  2.554568593852e+002 -4.590323810861e+001 -5.230490152318e+001
  2.555120886221e+002 -4.575627519968e+001 -5.234055494168e+001
  2.557191489429e+002 -4.537234188914e+001 -5.243567542736e+001
  2.557453707919e+002 -4.529244383408e+001 -5.230373580694e+001
  2.560569674422e+002 -4.448221058215e+001 -5.269563212479e+001
  2.559657902705e+002 -4.461889458906e+001 -5.269544352350e+001
  2.560427483519e+002 -4.438883066188e+001 -5.278528864016e+001
  2.562726569821e+002 -4.404718610277e+001 -5.280482596669e+001
  2.561593426300e+002 -4.413409653495e+001 -5.260582652118e+001
  2.562276955459e+002 -4.388973821030e+001 -5.278176851107e+001
  2.560808323854e+002 -4.401417960267e+001 -5.297119190655e+001
  2.563573997743e+002 -4.371592769922e+001 -5.357219456163e+001
  2.563598586676e+002 -4.380479246568e+001 -5.374369571891e+001
  2.567780234580e+002 -4.350849064171e+001 -5.353627946687e+001
  2.568388653898e+002 -4.339466271615e+001 -5.325283414738e+001
  2.568161662868e+002 -4.330863420245e+001 -5.329104420338e+001
  2.566880787407e+002 -4.331294260101e+001 -5.301071487177e+001
  2.566690340835e+002 -4.320090897436e+001 -5.299753026860e+001
  2.566260455385e+002 -4.314581901527e+001 -5.300245502026e+001
  2.565855951084e+002 -4.309308646174e+001 -5.299621388344e+001
  2.565546773970e+002 -4.301240653359e+001 -5.298973978310e+001
  2.565271228173e+002 -4.294704525353e+001 -5.299538632527e+001
  2.565105366810e+002 -4.289466489296e+001 -5.301243707524e+001
  2.564925499362e+002 -4.282789797577e+001 -5.300999573508e+001
  2.564424434345e+002 -4.280218322330e+001 -5.300358637946e+001
  2.564112134378e+002 -4.275423846860e+001 -5.301549374312e+001
  2.563765871891e+002 -4.273146893989e+001 -5.302650062298e+001
  2.563653632357e+002 -4.265107852342e+001 -5.304101632680e+001
  2.563370693744e+002 -4.259508652401e+001 -5.301559683762e+001
  2.562695014232e+002 -4.247684312915e+001 -5.301449484922e+001
  2.562779086074e+002 -4.245219280834e+001 -5.303862806136e+001
  2.566382827045e+002 -4.208762339372e+001 -5.364457371064e+001
  2.573770904069e+002 -4.058916139400e+001 -5.641611625018e+001
  2.570727618856e+002 -4.150532709736e+001 -5.483655019244e+001
  2.571057042426e+002 -4.283261635568e+001 -5.431734756441e+001
  2.569071609319e+002 -4.347243954399e+001 -5.397660269619e+001
  2.565811185682e+002 -4.351984277462e+001 -5.373850504904e+001
  2.561309373072e+002 -4.351763241067e+001 -5.365346214530e+001
  2.553456017309e+002 -4.324915172413e+001 -5.369659331302e+001
  2.548026785463e+002 -4.302393560289e+001 -5.364338559359e+001
  2.545893123753e+002 -4.291865761311e+001 -5.351012589155e+001
  2.543448419768e+002 -4.284138094018e+001 -5.341941165240e+001
  2.540533231727e+002 -4.270523284689e+001 -5.339828428476e+001
  2.538750124339e+002 -4.262466846843e+001 -5.331964367148e+001
  2.536934400711e+002 -4.246590820919e+001 -5.327427336727e+001
  2.536787086095e+002 -4.238268476441e+001 -5.310030007671e+001
  2.535432343937e+002 -4.233578000275e+001 -5.304375243960e+001
  2.534589193924e+002 -4.227817163728e+001 -5.296038768014e+001
  2.535305765492e+002 -4.215196477098e+001 -5.281905445396e+001
  2.536882282343e+002 -4.202794493687e+001 -5.270377479103e+001
  2.538671219653e+002 -4.195689418833e+001 -5.257564717729e+001
  2.541658158160e+002 -4.204621335925e+001 -5.245840479298e+001
  2.542427229429e+002 -4.198740973484e+001 -5.232595961294e+001
  2.543829046987e+002 -4.197848216335e+001 -5.226212023712e+001
  2.548001251164e+002 -4.192533862643e+001 -5.226049126595e+001
  2.548707060181e+002 -4.186998375063e+001 -5.230132329805e+001
  2.549486363660e+002 -4.179054211847e+001 -5.233121591292e+001
  2.550295525047e+002 -4.170808076677e+001 -5.238270880914e+001
  2.550740880035e+002 -4.165407798247e+001 -5.244085475082e+001
  2.549798835906e+002 -4.161281530962e+001 -5.246431356381e+001
  2.550413335906e+002 -4.153433728384e+001 -5.249212470690e+001
  2.548143969233e+002 -4.159271270297e+001 -5.244318178450e+001
  2.548153277198e+002 -4.152563726200e+001 -5.247462195529e+001
  2.548285361453e+002 -4.144083619129e+001 -5.257147250828e+001
  2.549582146500e+002 -4.122920890765e+001 -5.243512201779e+001
  2.548854286857e+002 -4.114714493377e+001 -5.237473129677e+001
  2.547428265736e+002 -4.115143439321e+001 -5.242890789858e+001
  2.544048776424e+002 -4.131370975556e+001 -5.244455021675e+001
  2.544044429562e+002 -4.115658013896e+001 -5.259348965043e+001
  2.544293502832e+002 -4.103717311566e+001 -5.264743089881e+001
  2.543170812374e+002 -4.110069310055e+001 -5.271129733206e+001
  2.541985836587e+002 -4.125352920847e+001 -5.292481780073e+001
  2.540852609041e+002 -4.130594603710e+001 -5.301771042837e+001
  2.541627261959e+002 -4.102893058597e+001 -5.314817773525e+001
  2.541670840998e+002 -4.091425124972e+001 -5.317450065454e+001
  2.540505175281e+002 -4.107629850102e+001 -5.327778728465e+001
  2.540902230481e+002 -4.105417015634e+001 -5.339064958410e+001
  2.540782936086e+002 -4.104005021721e+001 -5.349471850574e+001
  2.538713293242e+002 -4.119046699569e+001 -5.336569200637e+001
  2.539708972474e+002 -4.099314885061e+001 -5.326028336064e+001
  2.541877780750e+002 -4.054210026259e+001 -5.314386789315e+001
  2.543328636594e+002 -4.012058661044e+001 -5.299393266043e+001
  2.562739491307e+002 -3.951087819134e+001 -5.180899341360e+001
  2.562823128757e+002 -3.945751497932e+001 -5.170954376979e+001
  2.562833311170e+002 -3.945647244725e+001 -5.170979132979e+001
  2.562587297873e+002 -3.940214795648e+001 -5.170469123251e+001
  2.562272171324e+002 -3.934522372086e+001 -5.168546833935e+001
  2.562023422825e+002 -3.929251272825e+001 -5.165584201825e+001
  2.561825479472e+002 -3.924277413804e+001 -5.165220796769e+001
  2.561497682501e+002 -3.919954986625e+001 -5.165241244793e+001
  2.561025112165e+002 -3.912258850149e+001 -5.162252109932e+001
  2.560412346026e+002 -3.904189174899e+001 -5.159720215367e+001
  2.559997424177e+002 -3.897562381050e+001 -5.159171637018e+001
  2.559668606614e+002 -3.891706599750e+001 -5.161115761761e+001
  2.559305179810e+002 -3.884728203836e+001 -5.159297455457e+001
  2.559072643301e+002 -3.877524477579e+001 -5.156844755806e+001
  2.553584047352e+002 -3.896889482716e+001 -5.171858787707e+001
  2.560171736765e+002 -3.774618278230e+001 -5.273097113881e+001
  2.551687836783e+002 -3.793987437579e+001 -5.280777627662e+001
  2.545835966233e+002 -3.830869467444e+001 -5.303272650816e+001
  2.542323246907e+002 -3.852616690272e+001 -5.306455073227e+001
  2.539621452425e+002 -3.875338256842e+001 -5.315959100944e+001
  2.536758588135e+002 -3.882879685914e+001 -5.319467334869e+001
  2.535885330577e+002 -3.895339819129e+001 -5.323738219751e+001
  2.534414933235e+002 -3.880591681401e+001 -5.316353772313e+001
  2.532421603025e+002 -3.875280929319e+001 -5.325467964227e+001
  2.532092555239e+002 -3.863394964202e+001 -5.318166249184e+001
  2.528208937789e+002 -3.844985471451e+001 -5.320031087339e+001
  2.526890629207e+002 -3.820559636956e+001 -5.321991102215e+001
  2.527065905189e+002 -3.815676877490e+001 -5.326954789933e+001
  2.528000221290e+002 -3.813888434110e+001 -5.332454821185e+001
  2.530245442683e+002 -3.836320259427e+001 -5.328537496799e+001
  2.529011533090e+002 -3.829933784541e+001 -5.323602603985e+001
  2.527463664768e+002 -3.816034257662e+001 -5.319386506132e+001
  2.525760424903e+002 -3.802527614267e+001 -5.310888900391e+001
  2.521795903875e+002 -3.791670818091e+001 -5.304047895650e+001
  2.518507738373e+002 -3.769328615356e+001 -5.305345086704e+001
  2.514230925359e+002 -3.723065154223e+001 -5.323687417499e+001
  2.509250204441e+002 -3.658466860393e+001 -5.340799231633e+001
  2.509454172287e+002 -3.678768896985e+001 -5.323121631530e+001
  2.509070057360e+002 -3.658887718702e+001 -5.325658614780e+001
  2.507883911062e+002 -3.628433583049e+001 -5.344898607418e+001
  2.506897617843e+002 -3.680370560478e+001 -5.341112422499e+001
  2.506009970780e+002 -3.660509428000e+001 -5.332709052666e+001
  2.504674889928e+002 -3.584499977865e+001 -5.346663219747e+001
  2.503471625310e+002 -3.495567970244e+001 -5.365246680038e+001
  2.502881989608e+002 -3.439515504270e+001 -5.374254452412e+001
  2.502845931053e+002 -3.401376385920e+001 -5.373363651751e+001
  2.503076135971e+002 -3.390833955190e+001 -5.386668443036e+001
  2.504666736902e+002 -3.333885213001e+001 -5.409638788048e+001
  2.502600117892e+002 -3.356538091209e+001 -5.397320762661e+001
  2.501674344541e+002 -3.347578784143e+001 -5.380294866729e+001
  2.500483638156e+002 -3.350136151302e+001 -5.368175391317e+001
  2.498488524774e+002 -3.387575031185e+001 -5.369099764711e+001
  2.497702358171e+002 -3.385339495452e+001 -5.363579148836e+001
  2.495888422211e+002 -3.419362743689e+001 -5.361523708818e+001
  2.495072861469e+002 -3.448407866632e+001 -5.362662243459e+001
  2.495197517795e+002 -3.429667514256e+001 -5.370198313334e+001
  2.495089948223e+002 -3.417443027469e+001 -5.380917092587e+001
  2.494404533075e+002 -3.418605646621e+001 -5.370146962252e+001
  2.493675156112e+002 -3.437671927039e+001 -5.367686335322e+001
  2.492770788409e+002 -3.434383594273e+001 -5.377153303795e+001
  2.494503465075e+002 -3.358208125943e+001 -5.410085227517e+001
  2.496736627159e+002 -3.300965777883e+001 -5.417362342714e+001
  2.495924011412e+002 -3.309068467715e+001 -5.389416242821e+001
  2.495771018813e+002 -3.302257680300e+001 -5.386622440708e+001
  2.495291494124e+002 -3.296239649476e+001 -5.387434827835e+001
  2.494852473344e+002 -3.290181229866e+001 -5.384301132716e+001
  2.501969748760e+002 -3.170587483742e+001 -5.295720359518e+001
  2.500800803499e+002 -3.148200848704e+001 -5.298793305315e+001
  2.500518692434e+002 -3.143566672210e+001 -5.299843572237e+001
  2.500297414681e+002 -3.136545797529e+001 -5.302643591718e+001
  2.497473541789e+002 -3.203018477330e+001 -5.412012700977e+001
  2.496585801620e+002 -3.194693483349e+001 -5.414700447568e+001
  2.496201845898e+002 -3.190290514912e+001 -5.413088562834e+001
  2.495897183279e+002 -3.183809956556e+001 -5.413597696339e+001
  2.495906136035e+002 -3.177553789441e+001 -5.413362180954e+001
  2.510729180724e+002 -3.034201167555e+001 -5.377363542913e+001
  2.502436148329e+002 -3.037631516893e+001 -5.366993526949e+001
  2.502146532702e+002 -3.033243399481e+001 -5.361208789275e+001
  2.501658355390e+002 -3.027759938756e+001 -5.360234165339e+001
  2.499382325556e+002 -3.022440137710e+001 -5.356207940317e+001
  2.496362526074e+002 -3.017412160480e+001 -5.362217069435e+001
  2.495359700934e+002 -3.008226110371e+001 -5.359359421181e+001
  2.496803843027e+002 -3.009892213206e+001 -5.356819558876e+001
  2.492187497894e+002 -3.013983139941e+001 -5.354854096042e+001
  2.492708404501e+002 -2.993662538612e+001 -5.352059312317e+001
  2.493356360024e+002 -2.986255275290e+001 -5.348237477164e+001
  2.491527874459e+002 -2.977514388827e+001 -5.355055847338e+001
  2.488197848131e+002 -2.978001049524e+001 -5.362850085560e+001
  2.486123978139e+002 -2.982793506059e+001 -5.376716000094e+001
  2.483014972376e+002 -3.011930024302e+001 -5.384516099705e+001
  2.480952716685e+002 -3.026648064731e+001 -5.401194948671e+001
  2.479559768946e+002 -3.035192972023e+001 -5.404497665073e+001
  2.479557325383e+002 -3.022823120392e+001 -5.408728937835e+001
  2.478491681477e+002 -3.019519942493e+001 -5.407796222222e+001
  2.477726663455e+002 -3.019154851402e+001 -5.404686226741e+001
  2.478737186657e+002 -3.009894536954e+001 -5.394444984847e+001
  2.481693577813e+002 -2.972117226077e+001 -5.370181589327e+001
  2.486891359208e+002 -2.948805143012e+001 -5.326183991442e+001
  2.491461988153e+002 -2.927468696515e+001 -5.293552091525e+001
  2.493471242409e+002 -2.913698555862e+001 -5.278404006208e+001
  2.495203677692e+002 -2.899428803965e+001 -5.258302797241e+001
  2.495378665671e+002 -2.889072837961e+001 -5.253376224670e+001
  2.494175414988e+002 -2.886031506278e+001 -5.254260268565e+001
  2.493761519284e+002 -2.880685294026e+001 -5.263241610822e+001
  2.492702861529e+002 -2.879595762223e+001 -5.271138691926e+001
  2.491801468299e+002 -2.879662262149e+001 -5.275868537370e+001
  2.492208357542e+002 -2.865063000533e+001 -5.273687350236e+001
  2.492056220411e+002 -2.851769576936e+001 -5.274613925800e+001
  2.491285436071e+002 -2.845749097063e+001 -5.284788176468e+001
  2.490613150733e+002 -2.837798738146e+001 -5.299406570815e+001
  2.490051744442e+002 -2.830411827134e+001 -5.305283969726e+001
  2.489290550301e+002 -2.825321224065e+001 -5.315980053497e+001
  2.487625697768e+002 -2.818696927265e+001 -5.317364459431e+001
  2.485932358576e+002 -2.818845720787e+001 -5.322614900269e+001
  2.480619618690e+002 -2.827467897682e+001 -5.344163591086e+001
  2.476761285004e+002 -2.839752353916e+001 -5.373229456982e+001
  2.478080833650e+002 -2.831085619688e+001 -5.383689212086e+001
  2.475253512711e+002 -2.840860229602e+001 -5.392979888691e+001
  2.475384926961e+002 -2.846925271378e+001 -5.400120420613e+001
  2.472981791489e+002 -2.851414459416e+001 -5.388301258073e+001
  2.473999127751e+002 -2.826534305410e+001 -5.397463480537e+001
  2.474431874942e+002 -2.818293332972e+001 -5.399173616163e+001
  2.474394229671e+002 -2.810952090265e+001 -5.398235334324e+001
  2.475361650806e+002 -2.788273019062e+001 -5.402962412657e+001
  2.475633046018e+002 -2.775673468215e+001 -5.403059301536e+001
  2.476430907514e+002 -2.748487700025e+001 -5.396182266883e+001
  2.475559368619e+002 -2.729680193649e+001 -5.402639993159e+001
  2.474008253772e+002 -2.761442722788e+001 -5.438443943630e+001
  2.471766259457e+002 -2.814210255539e+001 -5.437862306579e+001
  2.468187422637e+002 -2.816992198966e+001 -5.419749129089e+001
  2.466202499806e+002 -2.864255163207e+001 -5.410510076226e+001
  2.466180899904e+002 -2.772472135346e+001 -5.393041873235e+001
  2.465826067813e+002 -2.868960708079e+001 -5.398305919039e+001
  2.464774253410e+002 -2.951717884788e+001 -5.408922564548e+001
  2.464545177427e+002 -2.942742952160e+001 -5.411527047481e+001
  2.464264282119e+002 -2.938378680961e+001 -5.409067015803e+001
  2.464015634879e+002 -2.930927928092e+001 -5.410904671604e+001
  2.463699790337e+002 -2.926934952051e+001 -5.411379225448e+001
  2.463173961755e+002 -2.921688384507e+001 -5.410742224138e+001
  2.462737046548e+002 -2.914916214013e+001 -5.409719840984e+001
  2.462583580723e+002 -2.907556346278e+001 -5.413377566773e+001
  2.461865156815e+002 -2.904786927621e+001 -5.415101793082e+001
  2.461449075165e+002 -2.899169346082e+001 -5.416343266370e+001
  2.461156643058e+002 -2.893497232233e+001 -5.418831661521e+001
  2.460836014434e+002 -2.886733564180e+001 -5.421488079892e+001
  2.460524540964e+002 -2.884390144298e+001 -5.421427485372e+001
  2.471095435975e+002 -2.806358381126e+001 -5.378754734355e+001
  2.467904840769e+002 -2.787681215006e+001 -5.359231632966e+001
  2.462404663152e+002 -2.787603451401e+001 -5.339949094786e+001
  2.465226648465e+002 -2.779741991157e+001 -5.336961429184e+001
  2.463849807446e+002 -2.776095803623e+001 -5.342273107380e+001
  2.464383097213e+002 -2.775254370090e+001 -5.352636167216e+001
  2.463446467978e+002 -2.771744858451e+001 -5.363649163589e+001
  2.464002030326e+002 -2.766733887168e+001 -5.373217469548e+001
  2.463057316068e+002 -2.760951559335e+001 -5.381074102839e+001
  2.462575948917e+002 -2.754282781048e+001 -5.381016213040e+001
  2.460455001805e+002 -2.750064643692e+001 -5.389601553236e+001
  2.458828201394e+002 -2.737893017328e+001 -5.385121096043e+001
  2.457741767454e+002 -2.740386853433e+001 -5.387332243442e+001
  2.456729279988e+002 -2.748098108336e+001 -5.388840699999e+001
  2.454378226280e+002 -2.755869096230e+001 -5.377279625557e+001
  2.453335544006e+002 -2.768702147113e+001 -5.375552425990e+001
  2.452256026686e+002 -2.776520263841e+001 -5.370132877254e+001
  2.452008825555e+002 -2.768634469720e+001 -5.369864307281e+001
  2.451111013293e+002 -2.787366231439e+001 -5.375785814223e+001
  2.448464709862e+002 -2.816119395741e+001 -5.368827268761e+001
  2.445254076954e+002 -2.834893123692e+001 -5.372851717155e+001
  2.442795478688e+002 -2.832994485268e+001 -5.388267278261e+001
  2.440939558222e+002 -2.806219861718e+001 -5.397923454175e+001
  2.439853142144e+002 -2.807799685369e+001 -5.403010769029e+001
  2.440131793042e+002 -2.816080228795e+001 -5.406372491007e+001
  2.440976021250e+002 -2.837023727233e+001 -5.413512979243e+001
  2.442943179867e+002 -2.843927247519e+001 -5.409505077594e+001
  2.445052647022e+002 -2.800164602119e+001 -5.405471807351e+001
  2.457012075846e+002 -2.623259910797e+001 -5.323814252803e+001
  2.457727026304e+002 -2.618852508682e+001 -5.327073986277e+001
  2.458945130682e+002 -2.593590321880e+001 -5.313091851000e+001
  2.458222320314e+002 -2.591643764676e+001 -5.308421646738e+001
  2.459798392038e+002 -2.570381934653e+001 -5.306096922944e+001
  2.459568978070e+002 -2.563171964360e+001 -5.288767545990e+001
  2.458209389144e+002 -2.564123704963e+001 -5.287327061376e+001
  2.450233774163e+002 -2.652423243730e+001 -5.364210646338e+001
  2.450197490200e+002 -2.636900120557e+001 -5.366878736415e+001
  2.449397297950e+002 -2.631196884045e+001 -5.378195642893e+001
  2.449906783540e+002 -2.595996943283e+001 -5.382628202390e+001
  2.450156098094e+002 -2.563068131987e+001 -5.389526069040e+001
  2.450332467467e+002 -2.535057944074e+001 -5.391538138207e+001
  2.450295409578e+002 -2.523359102733e+001 -5.384753591553e+001
  2.450208143781e+002 -2.510116044172e+001 -5.389259582653e+001
  2.449796863134e+002 -2.499648366719e+001 -5.396142143985e+001
  2.448979683455e+002 -2.484844842785e+001 -5.402509314814e+001
  2.450285659945e+002 -2.448533982045e+001 -5.400619705932e+001
  2.450761157042e+002 -2.427913635400e+001 -5.404681625842e+001
  2.449297550004e+002 -2.414229690317e+001 -5.411665876564e+001
  2.448901391478e+002 -2.408140860064e+001 -5.402756325413e+001
  2.449713080474e+002 -2.387788317938e+001 -5.400903734887e+001
  2.451299280582e+002 -2.362402365959e+001 -5.400867548759e+001
  2.452581332865e+002 -2.342733901398e+001 -5.389346390589e+001
  2.455229242250e+002 -2.320794863102e+001 -5.383643696852e+001
  2.457955559464e+002 -2.295329321866e+001 -5.369221261350e+001
  2.460883969256e+002 -2.270772487446e+001 -5.360208180678e+001
  2.460600344595e+002 -2.250293959877e+001 -5.363640801492e+001
  2.458983408562e+002 -2.244395420673e+001 -5.364147987568e+001
  2.456977861234e+002 -2.248615783296e+001 -5.364751858626e+001
  2.453876223956e+002 -2.298332073418e+001 -5.366133243631e+001
  2.451808603289e+002 -2.327726525686e+001 -5.367039030495e+001
  2.451366803735e+002 -2.324197119547e+001 -5.367109024499e+001
  2.450355132755e+002 -2.342540220298e+001 -5.372358863152e+001
  2.455727882544e+002 -2.242264900262e+001 -5.409955690507e+001
  2.457788140505e+002 -2.203919250641e+001 -5.416171181527e+001
  2.457712983657e+002 -2.209585003423e+001 -5.405846885945e+001
  2.457596165618e+002 -2.204090288098e+001 -5.404203330321e+001
  2.457162809174e+002 -2.209058773522e+001 -5.385224753968e+001
  2.456912610714e+002 -2.200623693287e+001 -5.384448033397e+001
  2.456385447635e+002 -2.195887521289e+001 -5.383673532523e+001
  2.456334219988e+002 -2.186979546776e+001 -5.381937315703e+001
  2.456209472270e+002 -2.182523250199e+001 -5.383839250619e+001
  2.455888766838e+002 -2.179104103452e+001 -5.381597077680e+001
  2.455455827127e+002 -2.172841767598e+001 -5.381136062126e+001
  2.455157991308e+002 -2.165111026198e+001 -5.377695652566e+001
  2.454939531258e+002 -2.157197382661e+001 -5.377347020001e+001
  2.447956438343e+002 -2.124702154316e+001 -5.401289831983e+001
  2.446802747688e+002 -2.123072121878e+001 -5.390912508674e+001
  2.448176411642e+002 -2.136362459426e+001 -5.382597457747e+001
  2.449340593154e+002 -2.153149735470e+001 -5.372381361461e+001
  2.447909017236e+002 -2.148802099658e+001 -5.373556362562e+001
  2.444963351505e+002 -2.127443539813e+001 -5.376988477955e+001
  2.442788170149e+002 -2.097234187773e+001 -5.385048803657e+001
  2.442052639049e+002 -2.090271297781e+001 -5.388462808321e+001
  2.441026644951e+002 -2.054082363060e+001 -5.387852582175e+001
  2.441562385910e+002 -2.143120918583e+001 -5.399916754715e+001
  2.441861259636e+002 -2.153102312054e+001 -5.391559083582e+001
  2.441982618095e+002 -2.153327122616e+001 -5.391017624144e+001
  2.444871439814e+002 -2.164223607032e+001 -5.409209298323e+001
  2.449285933429e+002 -2.124026916953e+001 -5.474255986278e+001
  2.452794397641e+002 -2.050682293448e+001 -5.525400769670e+001
  2.455109569573e+002 -2.034686314507e+001 -5.535678564549e+001
  2.456998677567e+002 -2.018581814498e+001 -5.542912995653e+001
  2.457760495089e+002 -2.002514740420e+001 -5.547577353737e+001
  2.458128507465e+002 -1.990194222872e+001 -5.556987998701e+001
  2.454725571179e+002 -2.006002622531e+001 -5.555341176768e+001
  2.449094336024e+002 -2.041199609593e+001 -5.525612887586e+001
  2.445279901277e+002 -2.110147444288e+001 -5.490368154951e+001
  2.441497825202e+002 -2.246658031734e+001 -5.428099414281e+001
  2.440717931882e+002 -2.354344730959e+001 -5.397820417241e+001
  2.440848113692e+002 -2.454928785752e+001 -5.374929049634e+001
  2.442137226754e+002 -2.516457315090e+001 -5.360934378691e+001
  2.442000922272e+002 -2.538053021823e+001 -5.360687036818e+001
  2.442012164339e+002 -2.563926728386e+001 -5.368273025599e+001
  2.441896536803e+002 -2.571856295613e+001 -5.374795805475e+001
  2.441499243928e+002 -2.530794712775e+001 -5.387722189906e+001
  2.441203820910e+002 -2.523925089935e+001 -5.393648574688e+001
  2.441461993871e+002 -2.531400620393e+001 -5.398055083035e+001
  2.441679765093e+002 -2.518933133972e+001 -5.407052509105e+001
  2.441993714138e+002 -2.492570498195e+001 -5.407885245582e+001
  2.442532739140e+002 -2.450902798440e+001 -5.410741181492e+001
  2.442174797261e+002 -2.426367542171e+001 -5.390135120011e+001
  2.442018377334e+002 -2.387814565734e+001 -5.381301135467e+001
  2.442555350958e+002 -2.331783835567e+001 -5.379954580678e+001
  2.442674518295e+002 -2.294724842583e+001 -5.376952624405e+001
  2.443139040367e+002 -2.282346914618e+001 -5.379600991438e+001
  2.443274496089e+002 -2.286146762313e+001 -5.385594478246e+001
  2.446105858467e+002 -2.234442466788e+001 -5.398653128282e+001
  2.443829743923e+002 -2.248341807723e+001 -5.401499062470e+001
  2.443753515167e+002 -2.238747523006e+001 -5.405802286277e+001
  2.442824951788e+002 -2.236081284429e+001 -5.409085296167e+001
  2.439798106479e+002 -2.235555531301e+001 -5.410043364260e+001
  2.438097932606e+002 -2.219427699596e+001 -5.405456157930e+001
  2.435267344811e+002 -2.198885215859e+001 -5.404825264290e+001
  2.431469295256e+002 -2.181150767986e+001 -5.408066955489e+001
  2.426336611306e+002 -2.200559133898e+001 -5.411691704348e+001
  2.425380520181e+002 -2.276873618169e+001 -5.427228566925e+001
  2.428524742723e+002 -2.483924376214e+001 -5.414385253995e+001
  2.428698784721e+002 -2.516211211867e+001 -5.422424491101e+001
  2.428272939611e+002 -2.528565327808e+001 -5.427354628476e+001
  2.428229820414e+002 -2.521804469463e+001 -5.427726006974e+001
  2.429367879506e+002 -2.458229360160e+001 -5.423893099453e+001
  2.431171984741e+002 -2.382806630428e+001 -5.415382124673e+001
  2.431121477625e+002 -2.349693421665e+001 -5.411069865921e+001
  2.430566748024e+002 -2.324308726649e+001 -5.413324287916e+001
  2.430144921785e+002 -2.304606694379e+001 -5.406269311747e+001
  2.428831298453e+002 -2.292914293307e+001 -5.398881165693e+001
  2.430728590461e+002 -2.272900902966e+001 -5.388489381857e+001
  2.425291606806e+002 -2.256827073218e+001 -5.397688815122e+001
  2.428554135439e+002 -2.265119665125e+001 -5.381084105031e+001
  2.430036154819e+002 -2.270558864291e+001 -5.362185409893e+001
  2.432411727387e+002 -2.266595586343e+001 -5.352044630997e+001
  2.437637924897e+002 -2.266213538207e+001 -5.347962778163e+001
  2.440736289551e+002 -2.254231164859e+001 -5.344722842867e+001
  2.441852704907e+002 -2.242543277594e+001 -5.349926053195e+001
  2.442868505314e+002 -2.244005124681e+001 -5.354004669314e+001
  2.444318203652e+002 -2.244660940273e+001 -5.365612732140e+001
  2.446551244871e+002 -2.239711594568e+001 -5.378759334443e+001
  2.447385329583e+002 -2.226025082798e+001 -5.388638343998e+001
  2.448862837530e+002 -2.202505607164e+001 -5.398991194889e+001
  2.450185467995e+002 -2.175797206174e+001 -5.416637250986e+001
  2.450471287008e+002 -2.167460098723e+001 -5.428020501378e+001
  2.450929561890e+002 -2.151247158183e+001 -5.435624937223e+001
  2.451551389979e+002 -2.139616796131e+001 -5.450253268156e+001
  2.449893150867e+002 -2.146148708457e+001 -5.448455520898e+001
  2.446575408544e+002 -2.175337390273e+001 -5.446157454259e+001
  2.442368351749e+002 -2.199548289545e+001 -5.425217321177e+001
  2.439183003128e+002 -2.229955313087e+001 -5.416759307796e+001
  2.435474011065e+002 -2.243261055187e+001 -5.402140651474e+001
  2.433440012067e+002 -2.250134437306e+001 -5.405524272559e+001
  2.432414037033e+002 -2.257085713670e+001 -5.407150722757e+001
  2.433432403048e+002 -2.243110132016e+001 -5.414985633466e+001
  2.432495337687e+002 -2.243865140275e+001 -5.418517122151e+001
  2.432450575129e+002 -2.241619475844e+001 -5.418789549993e+001
  2.433464348027e+002 -2.230887501259e+001 -5.420767887430e+001
  2.433142498223e+002 -2.229829885323e+001 -5.424391759880e+001
  2.433465154943e+002 -2.213875805723e+001 -5.418215944214e+001
  2.435537690838e+002 -2.186860996816e+001 -5.414990674950e+001
  2.434654735080e+002 -2.182921459774e+001 -5.419115522218e+001
  2.434778920779e+002 -2.169131132684e+001 -5.425467732482e+001
  2.436614536515e+002 -2.154877762720e+001 -5.441591251587e+001
  2.438828751395e+002 -2.134288627239e+001 -5.447141353716e+001
  2.440580110132e+002 -2.121101123176e+001 -5.470263058858e+001
  2.444087655581e+002 -2.085679006544e+001 -5.467090526842e+001
  2.444123297503e+002 -2.089903675421e+001 -5.464918892021e+001
  2.451568571189e+002 -2.022004978210e+001 -5.439928314497e+001
  2.450033469283e+002 -2.040072053361e+001 -5.481679716822e+001
  2.450395609929e+002 -2.040306193057e+001 -5.527971179497e+001
  2.458471706373e+002 -1.989215928894e+001 -5.554078240553e+001
  2.457832094238e+002 -1.981720182687e+001 -5.553837919384e+001
  2.463736100561e+002 -1.922466982081e+001 -5.515019679559e+001
  2.462969930797e+002 -1.911698128787e+001 -5.517301357100e+001
                  nan                  nan                  nan
                  nan                  nan                  nan
                  nan                  nan                  nan
                  nan                  nan                  nan
                  nan                  nan                  nan
                  nan                  nan                  nan
                  nan                  nan                  nan
                  nan                  nan                  nan
                  nan                  nan                  nan
                  nan                  nan                  nan
                  nan                  nan                  nan
                  nan                  nan                  nan
                  nan                  nan                  nan
                  nan                  nan                  nan
                  nan                  nan                  nan
                  nan                  nan                  nan
                  nan                  nan                  nan
                  nan                  nan                  nan
