  0.000000000000e+000
  0.000000000000e+000
  0.000000000000e+000
  0.000000000000e+000
  0.000000000000e+000
  0.000000000000e+000
  0.000000000000e+000
  0.000000000000e+000
  0.000000000000e+000
  0.000000000000e+000
  0.000000000000e+000
  0.000000000000e+000
  0.000000000000e+000
  0.000000000000e+000
  0.000000000000e+000
  0.000000000000e+000
  0.000000000000e+000
  0.000000000000e+000
  0.000000000000e+000
  9.888999938965e+001
  9.873291814069e+001
  9.873168628464e+001
  9.873437876338e+001
  9.882226910533e+001
  9.872917999269e+001
  9.833939970311e+001
  9.842694960406e+001
  9.891399224206e+001
  9.891444774288e+001
  9.926048205795e+001
  9.912966909013e+001
  9.917298986658e+001
  9.900061733689e+001
  9.893288870282e+001
  9.892449816465e+001
  9.908598468132e+001
  9.902070658443e+001
  9.933711373458e+001
  9.954760557337e+001
  9.976023338762e+001
  9.989016586328e+001
  9.975752053809e+001
  9.976058851108e+001
  9.979040177433e+001
  9.971232330046e+001
  9.969264560056e+001
  9.962037414986e+001
  9.965783438717e+001
  9.958155587416e+001
  9.986521425223e+001
  1.013910101444e+002
  1.011504936645e+002
  1.014245772674e+002
  1.013523131110e+002
  1.011428419691e+002
  1.012443513853e+002
  1.012199988573e+002
  1.011896664051e+002
  1.010880707373e+002
  1.012972864221e+002
  1.014379174469e+002
  1.018906442409e+002
  1.021603479997e+002
  1.020002853748e+002
  1.019450334390e+002
  1.022740356441e+002
  1.025374668388e+002
  1.023721342321e+002
  1.011719768785e+002
  1.013086420593e+002
  1.013718807454e+002
  1.013756087837e+002
  1.014750940474e+002
  1.011872151767e+002
  1.022854209726e+002
  1.016812736569e+002
  1.014180709432e+002
  1.019768001657e+002
  1.020754236942e+002
  1.024391286308e+002
  1.015020574004e+002
  1.028298933967e+002
  1.039033116707e+002
  1.061394718569e+002
  1.070617613239e+002
  1.116357469573e+002
  1.141466411050e+002
  1.079081945724e+002
  1.093129937175e+002
  1.088602720872e+002
  1.109627973894e+002
  1.119841088857e+002
  1.117726929765e+002
  1.117521305682e+002
  1.117155302339e+002
  1.116870263068e+002
  1.116590184040e+002
  1.116993257473e+002
  1.117582746832e+002
  1.116556415579e+002
  1.115181803652e+002
  1.115510915552e+002
  1.116097947034e+002
  1.116554100216e+002
  1.116251114012e+002
  1.114463282405e+002
  1.114210175586e+002
  1.113645791220e+002
  1.114261602632e+002
  1.111727454636e+002
  1.109229532636e+002
  1.103626247806e+002
  1.091317718693e+002
  1.106301290378e+002
  1.117207369409e+002
  1.107353273600e+002
  1.084074726666e+002
  1.080757936980e+002
  1.076841582177e+002
  1.074854440860e+002
  1.071704324372e+002
  1.062605589832e+002
  1.058704645156e+002
  1.052322284929e+002
  1.048647209265e+002
  1.045022510998e+002
  1.045268074058e+002
  1.037894299747e+002
  1.034374335842e+002
  1.025227033036e+002
  1.012807530913e+002
  9.994131761365e+001
  9.781253385298e+001
  9.675189855283e+001
  9.774724644385e+001
  9.747310337303e+001
  9.702124227364e+001
  9.604177284537e+001
  9.507006443346e+001
  9.375857058672e+001
  9.525706018900e+001
  9.472371393011e+001
  9.471650644630e+001
  9.482132666366e+001
  9.488786763963e+001
  9.491766419813e+001
  9.483715892150e+001
  9.480947293550e+001
  9.492096730896e+001
  9.485700407822e+001
  9.488345039309e+001
  9.491113375127e+001
  9.497766177616e+001
  9.491567724100e+001
  9.472531653745e+001
  9.471055528139e+001
  9.459430560174e+001
  9.448319512565e+001
  9.852379361179e+001
  1.028565560697e+002
  1.016549008647e+002
  9.877419778107e+001
  9.748520124086e+001
  9.911745357880e+001
  1.003758360285e+002
  1.009984736956e+002
  1.013441871978e+002
  1.007924471022e+002
  1.015623631144e+002
  1.021188869500e+002
  1.031004829079e+002
  1.042505468770e+002
  1.026020146983e+002
  1.033118814429e+002
  1.039585786822e+002
  1.038027593006e+002
  1.045001752046e+002
  1.049929888017e+002
  1.047185215118e+002
  1.057423873918e+002
  1.055474485229e+002
  1.061967411749e+002
  1.029218275167e+002
  1.033394794714e+002
  1.015887181997e+002
  1.013328846126e+002
  1.010049922245e+002
  1.008963332955e+002
  1.006124272922e+002
  9.913746713028e+001
  9.871285605869e+001
  9.998232823966e+001
  9.962164048188e+001
  9.984903713986e+001
  9.975804147755e+001
  1.001989692096e+002
  9.997475976533e+001
  1.005108782220e+002
  9.958338028960e+001
  9.854278541873e+001
  9.731174630306e+001
  9.486859843350e+001
  9.183915732749e+001
  9.242468870187e+001
  9.306074695038e+001
  9.334196412081e+001
  9.267043571728e+001
  9.203397395361e+001
  9.049636213916e+001
  9.270383827939e+001
  9.288220180331e+001
  9.295902230803e+001
  9.300064411292e+001
  9.305130952773e+001
  9.307633243960e+001
  9.409181728783e+001
  9.304747023438e+001
  9.171852351507e+001
  8.521355921592e+001
  8.486965384131e+001
  8.480678915681e+001
  8.470461951126e+001
  8.482463017502e+001
  8.490027665589e+001
  8.493645404642e+001
  8.485829861976e+001
  8.495885682282e+001
  8.481343940738e+001
  9.070359879872e+001
  8.901977074397e+001
  8.875844168980e+001
  8.717093286815e+001
  8.716062125050e+001
  8.729035441877e+001
  8.719257859776e+001
  8.713531617555e+001
  8.706512824184e+001
  8.681596696820e+001
  8.679099982561e+001
  8.584572703086e+001
  8.511194526379e+001
  8.472955076596e+001
  8.479289888839e+001
  8.498186064663e+001
  8.549448302730e+001
  8.585503303182e+001
  8.626498154174e+001
  8.630686729607e+001
  8.679050103880e+001
  8.718167565621e+001
  8.788515771763e+001
  8.789274320397e+001
  8.781336284129e+001
  8.811563870366e+001
  8.859460986918e+001
  8.813253855329e+001
  8.882249804661e+001
  8.896832156882e+001
  8.912074675513e+001
  8.879644161089e+001
  8.870588500389e+001
  8.732955853398e+001
  8.749359224875e+001
  8.685751251611e+001
  8.563679200216e+001
  8.537561906723e+001
  8.494344419489e+001
  8.468917989447e+001
  8.546137478367e+001
  8.445262936520e+001
  8.607016957534e+001
  8.651029789637e+001
  8.642841688157e+001
  8.624362771449e+001
  8.632431664757e+001
  8.635731903619e+001
  8.630737689428e+001
  8.630772032845e+001
  8.629375540804e+001
  8.639262173683e+001
  8.644716061810e+001
  8.650951327494e+001
  8.648310361977e+001
  8.650895315601e+001
  8.646003293192e+001
  8.639564831810e+001
  8.644030142135e+001
  8.646744620046e+001
  8.696130610906e+001
  8.203525202482e+001
  8.288099614391e+001
  7.507311530213e+001
  7.153385786510e+001
  7.101705580003e+001
  7.166336427084e+001
  7.431783311208e+001
  7.600322287476e+001
  7.642726760348e+001
  7.716766215050e+001
  7.796307354521e+001
  7.850286911181e+001
  7.915585506314e+001
  7.920990749937e+001
  7.946196383357e+001
  7.961479608061e+001
  7.959000067963e+001
  7.945443189316e+001
  7.892289187781e+001
  7.795021303664e+001
  7.756965734627e+001
  7.808869132387e+001
  7.905685897990e+001
  7.952863379189e+001
  8.031744067364e+001
  8.137878894773e+001
  8.186266324687e+001
  8.165053460319e+001
  8.206402446717e+001
  8.068575937744e+001
  8.081213692832e+001
  8.098104649395e+001
  8.085138008952e+001
  8.071972600578e+001
  8.045909476395e+001
  8.001125955262e+001
  8.007549340688e+001
  8.031847331459e+001
  8.053450674584e+001
  8.078598964272e+001
  8.069920315823e+001
  8.044196591301e+001
  8.070832353570e+001
  8.064905134732e+001
  8.074084650017e+001
  8.085515649362e+001
  8.130796450901e+001
  8.139558898696e+001
  8.118326767214e+001
  8.076626877204e+001
  8.213224288048e+001
  8.275380693364e+001
  8.271899062157e+001
  8.288236530281e+001
  8.279007028591e+001
  8.273837641867e+001
  8.279174793401e+001
  8.292683426720e+001
  8.288330230890e+001
  8.291562344922e+001
  8.282772237866e+001
  8.279135657976e+001
  8.275996372455e+001
  8.286500044858e+001
  8.307715455575e+001
  8.225088304560e+001
  8.204834339108e+001
  8.099223895098e+001
  7.915534116381e+001
  7.750453436576e+001
  7.608854003616e+001
  7.491017732980e+001
  7.499464634917e+001
  7.489153328692e+001
  7.502698623752e+001
  7.557584931568e+001
  7.564731167186e+001
  7.536183950112e+001
  7.505913344091e+001
  7.424833256891e+001
  7.442458571423e+001
  7.484653065108e+001
  7.503873755163e+001
  7.529114328527e+001
  7.593761979627e+001
  7.664987049404e+001
  7.699118912109e+001
  7.673549489030e+001
  7.700533951026e+001
  7.714860704972e+001
  7.601277618051e+001
  7.584892258588e+001
  7.667587405411e+001
  7.787242270087e+001
  7.833311375799e+001
  7.859107013770e+001
  7.844600624963e+001
  7.949585932795e+001
  7.922233065482e+001
  7.924922188956e+001
  7.919837406101e+001
  7.899346493755e+001
  7.894351300863e+001
  7.761422063565e+001
  7.718390751384e+001
  7.721775249646e+001
  7.744277029471e+001
  7.718412697258e+001
  7.693997996761e+001
  7.675509677996e+001
  7.794435119130e+001
  7.741548168756e+001
  7.732171650364e+001
  7.719670607311e+001
  7.706919102969e+001
  7.712011371383e+001
  7.372211141534e+001
  7.478362162803e+001
  7.469327059194e+001
  7.483585730564e+001
  7.692720724295e+001
  7.765176007719e+001
  7.772060043658e+001
  7.774129093261e+001
  7.789242215511e+001
  7.334034306653e+001
  7.624687787290e+001
  7.619873756243e+001
  7.610480659664e+001
  7.539003896946e+001
  7.560499777789e+001
  7.563895938894e+001
  7.548175098137e+001
  7.544654243371e+001
  7.614935695047e+001
  7.628140149927e+001
  7.632628082674e+001
  7.624561755294e+001
  7.605811033916e+001
  7.558763201058e+001
  7.521181730081e+001
  7.508568972531e+001
  7.503187745750e+001
  7.470042657047e+001
  7.480378063448e+001
  7.474494245434e+001
  7.394618020829e+001
  7.218794738846e+001
  7.071381787007e+001
  6.994956671145e+001
  6.893843334193e+001
  6.879033044812e+001
  6.939771853063e+001
  6.932031877904e+001
  6.941979917523e+001
  6.923315339006e+001
  6.958503166671e+001
  7.003647775824e+001
  6.909985622573e+001
  6.772443671212e+001
  6.714266003583e+001
  6.620370290496e+001
  6.615432964104e+001
  6.603648974116e+001
  6.784654605654e+001
  7.090652606006e+001
  7.031190666283e+001
  7.137732339653e+001
  7.147418785960e+001
  7.175702606163e+001
  7.147651660987e+001
  7.142700095338e+001
  7.131856997186e+001
  7.098940629400e+001
  7.082222814543e+001
  7.047019804889e+001
  7.038221500260e+001
  7.109727236406e+001
  7.133774785129e+001
  7.146641902925e+001
  7.231343068202e+001
  7.136278309914e+001
  7.159889924415e+001
  7.252252311660e+001
  7.237229047595e+001
  7.249069560980e+001
  7.244919655267e+001
  7.235277983436e+001
  7.253753171473e+001
  7.266205512970e+001
  7.268114688161e+001
  7.261798563225e+001
  7.271232956449e+001
  7.266664699518e+001
  7.252612320516e+001
  7.248196894817e+001
  6.977106411502e+001
  6.906144416036e+001
  7.021347605998e+001
  6.958074111167e+001
  6.978694223839e+001
  7.136736309434e+001
  7.134434627628e+001
  7.173620152732e+001
  7.142890001620e+001
  7.158323784742e+001
  7.087679851369e+001
  7.036491345986e+001
  6.883814770574e+001
  6.695095380870e+001
  6.639133577671e+001
  6.574192660289e+001
  6.575193279889e+001
  6.700500230678e+001
  6.681581474335e+001
  6.631468348951e+001
  6.596457618418e+001
  6.451153010438e+001
  6.097287101507e+001
  6.054178368913e+001
  6.188488735356e+001
  6.424295017052e+001
  6.620502923183e+001
  6.580743935973e+001
  6.150025397158e+001
  6.085161430487e+001
  6.049615083431e+001
  6.015594813696e+001
  5.992597647337e+001
  5.968042714278e+001
  5.964104508156e+001
  6.318068230126e+001
  6.318476692981e+001
  6.268538233897e+001
  6.243041694092e+001
  6.280246867587e+001
  6.353889287664e+001
  6.318952804159e+001
  6.379322326031e+001
  6.425294755463e+001
  6.458682584690e+001
  6.559379212554e+001
  6.615333384274e+001
  6.670634523807e+001
  6.663769428160e+001
  6.704639658587e+001
  6.766353905094e+001
  6.781507470948e+001
  6.777663261628e+001
  6.819356666662e+001
  6.847554914489e+001
  7.075359775875e+001
  7.131991536268e+001
  7.127373786145e+001
  6.985973367128e+001
  7.003112306143e+001
  7.055999450826e+001
  7.015583432174e+001
  7.039909869545e+001
  7.016140127034e+001
  7.001152644253e+001
  6.999072318415e+001
  7.000862721917e+001
  7.000932062599e+001
  6.990234478878e+001
  6.976407773203e+001
  6.979117159950e+001
  6.978492126979e+001
  6.979701414013e+001
  6.979847186263e+001
  6.980583550182e+001
  7.270653849115e+001
  7.313899420179e+001
  7.161483852250e+001
  7.063981680242e+001
  7.099881863850e+001
  7.193696759176e+001
  7.309665484826e+001
  7.365680911470e+001
  7.451568030954e+001
  7.115447698189e+001
  7.075795660325e+001
  7.027691194220e+001
  6.555153381116e+001
  6.293804543722e+001
  6.374654795836e+001
  6.402335331992e+001
  6.349107982756e+001
  6.320492163373e+001
  6.301414749960e+001
  6.397099471235e+001
  6.480865956198e+001
  6.453794074363e+001
  6.283728233697e+001
  6.119331951009e+001
  5.923010387202e+001
  5.792918872648e+001
  5.763097868378e+001
  5.700420029734e+001
  5.686616657521e+001
  5.727717638834e+001
  5.722686496893e+001
  5.653593213159e+001
  5.672612438213e+001
  5.720396569675e+001
  5.775006084063e+001
  5.798133853465e+001
  5.807437229562e+001
  5.806811732894e+001
  5.800652048599e+001
  5.765194667941e+001
  5.764758696505e+001
  5.774534288224e+001
  5.792349863857e+001
  5.791853130324e+001
  5.759306016367e+001
  5.786835338111e+001
  5.779173863708e+001
  5.810661379520e+001
  5.845951649836e+001
  5.979974272563e+001
  5.939207078356e+001
  5.592001412829e+001
  5.480378331978e+001
  5.455436890901e+001
  5.463412592611e+001
  5.538955968147e+001
  5.695545591711e+001
  5.764005227187e+001
  5.767238765429e+001
  5.770357942364e+001
  5.745249245389e+001
  5.743655868575e+001
  5.768213359436e+001
  5.692700328806e+001
  5.625688997178e+001
  5.585550004934e+001
  5.611849466011e+001
  5.609592430284e+001
  5.543658867595e+001
  5.538218889214e+001
  5.548395603638e+001
  5.598226320279e+001
  5.631113359485e+001
  5.635358156057e+001
  5.638093368509e+001
  5.591428306882e+001
  5.552226835527e+001
  5.508693267248e+001
  5.533494254143e+001
  5.589673099429e+001
  5.654490030412e+001
  5.731626559230e+001
  5.816763987041e+001
  5.855541135969e+001
  5.881532609405e+001
  5.869098483295e+001
  5.872359182767e+001
  5.853573371390e+001
  5.805810322181e+001
  5.790155921535e+001
  5.769305620633e+001
  5.737359207368e+001
  5.604615368890e+001
  5.610945180636e+001
  5.612783382054e+001
  5.621900280444e+001
  5.581484456170e+001
  5.627562619779e+001
  5.720299727676e+001
  5.731094662574e+001
  5.820359290042e+001
  5.803497600341e+001
  5.797739273089e+001
  5.852109095687e+001
  5.993828061003e+001
  5.993497653743e+001
                  nan
                  nan
                  nan
                  nan
                  nan
                  nan
                  nan
                  nan
                  nan
                  nan
                  nan
                  nan
                  nan
                  nan
                  nan
                  nan
                  nan
                  nan
