  0.000000000000e+000
  0.000000000000e+000
  0.000000000000e+000
  0.000000000000e+000
  0.000000000000e+000
  0.000000000000e+000
  0.000000000000e+000
  0.000000000000e+000
  0.000000000000e+000
  7.680000305176e+001
  7.689091853063e+001
  7.696668704795e+001
  7.691603704711e+001
  7.697152001637e+001
  7.709047293343e+001
  7.695863468496e+001
  7.680722965644e+001
  7.692125337540e+001
  7.703855808747e+001
  7.659226425970e+001
  7.650519787701e+001
  7.655790733076e+001
  7.662201812602e+001
  7.673757329902e+001
  7.663508920578e+001
  7.666538341490e+001
  7.662249787871e+001
  7.666607086574e+001
  7.678653945262e+001
  7.665815182458e+001
  7.668775002860e+001
  7.675463011202e+001
  7.664991017622e+001
  7.695645621871e+001
  7.711737288170e+001
  7.735827175259e+001
  7.707210684823e+001
  7.648088754061e+001
  7.639382327401e+001
  7.627568733907e+001
  7.604444672992e+001
  7.549737989042e+001
  7.550468416592e+001
  7.557005239502e+001
  7.559650204659e+001
  7.560316899887e+001
  7.544379892065e+001
  7.559596131672e+001
  7.542773081566e+001
  7.533963088587e+001
  7.477242903979e+001
  7.467167489628e+001
  7.375730071432e+001
  7.230845237170e+001
  7.103315479299e+001
  7.047575450618e+001
  7.100724875809e+001
  7.003043161426e+001
  6.926566402640e+001
  6.824570192150e+001
  6.759281404999e+001
  6.704490490341e+001
  6.716715488160e+001
  6.730655033201e+001
  6.693172763472e+001
  6.688205078758e+001
  6.685890844881e+001
  6.648624951132e+001
  6.627721258170e+001
  6.613148425705e+001
  6.548940711716e+001
  6.511375667382e+001
  6.527473509578e+001
  6.502924565051e+001
  6.502466757486e+001
  6.492848995663e+001
  6.491678018571e+001
  6.488107274511e+001
  6.500798021194e+001
  6.503094430245e+001
  6.497566631888e+001
  6.508448555302e+001
  6.522535545483e+001
  6.565115588549e+001
  6.577912567696e+001
  6.498147926886e+001
  6.513329678311e+001
  6.416980956259e+001
  6.217975729045e+001
  5.998848836617e+001
  5.725488939780e+001
  5.510269304811e+001
  5.374903888407e+001
  5.336271703278e+001
  5.298682448113e+001
  5.366246124374e+001
  5.472096434721e+001
  5.571694046214e+001
  5.696689039286e+001
  5.775785575280e+001
  5.870637117471e+001
  5.990769204898e+001
  6.152911410125e+001
  6.269409308339e+001
  6.308609516139e+001
  6.291867461561e+001
  6.292804413903e+001
  6.286579111533e+001
  6.289553698624e+001
  6.295572320723e+001
  6.292255510350e+001
  6.300474894331e+001
  6.297408154851e+001
  6.291536854485e+001
  6.292104345856e+001
  6.301998560300e+001
  6.293297600854e+001
  6.300125749830e+001
  6.370543391238e+001
  6.484327780661e+001
  6.684490167720e+001
  6.735516167515e+001
  6.653105641550e+001
  6.543405265655e+001
  6.532962892040e+001
  6.513381361149e+001
  6.523430084874e+001
  6.524569430477e+001
  6.458895281722e+001
  6.411645066115e+001
  6.371427722718e+001
  6.348895900146e+001
  6.329392568515e+001
  6.312754932032e+001
  6.296092427389e+001
  6.292987198910e+001
  6.315466206681e+001
  6.251443617540e+001
  6.320257713236e+001
  6.375199268789e+001
  6.303803722142e+001
  6.181653032003e+001
  5.945061715521e+001
  5.848011394276e+001
  6.124084435439e+001
  6.126070934830e+001
  6.062221421891e+001
  6.153138194145e+001
  6.141815956395e+001
  6.128494866350e+001
  6.112932203340e+001
  6.106567646098e+001
  6.076961219481e+001
  5.969699879467e+001
  5.927711005944e+001
  5.963801219514e+001
  5.988740254925e+001
  6.003847454695e+001
  6.085731795002e+001
  6.095305765952e+001
  6.106848356353e+001
  6.106689305245e+001
  6.117834752472e+001
  6.122133703053e+001
  6.105989838687e+001
