53.430214	156.887283	-7.108320
53.414639	156.896210	-7.113430
53.357620	156.882828	-7.094704
53.317089	156.873032	-7.092857
53.333424	156.878662	-7.096001
53.283909	156.867294	-7.081540
53.280788	156.866196	-7.071909
53.297150	156.871933	-7.072180
53.321236	156.872253	-7.085425
53.333691	156.871033	-7.089675
53.306942	156.866592	-7.077127
53.284531	156.863541	-7.076681
53.302864	156.869812	-7.082839
53.294357	156.863617	-7.074179
53.305286	156.872528	-7.087407
53.335056	156.870865	-7.095996
53.330883	156.876236	-7.102004
53.321167	156.874100	-7.099366
53.333942	156.871521	-7.099764
53.325588	156.871170	-7.093687
53.348614	156.877777	-7.108257
53.351749	156.881348	-7.107790
53.376839	156.897766	-7.111928
53.375584	156.894547	-7.111863
53.348690	156.895920	-7.103759
53.340553	156.895554	-7.103568
53.359394	156.902130	-7.110656
53.354019	156.896927	-7.103657
53.347168	156.897293	-7.105189
53.348042	156.897446	-7.100795
53.304783	156.881912	-7.089881
53.317581	156.871750	-7.100974
53.344711	156.879456	-7.110694
53.370396	156.889709	-7.113561
53.356903	156.891907	-7.105164
53.329456	156.884979	-7.090832
53.308735	156.872986	-7.088240
53.297066	156.871338	-7.091942
53.316456	156.877090	-7.090180
53.369106	156.893600	-7.100209
53.396492	156.906372	-7.107175
53.381931	156.901733	-7.099017
53.351425	156.886841	-7.095273
53.298885	156.871124	-7.082354
53.309906	156.871094	-7.088830
53.296402	156.867752	-7.077777
53.340244	156.880814	-7.091028
53.340366	156.889206	-7.092343
53.311279	156.882141	-7.082780
53.290173	156.884201	-7.076247
53.318592	156.883377	-7.081675
53.365761	156.890625	-7.105914
53.394154	156.897736	-7.111671
53.385883	156.897934	-7.104613
53.370071	156.902237	-7.101157
53.399296	156.909729	-7.108078
53.405029	156.907364	-7.112983
53.383465	156.897491	-7.111643
53.381924	156.898010	-7.109723
53.358330	156.899277	-7.098698
53.382202	156.901917	-7.105934
53.425770	156.918930	-7.121679
53.397709	156.908112	-7.109526
53.395287	156.902313	-7.114401
53.408810	156.899765	-7.120625
53.408962	156.895920	-7.124230
53.388496	156.896469	-7.113892
53.393490	156.892441	-7.114782
53.402409	156.897888	-7.111187
53.404602	156.901566	-7.110908
53.390362	156.899841	-7.111725
53.378567	156.895721	-7.108753
53.363949	156.898834	-7.102726
53.355419	156.898727	-7.098212
53.345119	156.899414	-7.095075
53.360722	156.898056	-7.102017
53.374889	156.897522	-7.100938
53.379532	156.899460	-7.103188
53.361401	156.890213	-7.100825
53.335796	156.888092	-7.092380
53.334457	156.893127	-7.090466
53.364262	156.893814	-7.102067
53.351448	156.893204	-7.092071
53.346142	156.899933	-7.088321
53.356243	156.895203	-7.098881
53.383480	156.896149	-7.106213
53.356457	156.887177	-7.101336
53.383335	156.895935	-7.108661
53.332649	156.892075	-7.088966
53.336288	156.889923	-7.097676
53.320877	156.893494	-7.091836
53.324772	156.886368	-7.089495
53.353870	156.885544	-7.103842
53.368454	156.895935	-7.110125
53.371670	156.896454	-7.111091
53.361511	156.892960	-7.109153
53.363056	156.897903	-7.102088
53.358208	156.896149	-7.097426
53.375259	156.897629	-7.106615
53.368912	156.893463	-7.104752
53.345207	156.892502	-7.094701
53.363045	156.893219	-7.103305
53.364498	156.901260	-7.103566
53.382980	156.908600	-7.106372
53.388012	156.905289	-7.112646
53.389614	156.917877	-7.116596
53.405472	156.914001	-7.114279
53.375439	156.886810	-7.111046
53.331242	156.876297	-7.103904
53.396187	156.885468	-7.117600
53.451065	156.909210	-7.134147
53.438072	156.914246	-7.124454
53.391159	156.892151	-7.108258
53.369762	156.872620	-7.109233
53.385818	156.883423	-7.111212
53.390312	156.887146	-7.111212
53.372360	156.889709	-7.106332
53.387871	156.886917	-7.108863
53.389816	156.884506	-7.118394
53.389618	156.889008	-7.112462
53.370388	156.869171	-7.114292
53.348198	156.870560	-7.112589
53.317387	156.870422	-7.097200
53.309319	156.871490	-7.101519
53.334053	156.878708	-7.102170
53.321560	156.872986	-7.096126
53.353443	156.883072	-7.106225
53.399841	156.897446	-7.115873
53.345161	156.890121	-7.098525
53.366077	156.901123	-7.104656
53.390209	156.901382	-7.107588
53.386078	156.908127	-7.107653
53.371838	156.914429	-7.098613
53.313122	156.897385	-7.083788
53.366959	156.911530	-7.099796
53.380753	156.913101	-7.096914
53.351101	156.927185	-7.093075
53.350971	156.911682	-7.084930
53.324699	156.901489	-7.085545
53.344635	156.899216	-7.096981
53.364189	156.908371	-7.100142
53.336945	156.891205	-7.095570
53.363647	156.914978	-7.096074
53.334534	156.900238	-7.087338
53.324589	156.899597	-7.078764
53.402023	156.913467	-7.103446
53.394707	156.923645	-7.101895
53.347412	156.885727	-7.090076
53.349396	156.890976	-7.094649
53.345451	156.882965	-7.099029
53.371185	156.895569	-7.105839
53.351765	156.879715	-7.104074
53.427856	156.893631	-7.125022
53.349682	156.888351	-7.109048
53.414719	156.906631	-7.122478
53.380909	156.902939	-7.106346
53.414654	156.912308	-7.128270
53.426563	156.922577	-7.118019
53.430889	156.915421	-7.115048
53.379253	156.902451	-7.105779
53.398674	156.925201	-7.104479
53.352467	156.917313	-7.089303
53.448463	156.932297	-7.125279
53.449257	156.939819	-7.124690
53.453415	156.915878	-7.124115
53.524281	156.938690	-7.140959
53.465118	156.914368	-7.118738
53.507813	156.930878	-7.141397
53.444809	156.927750	-7.120656
53.547771	156.937958	-7.150935
53.514214	156.928391	-7.139835
53.459610	156.919983	-7.118404
53.499023	156.932571	-7.127889
53.456055	156.934982	-7.116325
53.422859	156.935211	-7.110251
53.396004	156.910400	-7.105196
53.376682	156.906677	-7.098624
53.388100	156.902130	-7.102342
53.428963	156.925705	-7.114092
53.482006	156.947845	-7.130074
53.418976	156.935226	-7.108506
53.347652	156.923828	-7.094526
53.313019	156.905243	-7.086834
53.380787	156.920288	-7.108100
53.398228	156.940308	-7.104922
53.487473	156.948196	-7.130750
53.377708	156.913681	-7.099627
53.365711	156.905853	-7.103472
53.358074	156.930344	-7.094067
53.287800	156.912292	-7.065472
53.312592	156.912354	-7.083016
53.385071	156.921158	-7.104413
53.413784	156.922241	-7.112895
53.380764	156.917740	-7.105752
53.398956	156.926132	-7.120028
53.401562	156.928146	-7.114624
53.430485	156.933578	-7.120309
53.404762	156.920334	-7.116352
53.341270	156.909256	-7.084214
53.354343	156.927567	-7.091666
53.254337	156.904083	-7.065461
53.349083	156.921158	-7.091016
53.374207	156.917984	-7.104912
53.404331	156.913635	-7.114519
53.443478	156.924561	-7.125397
53.479168	156.922470	-7.136098
53.428997	156.917984	-7.119110
53.403461	156.929367	-7.109726
53.433983	156.921982	-7.118816
53.438831	156.918335	-7.116678
53.432930	156.910599	-7.120132
53.376987	156.910095	-7.105107
53.503864	156.940399	-7.135612
53.464428	156.929016	-7.126741
53.384689	156.901703	-7.106907
53.360729	156.898453	-7.099246
53.346371	156.891449	-7.093894
53.407547	156.909729	-7.115133
53.461689	156.931412	-7.133743
53.428909	156.931854	-7.126912
53.436474	156.953552	-7.129174
53.501003	156.961273	-7.143680
53.508179	156.959091	-7.142899
53.538746	156.958008	-7.157210
53.518967	156.947205	-7.146814
53.479340	156.939926	-7.136332
53.497841	156.941116	-7.140302
53.484085	156.932510	-7.130882
53.475288	156.932434	-7.134710
53.467789	156.927994	-7.128491
53.505875	156.908218	-7.131709
53.480957	156.922119	-7.129259
53.492207	156.923996	-7.124579
53.481628	156.917084	-7.118848
53.434029	156.909775	-7.108214
53.459324	156.915573	-7.115335
53.490749	156.925842	-7.122136
53.486092	156.925629	-7.121007
53.516365	156.925705	-7.139722
53.516861	156.924072	-7.130987
53.513332	156.927704	-7.132946
53.488354	156.933563	-7.117245
53.473392	156.911667	-7.115276
53.613846	156.941833	-7.149908
53.593498	156.953217	-7.148063
53.522549	156.909073	-7.134594
53.459682	156.913528	-7.119598
53.408615	156.903976	-7.104879
53.445801	156.925903	-7.107214
53.526234	156.931412	-7.125444
53.535912	156.927841	-7.128425
53.438812	156.910522	-7.117180
53.411770	156.901978	-7.117436
53.444897	156.911942	-7.122962
53.491543	156.937454	-7.131335
53.535404	156.933548	-7.143929
53.491142	156.918716	-7.126708
53.473679	156.916351	-7.119981
53.469307	156.911758	-7.120089
53.468975	156.908401	-7.118089
53.573380	156.930359	-7.141298
53.494034	156.925049	-7.129505
53.439671	156.919800	-7.125944
53.480446	156.930786	-7.131950
53.488255	156.931259	-7.131595
53.543720	156.954453	-7.138541
53.516487	156.938812	-7.137582
53.475533	156.926361	-7.134016
53.448917	156.922318	-7.124685
53.402206	156.912125	-7.115899
53.415771	156.911835	-7.112387
53.391258	156.894623	-7.106424
53.491558	156.906845	-7.135448
53.469303	156.917404	-7.127605
53.448009	156.921936	-7.121348
53.461983	156.912415	-7.118969
53.412388	156.896957	-7.105311
53.396740	156.911392	-7.100227
53.465160	156.930984	-7.121675
53.424614	156.914124	-7.117849
53.413246	156.884842	-7.111743
53.475323	156.911743	-7.129648
53.490292	156.925385	-7.131935
53.583042	156.940186	-7.146844
53.453098	156.921722	-7.108145
53.503292	156.921082	-7.123390
53.494236	156.926956	-7.125942
53.452068	156.923615	-7.125112
53.446537	156.926682	-7.113547
53.498730	156.940948	-7.130054
53.455467	156.925430	-7.117120
53.459007	156.923126	-7.120767
53.460140	156.929276	-7.121689
53.467800	156.929855	-7.121331
53.410507	156.913193	-7.106291
53.428761	156.915558	-7.112772
53.459221	156.909134	-7.113557
53.447102	156.909027	-7.112377
53.440037	156.917908	-7.113056
53.432426	156.922775	-7.106002
53.441727	156.917114	-7.104863
53.450676	156.927216	-7.111067
53.445168	156.937408	-7.113412
53.463024	156.938202	-7.118093
53.462605	156.938522	-7.106201
53.463314	156.925262	-7.112451
53.518219	156.921875	-7.128631
53.425274	156.912323	-7.110153
53.365658	156.904144	-7.104393
53.419544	156.916351	-7.111807
53.506672	156.922333	-7.124325
53.500214	156.930954	-7.119540
53.470402	156.926193	-7.118874
53.455345	156.914047	-7.121400
53.361504	156.892059	-7.102457
53.427731	156.921539	-7.117514
53.370934	156.906647	-7.099672
53.405182	156.910400	-7.112650
53.419582	156.919418	-7.122803
53.436668	156.912720	-7.121316
53.387341	156.898148	-7.101545
53.396446	156.908585	-7.105793
53.472176	156.926666	-7.125472
53.389965	156.887772	-7.115540
53.396564	156.889954	-7.117154
53.410770	156.915237	-7.106719
53.423809	156.926132	-7.115805
53.413563	156.920425	-7.116411
53.389820	156.920685	-7.113429
53.455994	156.922729	-7.131222
53.444431	156.917374	-7.123739
53.460819	156.927444	-7.122932
53.423805	156.910934	-7.113317
53.401718	156.901367	-7.112357
53.444836	156.908493	-7.120741
53.488895	156.912018	-7.132340
53.447624	156.903961	-7.124919
53.452682	156.915894	-7.121906
53.470165	156.916626	-7.123566
53.412479	156.912354	-7.120208
53.424473	156.919388	-7.124577
53.453587	156.932663	-7.122429
53.405548	156.924118	-7.108937
53.388046	156.923203	-7.100111
53.416130	156.922363	-7.100957
53.458752	156.918884	-7.126284
53.448605	156.906219	-7.122863
53.486694	156.925720	-7.135649
53.520309	156.943909	-7.137565
53.536133	156.945557	-7.139595
53.531639	156.937637	-7.154004
53.475948	156.925751	-7.139726
53.476143	156.923187	-7.141711
53.448471	156.933167	-7.124887
53.415821	156.939545	-7.113273
53.422791	156.937210	-7.122208
53.450146	156.942093	-7.133006
53.467075	156.938080	-7.130449
53.437000	156.928391	-7.123364
53.421082	156.924622	-7.116654
53.421711	156.923691	-7.116497
53.406624	156.928162	-7.103997
53.382397	156.930832	-7.099548
53.433456	156.937943	-7.109457
53.491722	156.948669	-7.119570
53.492210	156.942047	-7.131691
53.474045	156.929138	-7.118040
53.439938	156.919296	-7.110187
53.447514	156.915131	-7.118707
53.429039	156.921432	-7.110396
53.445076	156.916916	-7.121675
53.424461	156.911789	-7.118782
53.430717	156.906876	-7.114700
53.429241	156.903473	-7.122304
53.441795	156.900909	-7.120253
53.442341	156.905075	-7.122513
53.495056	156.916550	-7.123199
53.571705	156.936340	-7.145341
53.525715	156.919739	-7.135084
53.501476	156.903244	-7.129917
53.505436	156.915375	-7.126410
53.480888	156.909058	-7.113487
53.442390	156.908539	-7.114142
53.402142	156.904846	-7.113064
53.460838	156.920685	-7.131900
53.506008	156.929123	-7.129215
53.468315	156.903305	-7.134140
53.522179	156.920242	-7.136278
53.531315	156.917679	-7.128189
53.510963	156.930145	-7.136823
53.429916	156.922852	-7.121799
53.445145	156.896484	-7.129873
53.491871	156.937180	-7.122841
53.443733	156.910309	-7.118033
53.474789	156.917786	-7.124712
53.491917	156.907867	-7.132142
53.486351	156.910156	-7.133183
53.536064	156.917648	-7.131705
53.488064	156.911209	-7.133940
53.465816	156.912842	-7.124677
53.492271	156.939316	-7.135189
53.491398	156.941086	-7.138919
53.484917	156.930176	-7.141800
53.451008	156.901215	-7.132715
53.510227	156.915710	-7.138762
53.502659	156.912354	-7.138235
53.517254	156.933716	-7.124367
53.488079	156.920700	-7.131095
53.447968	156.925735	-7.130489
53.531532	156.928024	-7.147470
53.484379	156.929016	-7.144218
53.469631	156.923737	-7.131414
53.440212	156.913849	-7.137321
53.479034	156.919418	-7.136396
53.470093	156.913834	-7.149325
53.487629	156.955292	-7.130786
53.464802	156.945358	-7.133220
53.459969	156.943298	-7.136870
53.464741	156.943970	-7.135704
53.478054	156.943283	-7.133339
53.454666	156.936249	-7.130487
53.459839	156.923904	-7.138875
53.475807	156.923813	-7.125906
53.424252	156.928955	-7.131598
53.343472	156.905716	-7.121790
53.334343	156.903870	-7.104990
53.430538	156.919342	-7.120294
53.433361	156.900909	-7.125582
53.500263	156.914612	-7.143029
53.508202	156.940033	-7.135838
53.433903	156.910156	-7.120385
53.372841	156.886536	-7.126260
53.408154	156.912567	-7.126886
53.441612	156.909851	-7.130561
53.390171	156.900345	-7.119594
53.388653	156.916550	-7.114018
53.437954	156.930496	-7.130821
53.442219	156.937851	-7.135785
53.469738	156.925079	-7.127667
53.423939	156.923325	-7.137858
53.446281	156.922821	-7.131661
53.474380	156.936325	-7.135604
53.463329	156.936493	-7.146764
53.399166	156.940643	-7.144297
53.497150	156.946899	-7.145292
53.435528	156.927856	-7.147072
53.386074	156.905350	-7.149704
53.435589	156.938934	-7.155572
53.425842	156.922485	-7.153271
53.466553	156.935150	-7.144949
53.497158	156.954132	-7.149239
53.457932	156.949768	-7.160403
53.456249	156.922501	-7.140184
53.552113	156.955750	-7.149009
53.527203	156.953751	-7.145111
53.467464	156.919479	-7.141947
53.460785	156.957077	-7.162361
53.417343	156.922531	-7.161694
53.400597	156.927032	-7.146533
53.426224	156.942932	-7.162145
53.454124	156.936798	-7.165552
53.440060	156.906509	-7.155244
53.481201	156.930023	-7.165869
53.462757	156.933853	-7.173143
53.472519	156.920425	-7.161782
53.536705	156.944061	-7.173542
53.492813	156.925720	-7.173213
53.505409	156.941757	-7.177724
53.519703	156.947495	-7.174899
53.473137	156.931396	-7.166883
53.506081	156.955612	-7.167803
53.520966	156.944733	-7.172299
53.481720	156.944778	-7.175264
53.478443	156.938690	-7.173200
53.501221	156.934052	-7.166820
53.499657	156.930573	-7.162776
53.476048	156.928299	-7.174227
53.477608	156.936157	-7.173283
53.486725	156.935181	-7.160503
53.500500	156.935501	-7.163577
53.437557	156.902100	-7.161837
53.459202	156.919144	-7.161064
53.461811	156.917358	-7.171288
53.458771	156.925232	-7.167103
53.415287	156.892624	-7.151783
53.425163	156.896530	-7.148803
53.385052	156.894012	-7.155843
53.421326	156.936127	-7.170105
53.357372	156.908066	-7.166818
53.447735	156.931870	-7.172300
53.420162	156.916626	-7.170984
53.434750	156.915070	-7.170704
53.457745	156.927170	-7.190046
53.475422	156.920334	-7.167428
53.522457	156.939194	-7.162406
53.436001	156.923447	-7.177066
53.434097	156.923981	-7.168471
53.437218	156.907486	-7.165463
53.394646	156.895996	-7.173899
53.455494	156.931305	-7.176973
53.469852	156.910355	-7.174467
53.475143	156.913452	-7.171313
53.471855	156.936295	-7.179340
53.457005	156.934311	-7.179336
53.487789	156.941635	-7.175207
53.507290	156.952682	-7.177400
53.492619	156.945740	-7.179517
53.456406	156.918823	-7.182006
53.457233	156.918335	-7.192813
53.454514	156.904907	-7.176346
53.425720	156.886230	-7.155482
53.521282	156.917084	-7.157474
53.462105	156.898102	-7.157891
53.355164	156.872513	-7.161262
53.454102	156.867218	-7.145087
53.457035	156.890137	-7.160979
53.475101	156.875259	-7.146632
53.511753	156.901489	-7.153307
53.466679	156.876495	-7.148293
53.528801	156.902176	-7.149163
53.455410	156.876663	-7.128795
53.471466	156.883041	-7.122872
53.480705	156.905930	-7.145180
53.455460	156.887222	-7.126090
53.373104	156.857651	-7.116616
53.445400	156.898956	-7.135611
53.481316	156.892731	-7.140802
53.507332	156.900772	-7.135782
53.504440	156.895493	-7.137828
53.443413	156.889191	-7.128842
53.494873	156.908371	-7.131791
53.508766	156.913071	-7.141783
53.511139	156.904724	-7.147287
53.517551	156.902084	-7.133409
53.462189	156.886261	-7.134943
53.457355	156.879669	-7.133158
53.489616	156.877899	-7.122871
53.479851	156.881561	-7.125046
53.487026	156.890533	-7.130006
53.494129	156.894699	-7.123952
53.454697	156.884628	-7.125582
53.423904	156.887924	-7.131998
53.470398	156.895706	-7.130123
53.516090	156.879791	-7.123293
53.484077	156.876480	-7.119383
53.509354	156.891235	-7.134265
53.482498	156.885422	-7.124636
53.478172	156.877197	-7.118722
53.497295	156.893173	-7.117037
53.427898	156.876709	-7.113584
53.431103	156.894012	-7.118079
53.417034	156.871307	-7.115487
53.362209	156.857071	-7.127638
53.390808	156.871964	-7.123540
53.446548	156.893982	-7.121994
53.458889	156.896515	-7.133852
53.432079	156.895035	-7.120109
53.457104	156.899048	-7.125032
53.405567	156.890350	-7.118159
53.398060	156.882065	-7.108344
53.382877	156.877243	-7.119450
53.366856	156.880035	-7.115374
53.394180	156.883499	-7.123168
53.470951	156.910812	-7.120680
53.405396	156.870346	-7.117844
53.436264	156.899460	-7.113998
53.370384	156.894180	-7.117959
53.382481	156.876221	-7.117074
53.387672	156.890182	-7.117356
53.452858	156.903610	-7.133789
53.520695	156.906158	-7.135743
53.460060	156.900681	-7.134273
53.354435	156.878799	-7.132895
53.414234	156.894196	-7.126670
53.376583	156.871826	-7.137434
53.421410	156.874237	-7.125575
53.468716	156.875641	-7.123963
53.475403	156.873367	-7.132788
53.415947	156.891434	-7.129273
53.474339	156.902603	-7.130444
53.434387	156.896942	-7.126719
53.378017	156.872894	-7.145110
53.309299	156.867752	-7.144477
53.362171	156.907776	-7.130217
53.356075	156.880356	-7.154064
53.390259	156.889618	-7.157701
53.405201	156.868973	-7.151896
53.411034	156.891830	-7.141162
53.401722	156.889099	-7.139008
53.387344	156.879700	-7.149285
53.338642	156.867783	-7.155632
53.403427	156.876938	-7.149481
53.368847	156.861664	-7.149876
53.376457	156.871567	-7.150197
53.371796	156.886017	-7.154085
53.373894	156.864899	-7.168644
53.351799	156.849701	-7.164111
53.334835	156.847092	-7.171393
53.344826	156.833710	-7.158226
53.321583	156.867828	-7.159217
53.345417	156.847214	-7.153610
53.291672	156.816086	-7.181065
53.298611	156.828827	-7.168787
53.281990	156.838547	-7.155251
53.230469	156.829300	-7.171234
53.228905	156.835129	-7.181420
53.223999	156.838409	-7.179113
53.260967	156.836258	-7.169388
53.270943	156.832138	-7.150986
53.286800	156.839676	-7.163359
53.354885	156.849503	-7.147979
53.330811	156.837952	-7.136902
53.272953	156.842041	-7.146272
53.292152	156.840485	-7.142846
53.323536	156.842484	-7.137817
53.323338	156.871231	-7.139078
53.318424	156.873184	-7.148011
53.314125	156.862717	-7.140525
53.297150	156.851303	-7.152539
53.341690	156.843063	-7.149475
53.354916	156.839157	-7.150542
53.375931	156.844910	-7.138475
53.367516	156.845612	-7.138248
53.321392	156.838974	-7.144153
53.335358	156.860260	-7.139763
53.282619	156.842148	-7.161273
53.298405	156.847076	-7.159455
53.279930	156.833206	-7.172829
53.285084	156.830795	-7.175848
53.299488	156.834259	-7.166098
53.285229	156.834641	-7.188089
53.247452	156.827469	-7.195653
53.240105	156.826828	-7.197733
53.254044	156.827988	-7.182926
53.258339	156.819672	-7.185704
53.231514	156.829987	-7.184827
53.239780	156.824936	-7.182213
53.230610	156.804581	-7.185500
53.204082	156.802536	-7.203610
53.191040	156.796204	-7.222610
53.156067	156.775299	-7.244246
53.119152	156.804230	-7.242774
53.091530	156.789001	-7.263016
53.073349	156.793121	-7.291964
53.004730	156.789505	-7.314908
52.954967	156.791153	-7.310292
52.914627	156.791519	-7.331451
52.872547	156.794922	-7.331452
52.843769	156.794922	-7.351304
53.349403	156.883820	-7.193562
53.400818	156.890137	-7.169738
53.387161	156.873871	-7.198533
53.397995	156.866852	-7.182337
53.378990	156.865021	-7.196824
53.358311	156.868210	-7.197248
53.371948	156.877502	-7.185451
53.388512	156.875366	-7.170831
53.427475	156.871964	-7.168953
53.398842	156.866791	-7.163550
53.368481	156.868637	-7.164689
53.325356	156.867722	-7.177134
53.341846	156.874115	-7.166789
53.358673	156.870117	-7.163483
53.388874	156.876709	-7.144745
53.369114	156.885086	-7.166297
53.367359	156.878937	-7.157970
53.393040	156.875977	-7.154352
52.880131	156.799850	-7.340910
52.881248	156.799454	-7.331616
52.944309	156.811096	-7.312197
52.979763	156.811630	-7.306740
52.951374	156.805817	-7.313795
52.994896	156.800522	-7.288836
53.003582	156.795807	-7.284436
53.046535	156.804321	-7.270276
53.102745	156.832001	-7.244478
53.137276	156.828323	-7.215351
53.192596	156.839676	-7.209158
53.213287	156.837341	-7.181660
53.223839	156.854813	-7.186605
53.230873	156.855804	-7.174357
53.262318	156.847839	-7.169446
53.261616	156.855545	-7.174247
53.311695	156.864334	-7.149338
53.260597	156.877930	-7.156275
53.263870	156.885620	-7.149244
53.245651	156.879715	-7.152677
53.257607	156.869232	-7.149438
53.280739	156.892227	-7.134275
53.303383	156.894501	-7.134982
53.368423	156.888107	-7.123377
53.303059	156.884750	-7.136287
53.295155	156.882919	-7.114129
53.338287	156.898239	-7.112159
53.377899	156.920013	-7.108723
53.394257	156.900162	-7.102982
53.387863	156.884598	-7.121707
53.427788	156.898941	-7.127304
53.428837	156.913437	-7.126372
53.379520	156.911850	-7.114708
53.424591	156.904617	-7.134384
53.406906	156.923935	-7.128333
53.454227	156.903900	-7.138648
53.398663	156.900436	-7.131770
53.472347	156.904053	-7.143354
53.459888	156.912720	-7.132436
53.456142	156.907898	-7.132485
53.528797	156.904465	-7.153504
53.466442	156.907166	-7.146481
53.475964	156.902863	-7.154384
53.482243	156.911453	-7.151175
53.487541	156.916794	-7.144655
53.474056	156.913376	-7.141382
53.509159	156.914032	-7.147001
53.518555	156.907867	-7.163640
53.526794	156.904541	-7.164185
53.499664	156.909317	-7.135000
53.515366	156.910431	-7.146525
53.474163	156.926483	-7.135546
53.453945	156.926407	-7.116735
53.516178	156.949966	-7.136060
53.553356	156.940781	-7.145108
53.491264	156.917099	-7.145240
53.472198	156.927536	-7.139946
53.408180	156.907639	-7.123432
53.390217	156.908752	-7.117587
53.409279	156.902679	-7.131939
53.389442	156.898788	-7.121467
53.401447	156.912094	-7.121782
53.403870	156.913406	-7.116531
53.379890	156.915359	-7.116868
53.398232	156.917709	-7.122207
53.414486	156.913513	-7.130951
53.390888	156.911728	-7.124135
53.435410	156.911133	-7.134747
53.448696	156.916595	-7.138371
53.426952	156.914246	-7.129116
53.445160	156.923203	-7.134704
53.482140	156.915863	-7.140967
53.549103	156.940628	-7.152417
53.551502	156.927795	-7.152517
53.495968	156.925110	-7.149273
53.516743	156.929886	-7.138610
53.505295	156.924652	-7.144913
53.454479	156.925568	-7.135772
53.443260	156.923050	-7.122255
53.461571	156.934814	-7.129193
53.538334	156.938568	-7.147337
53.445213	156.926453	-7.128531
53.493076	156.930298	-7.144578
53.521442	156.921432	-7.149885
53.469223	156.913773	-7.138518
53.524521	156.946762	-7.144281
53.451466	156.941254	-7.128016
53.458595	156.918152	-7.129274
53.434982	156.938522	-7.116370
53.490623	156.940613	-7.153925
53.486835	156.948303	-7.130309
53.491875	156.933060	-7.149047
53.510540	156.930969	-7.147621
53.482735	156.922562	-7.144287
53.446754	156.932053	-7.133790
53.445671	156.929153	-7.117777
53.378078	156.903412	-7.115327
53.366814	156.862137	-7.107474
53.259277	156.845016	-7.074544
53.157875	156.781128	-7.061275
53.096874	156.755890	-7.055420
52.968609	156.673294	-7.057890
52.855915	156.656967	-7.033082
52.789333	156.619202	-7.050582
52.829235	156.639465	-7.035471
52.946880	156.669952	-7.081214
52.903465	156.640732	-7.096310
52.935215	156.692200	-7.076474
52.867626	156.660385	-7.081360
52.897869	156.683472	-7.050475
52.956234	156.684738	-7.082244
52.931934	156.703354	-7.074318
52.938435	156.705627	-7.084653
52.948036	156.711273	-7.087263
52.928654	156.712555	-7.091148
52.883926	156.695236	-7.098593
52.838047	156.700989	-7.107848
52.770168	156.694244	-7.103682
52.752068	156.702896	-7.106945
52.838314	156.726685	-7.121189
52.834759	156.754196	-7.112362
52.857307	156.762863	-7.108193
52.922894	156.770248	-7.111695
52.958412	156.789871	-7.105385
53.029282	156.818604	-7.104995
53.035301	156.832275	-7.132601
53.119457	156.838943	-7.134112
53.166611	156.865067	-7.127977
53.181488	156.878769	-7.127243
53.273285	156.891479	-7.136182
53.289902	156.894302	-7.125236
53.337887	156.892258	-7.131852
53.392445	156.906769	-7.143178
53.524403	156.939545	-7.147257
53.460278	156.954544	-7.148481
53.380314	156.929962	-7.138748
53.474144	156.934555	-7.135190
53.512550	156.945892	-7.129954
53.462326	156.918930	-7.144719
53.436081	156.926163	-7.130164
53.536003	156.943222	-7.138057
53.495953	156.948624	-7.130495
53.406044	156.941315	-7.127582
53.482906	156.938141	-7.139019
53.469238	156.947678	-7.120235
53.471123	156.946945	-7.126318
53.449951	156.949127	-7.127237
53.337769	156.934555	-7.093799
53.418976	156.948639	-7.106921
53.409523	156.963715	-7.115514
53.473278	156.970169	-7.115141
53.515812	156.977219	-7.120677
53.461063	156.956329	-7.123542
53.348255	156.960602	-7.074193
53.294846	156.962692	-7.061606
53.287052	156.973038	-7.069149
53.340927	156.977173	-7.078880
53.281326	156.978088	-7.072388
53.273762	156.981873	-7.067113
53.269955	157.011642	-7.062931
53.228958	157.003830	-7.044713
53.167213	157.002960	-7.038115
53.224907	157.017395	-7.041062
53.223545	157.009567	-7.043555
53.241959	157.023834	-7.058015
53.270107	157.014053	-7.059761
53.266285	157.012924	-7.044901
53.308468	157.008423	-7.050858
53.352188	156.953262	-7.069901
53.325100	156.956863	-7.076300
53.348949	156.940323	-7.090925
53.345173	156.915833	-7.088442
53.430912	156.956467	-7.115532
53.404617	156.963638	-7.100951
53.385235	156.961929	-7.106376
53.409119	156.944458	-7.118662
53.440968	156.940353	-7.120661
53.450722	156.946609	-7.119860
53.420307	156.950363	-7.106706
53.427296	156.963150	-7.099661
53.407204	156.945419	-7.117479
53.534370	156.951111	-7.131823
53.446903	156.942657	-7.105175
53.481709	156.955795	-7.127602
53.432999	156.943893	-7.114921
53.418919	156.946091	-7.105473
53.406242	156.955643	-7.106340
53.459385	156.948059	-7.133909
53.512150	156.938004	-7.148451
53.526321	156.951920	-7.152128
53.477646	156.953766	-7.146881
53.448322	156.924500	-7.122355
53.461147	156.943405	-7.141113
53.434959	156.938354	-7.123973
53.487659	156.942505	-7.148017
53.539825	156.944931	-7.168993
53.520454	156.935547	-7.151123
53.497669	156.919586	-7.144596
53.535248	156.935577	-7.158439
53.491524	156.945160	-7.132817
53.532032	156.945084	-7.166210
53.542316	156.958511	-7.186331
53.515545	156.938370	-7.156571
53.460411	156.943436	-7.130768
53.465504	156.927185	-7.127987
53.415276	156.935059	-7.108778
53.437153	156.947342	-7.114767
53.444138	156.959335	-7.117951
53.504528	156.949966	-7.148690
53.525093	156.959259	-7.159500
53.468925	156.972763	-7.135682
53.403862	156.970154	-7.109001
53.461643	156.996719	-7.148712
53.428009	156.989792	-7.121842
53.389198	156.986496	-7.099060
53.368797	157.004684	-7.092060
53.367237	156.996567	-7.098133
53.388649	157.005951	-7.111165
53.314590	157.006546	-7.072540
53.315128	157.012543	-7.074324
53.285084	157.002655	-7.058400
53.322407	157.025085	-7.074386
53.281681	157.025909	-7.056271
53.278233	157.027542	-7.067037
53.255203	157.042419	-7.055281
53.239853	157.068512	-7.056483
53.224884	157.060089	-7.052072
53.189335	157.054138	-7.037646
53.225082	157.049713	-7.051308
53.156357	157.050415	-7.020864
53.153969	157.053116	-7.033869
53.095814	157.047623	-7.007061
53.064182	157.067352	-6.996069
53.070065	157.058105	-6.995485
53.078075	157.076248	-7.003227
53.076469	157.056412	-7.002869
53.049820	157.074829	-6.986665
53.085518	157.062866	-7.004372
53.132259	157.048477	-7.012213
53.241337	157.052002	-7.051308
53.294277	157.011307	-7.077166
53.342899	157.005005	-7.100134
53.366505	156.996414	-7.102444
53.423145	156.994156	-7.116476
53.426773	156.988586	-7.123302
53.376984	156.951447	-7.088226
53.437889	156.965057	-7.130320
53.373627	156.978226	-7.076348
53.432381	156.966431	-7.118357
53.450184	156.949509	-7.132094
53.376202	156.933350	-7.081491
53.423943	156.932449	-7.103705
53.396835	156.939590	-7.089411
53.416592	156.939285	-7.096892
53.459888	156.949249	-7.137094
53.493702	156.945602	-7.161684
53.536270	156.959671	-7.176621
53.492161	156.953156	-7.152482
53.426159	156.923889	-7.117661
53.465900	156.925644	-7.146087
53.442791	156.929352	-7.138330
53.465832	156.954727	-7.150011
53.483803	156.950012	-7.168597
53.505871	156.959198	-7.183342
53.528702	156.966202	-7.197488
53.516449	156.958405	-7.198376
53.477432	156.912766	-7.178662
53.444759	156.936768	-7.152720
53.397423	156.894897	-7.133685
53.478466	156.938293	-7.178471
53.412003	156.927795	-7.131931
53.429276	156.917297	-7.141879
53.447071	156.922546	-7.165280
53.511501	156.916748	-7.187295
53.514515	156.930481	-7.186759
53.483482	156.925232	-7.169653
53.386436	156.926453	-7.117569
53.376377	156.922256	-7.121342
53.354034	156.904572	-7.121261
53.342117	156.868973	-7.105633
53.429176	156.889969	-7.151369
53.411098	156.914841	-7.134687
53.423664	156.925735	-7.147429
53.442348	156.927292	-7.165402
53.425068	156.932556	-7.148459
53.448280	156.937622	-7.158712
53.397953	156.926895	-7.133196
53.392998	156.905365	-7.133029
53.456741	156.892609	-7.161109
53.401299	156.889954	-7.149343
53.404503	156.889267	-7.159042
53.397636	156.881775	-7.160380
53.345810	156.866104	-7.130596
53.368114	156.863434	-7.136222
53.370724	156.852020	-7.149965
53.363918	156.857239	-7.157512
53.324429	156.850006	-7.141428
53.271736	156.841080	-7.115855
53.247646	156.816589	-7.114025
53.213120	156.804123	-7.091469
53.231831	156.803055	-7.099853
53.239964	156.815796	-7.108510
53.276512	156.816193	-7.123401
53.223087	156.820724	-7.096067
53.259834	156.804825	-7.112978
53.292274	156.836395	-7.123210
53.256454	156.821198	-7.109325
53.275471	156.851196	-7.116239
53.255623	156.837936	-7.104477
53.344662	156.852478	-7.145418
53.282497	156.855209	-7.100297
53.254395	156.847717	-7.079071
53.313366	156.868698	-7.117594
53.322708	156.874603	-7.121835
53.357384	156.875656	-7.134518
53.358578	156.870697	-7.135204
53.347847	156.872070	-7.128918
53.371326	156.861008	-7.136225
53.374187	156.841095	-7.151132
53.322407	156.826874	-7.132618
53.297256	156.857651	-7.108482
53.345280	156.868057	-7.142335
53.318359	156.855804	-7.135336
53.298431	156.844757	-7.132789
53.370277	156.835846	-7.170961
53.367519	156.835632	-7.162555
53.350601	156.834732	-7.160891
53.314182	156.830765	-7.149476
53.286366	156.818420	-7.138512
53.265759	156.829987	-7.111670
53.266632	156.841583	-7.110325
53.315830	156.837555	-7.138677
53.293411	156.835068	-7.129742
53.235970	156.816345	-7.116354
53.246616	156.827606	-7.123895
53.248623	156.842926	-7.115550
53.187809	156.797745	-7.115406
53.221912	156.804993	-7.132025
53.224617	156.823486	-7.130888
53.215954	156.829636	-7.124362
53.209427	156.825699	-7.117742
53.267189	156.833008	-7.137614
53.309544	156.850540	-7.138753
53.334766	156.838379	-7.145578
53.275532	156.842850	-7.118270
53.342308	156.846603	-7.137159
53.334713	156.840866	-7.132282
53.358433	156.861923	-7.136088
53.404110	156.866089	-7.141565
53.438766	156.872711	-7.157720
53.476711	156.882553	-7.155263
53.346077	156.858734	-7.120758
53.331108	156.856705	-7.118258
53.283924	156.855362	-7.105689
53.383873	156.830185	-7.162160
53.379391	156.856033	-7.144085
53.389347	156.853577	-7.152412
53.351688	156.851578	-7.137606
53.340240	156.853104	-7.132913
53.405922	156.851807	-7.137410
53.382702	156.838913	-7.152088
53.407425	156.854523	-7.142766
53.305103	156.839249	-7.126860
53.282665	156.841568	-7.127018
53.330132	156.847366	-7.139929
53.319908	156.856827	-7.128072
53.378765	156.874481	-7.115544
53.316299	156.853973	-7.114851
53.337883	156.881058	-7.114810
53.340008	156.890503	-7.106079
53.301495	156.871033	-7.109680
53.377392	156.885986	-7.114323
53.386158	156.886810	-7.119595
53.336525	156.882828	-7.113068
53.319603	156.885941	-7.108512
53.342381	156.879669	-7.117480
53.273132	156.890625	-7.095460
53.328777	156.903076	-7.108596
53.371872	156.900406	-7.104290
53.349102	156.903687	-7.091852
53.326290	156.902847	-7.090374
53.371033	156.908371	-7.100840
53.395573	156.906219	-7.112424
53.373734	156.906723	-7.111100
53.372181	156.903336	-7.109297
53.331161	156.899048	-7.112356
53.334187	156.884628	-7.098472
53.328987	156.881592	-7.114751
53.340183	156.906708	-7.109643
53.345337	156.890289	-7.120049
53.390381	156.906235	-7.118177
53.386692	156.893478	-7.121719
53.373520	156.896988	-7.119958
53.349804	156.887787	-7.141128
53.289413	156.856110	-7.135803
53.352833	156.853119	-7.134884
53.329464	156.866959	-7.130903
53.311943	156.851425	-7.129593
53.327034	156.865082	-7.124540
53.338520	156.845779	-7.130063
53.298939	156.850800	-7.154534
53.302132	156.857040	-7.144490
53.347210	156.861771	-7.155942
53.317245	156.856583	-7.153620
53.338940	156.859299	-7.136371
53.330482	156.858749	-7.152650
53.360905	156.866455	-7.149250
53.351372	156.856766	-7.151387
53.367241	156.876236	-7.136493
53.315304	156.855911	-7.161674
53.290665	156.837296	-7.164015
53.346867	156.856476	-7.142308
53.366829	156.835632	-7.154541
53.352024	156.824234	-7.164887
53.407372	156.862488	-7.146666
53.400032	156.842285	-7.142626
53.351807	156.862473	-7.141109
53.386024	156.879166	-7.148344
53.409306	156.882248	-7.142586
53.432247	156.879181	-7.126495
53.455780	156.879333	-7.144373
53.447205	156.864014	-7.147468
53.367428	156.854446	-7.162243
53.387444	156.859024	-7.161965
53.454029	156.871109	-7.163790
53.449982	156.851944	-7.158649
53.413124	156.854324	-7.183462
53.420143	156.848633	-7.175824
53.409485	156.867111	-7.168983
53.438690	156.874847	-7.177882
53.441204	156.886078	-7.167633
53.444565	156.876144	-7.158737
53.400223	156.861343	-7.182358
53.412636	156.847824	-7.179618
53.418625	156.850754	-7.163469
53.409451	156.856003	-7.165513
53.414143	156.861420	-7.164452
53.414906	156.865326	-7.157586
53.437817	156.863083	-7.166313
53.460392	156.881851	-7.167125
53.450504	156.855652	-7.195574
53.455597	156.861893	-7.203843
53.434444	156.878601	-7.205954
53.432289	156.877258	-7.195475
53.445648	156.884903	-7.187491
53.487549	156.888565	-7.201712
53.434887	156.863876	-7.233255
53.414425	156.864182	-7.237170
53.417652	156.865875	-7.235747
53.435444	156.886002	-7.210419
53.447372	156.885269	-7.218328
53.430122	156.875443	-7.227170
53.423271	156.858261	-7.245843
53.456688	156.869217	-7.218234
53.450954	156.880600	-7.224813
53.476505	156.888229	-7.192244
53.481411	156.883942	-7.189915
53.490753	156.896179	-7.204435
53.491486	156.880966	-7.174940
53.521103	156.868103	-7.182389
53.516125	156.868973	-7.180269
53.500618	156.884048	-7.182652
53.505859	156.879669	-7.173023
53.487782	156.884857	-7.184427
53.477680	156.878113	-7.201910
53.497322	156.885071	-7.182838
53.524223	156.883301	-7.179728
53.521702	156.884949	-7.174008
53.520905	156.880646	-7.165954
53.519676	156.875885	-7.168895
53.517895	156.879059	-7.175004
53.501148	156.875580	-7.164325
53.513470	156.879013	-7.175541
53.515114	156.890396	-7.158707
53.521057	156.877670	-7.164477
53.515911	156.874771	-7.177532
53.470600	156.871017	-7.195247
53.488152	156.866241	-7.193086
53.486904	156.867004	-7.183860
53.506325	156.873566	-7.190124
53.484058	156.874893	-7.189162
53.500046	156.876251	-7.185536
53.507713	156.876572	-7.195560
53.493179	156.868652	-7.204586
53.435574	156.859573	-7.205911
53.452389	156.869965	-7.200062
53.465519	156.876755	-7.178720
53.463139	156.859100	-7.200321
53.449890	156.855316	-7.204556
53.430626	156.850891	-7.197326
53.424274	156.839188	-7.195264
53.431484	156.846527	-7.198429
53.428806	156.839081	-7.210626
53.449589	156.844788	-7.192154
53.443287	156.833023	-7.191841
53.486443	156.835480	-7.176526
53.481827	156.838654	-7.180999
53.514042	156.846481	-7.188706
53.497890	156.863876	-7.197473
53.481743	156.867172	-7.199754
53.491905	156.857315	-7.212640
53.455643	156.868134	-7.211225
53.438164	156.848434	-7.211809
53.507557	156.879608	-7.189575
53.499409	156.872437	-7.188363
53.505413	156.832764	-7.190640
53.482220	156.837509	-7.196163
53.469440	156.839996	-7.215550
53.460636	156.856491	-7.198248
53.429611	156.844299	-7.211389
53.456150	156.854721	-7.178497
53.472187	156.860870	-7.175320
53.467556	156.855469	-7.168441
53.449654	156.861969	-7.174663
53.421974	156.840591	-7.180852
53.422512	156.838333	-7.176120
53.412029	156.817871	-7.163906
53.392578	156.813950	-7.160986
53.382481	156.791306	-7.160470
53.381733	156.801086	-7.149726
53.376598	156.785797	-7.121692
53.356998	156.787872	-7.126147
53.350266	156.790207	-7.136055
53.334328	156.794952	-7.152973
53.356403	156.789307	-7.138810
53.356274	156.790680	-7.127815
53.302193	156.774231	-7.150670
53.317909	156.764542	-7.141774
53.257164	156.726685	-7.153455
53.258121	156.710571	-7.133870
53.281406	156.691498	-7.112666
53.254688	156.686844	-7.093517
53.246403	156.695480	-7.096538
53.263256	156.679932	-7.087214
53.188560	156.645905	-7.086394
53.156376	156.624557	-7.085060
53.204044	156.656799	-7.079885
53.232994	156.665146	-7.058101
53.186481	156.624298	-7.088672
53.189514	156.629044	-7.069423
53.135860	156.625443	-7.097651
53.113003	156.573746	-7.092754
53.170296	156.589508	-7.044646
53.124897	156.563553	-7.060100
53.105923	156.555908	-7.066438
53.175144	156.605942	-7.044172
53.019745	156.534607	-7.086859
53.115818	156.690002	-7.088268
53.110004	156.709137	-7.100433
53.088814	156.700943	-7.099357
53.207523	156.786362	-7.071276
53.200199	156.795959	-7.084309
53.189297	156.765289	-7.129582
53.265839	156.812317	-7.096719
53.344692	156.843842	-7.108150
53.284477	156.823761	-7.139109
53.310688	156.849625	-7.151197
53.119789	156.732697	-7.228092
53.308491	156.814774	-7.178093
53.397255	156.844452	-7.183201
53.413483	156.864075	-7.175245
53.452881	156.869415	-7.170870
53.425697	156.867859	-7.189357
53.412426	156.849808	-7.213877
53.470280	156.866333	-7.185429
53.457935	156.872604	-7.180554
53.450771	156.850220	-7.188415
53.463272	156.872894	-7.201530
53.460361	156.888428	-7.195634
53.453499	156.881958	-7.192767
53.434315	156.873947	-7.222201
53.436165	156.888077	-7.237728
53.444256	156.916016	-7.231181
53.416935	156.935959	-7.223395
53.433403	156.927124	-7.239158
53.472672	156.930786	-7.229023
53.415554	156.948593	-7.240148
53.397469	156.963196	-7.233693
53.411209	156.958023	-7.233266
53.434505	156.953934	-7.237175
53.397503	156.953156	-7.224169
53.372211	156.945389	-7.247104
53.387108	156.970169	-7.226756
53.388432	156.966904	-7.236128
53.406162	156.964584	-7.221008
53.453011	156.958389	-7.208591
53.449486	156.968124	-7.197664
53.430782	156.978287	-7.201201
53.448860	156.987823	-7.186782
53.438709	156.981506	-7.189930
53.434158	156.984497	-7.183530
53.409534	156.975250	-7.199835
53.409306	156.974457	-7.193025
53.414963	156.982239	-7.201005
53.418369	156.974182	-7.209268
53.433395	156.997971	-7.194674
53.434616	157.012497	-7.182857
53.382328	156.992355	-7.204383
53.375252	156.999054	-7.208245
53.342110	157.018784	-7.208292
53.308102	157.006027	-7.223464
53.237793	157.010895	-7.187418
53.236954	157.012833	-7.183978
53.205933	157.018265	-7.170378
53.225014	157.017899	-7.175866
53.221416	157.016052	-7.170304
53.180271	157.022873	-7.186619
53.144615	157.027542	-7.190098
53.263252	157.064651	-7.205725
53.198139	157.044250	-7.174653
53.199028	157.031952	-7.163621
53.185116	157.027435	-7.184343
53.250374	157.027496	-7.171179
53.278530	156.998718	-7.192042
53.264427	156.992279	-7.213647
53.292721	157.023010	-7.194805
53.340801	157.026230	-7.177591
53.252090	157.010574	-7.216929
53.300228	157.015808	-7.194407
53.289116	156.992981	-7.212015
53.296921	156.985794	-7.208159
53.302971	156.983398	-7.189616
53.251812	156.988907	-7.196681
53.236412	157.010651	-7.213310
53.297478	157.000610	-7.192687
53.304859	157.003876	-7.215061
53.267025	157.012039	-7.235208
53.347134	157.020294	-7.192134
53.230904	157.014542	-7.207052
53.211807	157.035934	-7.214970
53.193501	157.032364	-7.194144
53.189720	157.043701	-7.197649
53.168236	157.046646	-7.206529
53.141819	157.056137	-7.221620
53.158901	157.070450	-7.215719
53.133144	157.060471	-7.211481
53.141762	157.069717	-7.208098
53.184910	157.104797	-7.207210
53.089443	157.104614	-7.238599
53.117882	157.116486	-7.208827
53.054321	157.104279	-7.207485
53.052464	157.100204	-7.228503
53.040600	157.101349	-7.225038
53.050098	157.120499	-7.209142
53.111145	157.127594	-7.200727
53.084637	157.130981	-7.208775
53.013733	157.139175	-7.235421
52.975422	157.138016	-7.214570
52.911701	157.144272	-7.199605
52.797680	157.167786	-7.245535
53.170635	157.261551	-7.196471
52.994644	157.218979	-7.196836
53.037868	157.232483	-7.252931
53.054012	157.226471	-7.201783
52.884224	157.220078	-7.259436
53.253651	157.284439	-7.142893
53.165760	157.250671	-7.219233
53.047058	157.256302	-7.223515
52.693810	157.235107	-7.305704
53.024235	157.258179	-7.262395
53.158699	157.277100	-7.207328
52.994595	157.286163	-7.188662
53.075985	157.293045	-7.223373
53.069260	157.250595	-7.207424
52.762241	157.193115	-7.253196
52.718395	157.185593	-7.211028
52.770302	157.187393	-7.186861
52.981144	157.188858	-7.180466
52.973152	157.167435	-7.207774
53.038567	157.135056	-7.185157
53.157711	157.135162	-7.185653
53.118855	157.127930	-7.193203
53.139755	157.099152	-7.174246
53.174088	157.042938	-7.170571
53.201847	157.000244	-7.184080
53.178677	156.972168	-7.172102
53.198689	156.976059	-7.174477
53.213921	156.978485	-7.174741
53.187630	156.962891	-7.181630
53.264168	156.981766	-7.164199
53.280922	156.997070	-7.162056
53.266579	156.998138	-7.172240
53.293587	156.989548	-7.158158
53.304428	156.989014	-7.158382
53.285244	156.981674	-7.156150
53.314014	156.983566	-7.167373
53.293388	156.985016	-7.146967
53.253735	156.988525	-7.155077
53.245529	156.984512	-7.141686
53.219303	156.986145	-7.158793
53.222610	156.980484	-7.162028
53.218849	156.980850	-7.140862
53.201637	156.979630	-7.144399
53.202606	156.977158	-7.149329
53.222763	156.979279	-7.134580
53.251816	156.982620	-7.140825
53.293308	157.000061	-7.144157
53.252811	156.985992	-7.120573
53.191624	156.986908	-7.125933
53.228561	156.995499	-7.133861
53.269161	157.003647	-7.125595
53.297523	156.990967	-7.124269
53.221935	156.991135	-7.124341
53.265003	157.005554	-7.108869
53.289452	157.009918	-7.114685
53.324451	157.007248	-7.117815
53.300606	156.999252	-7.112988
53.342472	156.984818	-7.116955
53.435093	156.969299	-7.107242
53.484280	156.959549	-7.123163
53.537251	156.935593	-7.114619
53.485889	156.929688	-7.121160
53.421146	156.917526	-7.134937
53.440578	156.924332	-7.128568
53.431938	156.920517	-7.139972
53.499817	156.940292	-7.140051
53.474251	156.904434	-7.132953
53.504269	156.932281	-7.128026
53.519878	156.924164	-7.137908
53.430939	156.925003	-7.142692
53.471672	156.937515	-7.154837
53.496845	156.924820	-7.157045
53.480129	156.924698	-7.152742
53.513142	156.924973	-7.162132
53.519573	156.921936	-7.144982
53.520264	156.906708	-7.153809
53.515549	156.903061	-7.162734
53.477913	156.915100	-7.185667
53.453114	156.917618	-7.188980
53.463249	156.916473	-7.168069
53.456059	156.924286	-7.181738
53.464855	156.912003	-7.193064
53.448471	156.917816	-7.190111
53.451565	156.901001	-7.212293
53.420132	156.911194	-7.212959
53.437744	156.927292	-7.192651
53.462414	156.930038	-7.188518
53.435295	156.931778	-7.202491
53.424480	156.931580	-7.214983
53.423794	156.939224	-7.214102
53.424210	156.924377	-7.215669
53.494736	156.928207	-7.210768
53.461769	156.926529	-7.213827
53.446064	156.922348	-7.203673
53.438572	156.916092	-7.200998
53.460308	156.921265	-7.215580
53.484055	156.921219	-7.198484
53.475876	156.922928	-7.211937
53.491879	156.917343	-7.203325
53.446960	156.895386	-7.210502
53.432430	156.888794	-7.213770
53.419632	156.892136	-7.231093
53.410118	156.895248	-7.226218
53.398041	156.918732	-7.230995
53.425022	156.938141	-7.220809
53.443031	156.948730	-7.242867
53.457508	156.950302	-7.258760
53.476414	156.933792	-7.260468
53.444004	156.922409	-7.264947
53.464130	156.938019	-7.272054
53.442085	156.955154	-7.275315
53.432011	156.952072	-7.293810
53.432926	156.954880	-7.293625
53.422352	156.952698	-7.272937
53.426945	156.945938	-7.293774
53.432285	156.942230	-7.308646
53.423073	156.942734	-7.301391
53.400703	156.954468	-7.306064
53.402061	156.943130	-7.316546
53.393810	156.935211	-7.313827
53.393467	156.945023	-7.309785
53.377460	156.930176	-7.332173
53.363583	156.943771	-7.340242
53.358780	156.943161	-7.323346
53.369900	156.943527	-7.315297
53.369598	156.939865	-7.333928
53.363773	156.934448	-7.330940
53.403160	156.941299	-7.323718
53.392265	156.943665	-7.321517
53.377396	156.943665	-7.325529
53.380150	156.942490	-7.333779
53.385639	156.946442	-7.344438
53.376919	156.944061	-7.333531
53.377327	156.942078	-7.319996
53.382919	156.935532	-7.328128
53.385834	156.935181	-7.342244
53.383045	156.946976	-7.345375
53.386677	156.931473	-7.349732
53.381931	156.932480	-7.344159
53.389343	156.931458	-7.360956
53.374599	156.931473	-7.364910
53.371994	156.927689	-7.348179
53.357548	156.931808	-7.363208
53.359261	156.936478	-7.352773
53.348537	156.945007	-7.370236
53.361115	156.942276	-7.356328
53.376827	156.951111	-7.367806
53.383163	156.952133	-7.351964
53.414265	156.955505	-7.351293
53.398514	156.960205	-7.352287
53.367672	156.961472	-7.364999
53.378487	156.954117	-7.353826
53.391312	156.943634	-7.332845
53.368061	156.948349	-7.357951
53.370354	156.947784	-7.362002
53.377975	156.960480	-7.357840
53.376995	156.979416	-7.349991
53.366024	156.975769	-7.363039
53.355255	156.967316	-7.380933
53.375797	156.955872	-7.358363
53.354256	156.955139	-7.348563
53.376907	156.953354	-7.339188
53.377602	156.962479	-7.313840
53.370102	156.964737	-7.329387
53.383850	156.996826	-7.361777
53.416389	157.004349	-7.310094
53.396091	156.973038	-7.308085
53.354561	156.942535	-7.336779
53.424805	156.992203	-7.331534
53.359985	156.952927	-7.342305
53.424351	156.985550	-7.307222
53.414841	156.984634	-7.305717
53.413063	156.964676	-7.321419
53.441292	156.979767	-7.297362
53.366539	156.985397	-7.313337
53.392426	156.987198	-7.299207
53.451225	157.016418	-7.256955
53.435448	156.999557	-7.254709
53.395447	156.995667	-7.233570
53.397446	157.000290	-7.241674
53.326164	157.013229	-7.205118
53.335979	157.004700	-7.183597
53.338070	157.016388	-7.181597
53.316257	157.021439	-7.180934
53.336628	157.007751	-7.176298
53.332642	157.009659	-7.169220
53.294937	157.016769	-7.182034
53.340862	157.006760	-7.169065
53.316292	157.018494	-7.154098
53.330994	156.998947	-7.149226
53.263371	157.012741	-7.155955
53.275234	157.017395	-7.133174
53.268673	157.014359	-7.133188
53.250221	157.013260	-7.133487
53.256256	157.006744	-7.113584
53.223614	157.022064	-7.125947
53.238941	157.011658	-7.099810
53.246460	157.022522	-7.075314
53.229233	157.017609	-7.088244
53.230156	157.024506	-7.075628
53.174271	157.032700	-7.091279
53.207554	157.043427	-7.080412
53.209095	157.016205	-7.093494
53.259098	156.994873	-7.091108
53.297195	156.982971	-7.092165
53.312904	156.980698	-7.089482
53.334202	156.972931	-7.071886
53.301918	156.988190	-7.098817
53.278790	156.995865	-7.092875
53.279068	156.994965	-7.075370
53.330276	156.986725	-7.069158
53.421848	156.977371	-7.083852
53.426716	156.976120	-7.094368
53.393860	156.992752	-7.091118
53.427998	156.980499	-7.087550
53.449474	156.979553	-7.091347
53.433258	156.953125	-7.106399
53.484829	156.948105	-7.111172
53.430374	156.955551	-7.101598
53.508644	156.950851	-7.102966
53.438499	156.955017	-7.105549
53.463379	156.951431	-7.097770
53.437675	156.954620	-7.110019
53.453087	156.953781	-7.110584
53.466026	156.962769	-7.106460
53.488422	156.958817	-7.106439
53.417713	156.949661	-7.098618
53.455723	156.949524	-7.102458
53.506470	156.927460	-7.136781
53.465904	156.934464	-7.126357
53.446697	156.946335	-7.112306
53.411736	156.946915	-7.100542
53.432671	156.942886	-7.114097
53.425072	156.948181	-7.099244
53.485058	156.938644	-7.122228
53.488770	156.938629	-7.127531
53.457027	156.941757	-7.117629
53.463135	156.945557	-7.125529
53.506145	156.933640	-7.144583
53.517044	156.943558	-7.139996
53.533562	156.942123	-7.149822
53.490730	156.931519	-7.156808
53.491009	156.940598	-7.149133
53.517426	156.943405	-7.152606
53.467438	156.947052	-7.134098
53.498478	156.940704	-7.148994
53.512932	156.938309	-7.165466
53.490471	156.943771	-7.149010
53.444500	156.948868	-7.129375
53.444710	156.953354	-7.134066
53.493904	156.958786	-7.139488
53.496468	156.961700	-7.135076
53.456673	156.970673	-7.117264
53.564911	156.975876	-7.141655
53.479774	156.975418	-7.127703
53.535645	156.971436	-7.154473
53.500118	156.971161	-7.135982
53.501316	156.981689	-7.127783
53.537704	156.980530	-7.142345
53.625969	156.979965	-7.181092
53.475193	156.969482	-7.130173
53.544243	156.942947	-7.180475
53.501938	156.936462	-7.168017
53.498528	156.948471	-7.160172
53.472088	156.962860	-7.139265
53.511421	156.967239	-7.138570
53.476871	156.968689	-7.123518
53.493969	156.967453	-7.134769
53.483177	156.975296	-7.129661
53.509800	156.985504	-7.140213
53.503071	156.998123	-7.134413
53.475922	156.979477	-7.120269
53.496243	156.989395	-7.137341
53.514133	156.992996	-7.149226
53.540741	157.007187	-7.157507
53.563225	157.002289	-7.178845
53.564045	157.006256	-7.178784
53.536091	157.000229	-7.170982
53.533890	156.988953	-7.181939
53.538044	156.986313	-7.188142
53.492905	156.977036	-7.158477
53.508007	157.004379	-7.164681
53.523682	157.003662	-7.164880
53.493874	156.999451	-7.154419
53.474854	156.992477	-7.147203
53.454273	156.981964	-7.133679
53.413883	156.972977	-7.116128
53.430820	156.984039	-7.117486
53.446621	156.980164	-7.121128
53.426678	156.975647	-7.116736
53.457653	156.976746	-7.130772
53.413895	156.974869	-7.105021
53.456406	156.994095	-7.127945
53.474888	156.998032	-7.132594
53.446907	157.007080	-7.127139
53.468613	157.012955	-7.139855
53.466930	157.016479	-7.134123
53.456741	157.020493	-7.126331
53.452667	157.015457	-7.131092
53.420788	157.003250	-7.118636
53.411446	156.996094	-7.109110
53.414055	156.995071	-7.107102
53.419724	156.996017	-7.105318
53.468639	156.999329	-7.138321
53.449150	156.990265	-7.141062
53.450718	156.986771	-7.139359
53.469513	156.989349	-7.146383
53.463440	156.972748	-7.143032
53.470634	156.966232	-7.159337
53.516243	156.982117	-7.182313
53.507431	156.978989	-7.185754
53.499962	156.961288	-7.194652
53.537991	156.976486	-7.208846
53.493851	156.973267	-7.188422
53.485329	156.956131	-7.188449
53.479824	156.951584	-7.194014
53.465538	156.941193	-7.188264
53.423111	156.917847	-7.176005
53.392727	156.905548	-7.168858
53.425991	156.919876	-7.189556
53.401966	156.910782	-7.180548
53.370041	156.894302	-7.163882
53.313465	156.870560	-7.146539
53.299953	156.860931	-7.133928
53.267109	156.858688	-7.125793
53.296482	156.872482	-7.151321
53.294537	156.877365	-7.144626
53.336338	156.882492	-7.171116
53.305786	156.880875	-7.165650
53.240902	156.856094	-7.130473
53.162766	156.820114	-7.103016
53.163181	156.819641	-7.106365
53.123581	156.799850	-7.086901
53.179222	156.839523	-7.109977
53.158936	156.831360	-7.092314
53.197811	156.845200	-7.098196
53.224804	156.855743	-7.108199
53.282413	156.871887	-7.123492
53.296825	156.877548	-7.130057
53.315224	156.891403	-7.144852
53.344002	156.913086	-7.144982
53.374126	156.907715	-7.169443
53.381966	156.908630	-7.154467
53.430412	156.934708	-7.183612
53.431755	156.925110	-7.173659
53.444492	156.940979	-7.167284
53.373886	156.930496	-7.129026
53.488312	156.956329	-7.191335
53.479702	156.976593	-7.184851
53.496143	156.988708	-7.184008
53.510342	156.987869	-7.179378
53.510899	156.987000	-7.168993
53.487720	156.988220	-7.152637
53.475780	156.980682	-7.148256
53.416050	156.957260	-7.105020
53.349308	156.943497	-7.062441
53.338833	156.946808	-7.057904
53.397694	156.959549	-7.112343
53.344063	156.984909	-7.058570
53.334881	156.987534	-7.060782
53.413853	156.998230	-7.116547
53.380863	157.001144	-7.098269
53.413033	157.019287	-7.122542
53.361435	157.027802	-7.075222
53.289310	157.014725	-7.025781
53.334587	157.039413	-7.058111
53.346321	157.020889	-7.072361
53.325108	157.032242	-7.051295
53.317150	157.019424	-7.065284
53.319229	157.026123	-7.055222
53.339241	157.017975	-7.068219
53.309505	157.037338	-7.046579
53.325077	157.034653	-7.062528
53.305893	157.039978	-7.050125
53.307865	157.038712	-7.070184
53.319176	157.038681	-7.087966
53.342655	157.052505	-7.115693
53.351830	157.033020	-7.125535
53.325424	157.014267	-7.101665
53.317402	157.033142	-7.099483
53.329845	157.011703	-7.111022
53.314960	157.012253	-7.099034
53.334816	157.020523	-7.111214
53.314262	157.025299	-7.078789
53.266502	157.026840	-7.063829
53.298481	157.016479	-7.098328
53.293938	157.024826	-7.069397
53.322128	157.040009	-7.102728
53.313122	157.023956	-7.090125
53.309200	157.018921	-7.099648
53.291954	157.028076	-7.088125
53.262653	157.027710	-7.071680
53.246708	157.051208	-7.075044
53.197090	157.033829	-7.028733
53.255081	157.050430	-7.083670
53.186131	157.041199	-7.049814
53.184669	157.044418	-7.047921
53.237186	157.023956	-7.091444
53.273109	157.018692	-7.095258
53.273808	157.020752	-7.101100
53.231243	157.028717	-7.070596
53.226471	157.024384	-7.072324
53.269272	157.001633	-7.110054
53.267963	156.999496	-7.099318
53.260208	156.995544	-7.086153
53.316017	157.000351	-7.128967
53.349728	156.995071	-7.166414
53.341591	156.989029	-7.143586
53.327477	156.990005	-7.116158
53.329113	157.000031	-7.116598
53.303616	157.024750	-7.104733
53.289505	157.021805	-7.095783
53.311333	157.020584	-7.110010
53.289356	157.016098	-7.091742
53.289028	157.018402	-7.100852
53.261639	157.028366	-7.092018
53.318226	157.021713	-7.128399
53.305286	157.019333	-7.123124
53.249840	157.025894	-7.095983
53.202633	157.037674	-7.068954
53.171459	157.040497	-7.054955
53.194195	157.037643	-7.080196
53.179203	157.021393	-7.073237
53.183647	157.033340	-7.090933
53.196247	157.035248	-7.083347
53.241188	157.035477	-7.097101
53.220230	157.034073	-7.086411
53.197865	157.032242	-7.082229
53.263912	157.024948	-7.114050
53.252110	157.021072	-7.099796
53.237469	157.016403	-7.082034
53.238331	157.039841	-7.096981
53.241428	157.020859	-7.078327
53.253239	157.031174	-7.090770
53.264004	157.008499	-7.091527
53.282536	157.004074	-7.101325
53.169537	157.033646	-7.056522
53.207317	157.037613	-7.088450
53.218971	157.031693	-7.110016
53.094566	157.051086	-7.047816
53.094616	157.058640	-7.048663
53.146053	157.050446	-7.081203
53.144886	157.056839	-7.078756
53.160622	157.048569	-7.096724
53.177979	157.055069	-7.104445
53.196697	157.047867	-7.116348
53.211815	157.032837	-7.111971
53.261284	157.020279	-7.126480
53.258957	157.015320	-7.119350
53.280014	157.021927	-7.127799
53.289181	157.024475	-7.131269
53.304455	157.020142	-7.133067
53.292397	156.996216	-7.109539
53.297050	156.989838	-7.084804
53.451515	156.989578	-7.176454
53.393417	156.982483	-7.130883
53.403889	156.979874	-7.134809
53.385082	156.962570	-7.119460
53.467365	156.965256	-7.164695
53.494774	156.955765	-7.167746
53.464520	156.951187	-7.135926
53.454487	156.955383	-7.134423
53.489506	156.947189	-7.144162
53.525967	156.957031	-7.172111
53.490093	156.965134	-7.161067
53.510521	156.957886	-7.153467
53.461391	156.936996	-7.134204
53.468002	156.925308	-7.140160
53.471901	156.924362	-7.133622
53.378159	156.922256	-7.108625
53.400093	156.916992	-7.114232
53.351543	156.914001	-7.090291
53.398300	156.904709	-7.120638
53.397263	156.906052	-7.113039
53.429382	156.913818	-7.125050
53.426765	156.916931	-7.129969
53.427212	156.906250	-7.123060
53.485603	156.929688	-7.144278
53.423233	156.905792	-7.116508
53.376579	156.894852	-7.102481
53.403278	156.904755	-7.112653
53.391666	156.911758	-7.099631
53.376633	156.900681	-7.102024
53.405884	156.893127	-7.105100
53.434727	156.918549	-7.112027
53.421860	156.927032	-7.114371
53.381813	156.904999	-7.108256
53.463676	156.922485	-7.124239
53.443611	156.913452	-7.111818
53.480686	156.913666	-7.119011
53.498177	156.918839	-7.131011
53.462082	156.927505	-7.123259
53.467926	156.922058	-7.131313
53.454792	156.935211	-7.126213
53.448288	156.925034	-7.132009
53.496964	156.922302	-7.138536
53.452438	156.904297	-7.125274
53.482590	156.903366	-7.114348
53.468327	156.897385	-7.128940
53.512894	156.919357	-7.135087
53.458874	156.921753	-7.122938
53.435219	156.934799	-7.123719
53.474056	156.935471	-7.116068
53.488102	156.939255	-7.118710
53.433849	156.931015	-7.120096
53.522446	156.931702	-7.122916
53.443531	156.908081	-7.115353
53.391670	156.909866	-7.105131
