  6.9813901e+000  2.1328994e+001 -9.0646179e+001
  7.1749419e+000  1.8697709e+001 -1.0301718e+002
  8.4953023e+000  1.1483737e+001 -1.0302615e+002
  1.3409375e+001  1.2358986e+001 -8.8955587e+001
  1.4909375e+001  5.1719804e+000 -1.0198061e+002
  1.5075844e+001  4.9649954e+000 -1.0641622e+002
  1.5159996e+001  1.2516761e+001 -1.0809671e+002
  1.3565879e+001  2.8115086e+001 -9.4654535e+001
  1.4023033e+001  2.7221567e+001 -1.0015720e+002
  1.4241289e+001  2.7359167e+001 -1.0467957e+002
  1.9563568e+001  7.1595646e+000 -9.7171242e+001
  1.7398831e+001  3.5093526e+001 -1.1123342e+002
  2.4199227e+001  1.4468705e+001 -1.0946513e+002
  2.9933663e+001  8.9165909e+000 -1.1047644e+002
  3.7143957e+001  1.1699513e+001 -1.0792318e+002
  4.5708921e+001  3.1698815e+001 -1.1208841e+002
  4.5715737e+001  2.9947088e+001 -1.1623083e+002
  4.7806577e+001  1.8577066e+001 -1.0841794e+002
  4.9539784e+001  1.3071249e+001 -1.0581191e+002
  5.4904643e+001  1.1149622e+001 -9.6200970e+001
  5.4808460e+001  2.0760635e+001 -9.2037185e+001
  5.5453410e+001  1.7429836e+001 -9.1342079e+001
  5.3855143e+001  2.1533059e+001 -1.0942299e+002
  5.3588931e+001  3.0816206e+001 -9.5513333e+001
  5.3863504e+001  2.9721878e+001 -9.9928030e+001
  5.5822154e+001  1.0694986e+001 -1.0877304e+002
  5.8397876e+001  1.8059151e+001 -1.0390112e+002
  7.9446043e+000  1.1280277e+001 -9.5757260e+001
  7.1642256e+000  1.8292418e+001 -9.3172730e+001
  1.4670922e+001  3.0483506e+001 -8.7140246e+001
  1.9273030e+001  7.4683642e+000 -9.2615730e+001
  4.6418442e+001  2.9400694e+001 -8.7461467e+001
  4.5952812e+001  3.6801873e+001 -8.6798201e+001
