  6.9039295e+000  2.1803436e+001 -9.0395350e+001
  7.1598394e+000  1.8836327e+001 -1.0295301e+002
  8.4553911e+000  1.1201614e+001 -1.0295709e+002
  1.3316930e+001  1.2747179e+001 -8.8711323e+001
  1.4890907e+001  5.1785001e+000 -1.0189806e+002
  1.5067131e+001  5.0998679e+000 -1.0634064e+002
  1.5128341e+001  1.2835750e+001 -1.0797819e+002
  1.3590532e+001  2.8103649e+001 -9.4639807e+001
  1.4002652e+001  2.7565534e+001 -1.0003729e+002
  1.4195344e+001  2.7675981e+001 -1.0450793e+002
  1.9574905e+001  7.2413360e+000 -9.7092343e+001
  1.6629257e+001  2.6831321e+001 -1.1261754e+002
  2.4181024e+001  1.4727311e+001 -1.0933875e+002
  2.9979274e+001  9.9793375e+000 -1.1029972e+002
  3.7173412e+001  1.2579595e+001 -1.0772134e+002
  4.5658281e+001  3.1607610e+001 -1.1201066e+002
  4.5667204e+001  3.0221175e+001 -1.1609319e+002
  4.7821531e+001  1.9074160e+001 -1.0825393e+002
  4.9533246e+001  1.3708057e+001 -1.0556636e+002
  5.4931954e+001  1.1656736e+001 -9.6087725e+001
  5.4807242e+001  2.1487316e+001 -9.1782601e+001
  5.5548707e+001  1.7701438e+001 -9.1345039e+001
  5.3841646e+001  2.1480195e+001 -1.0934591e+002
  5.3609079e+001  3.0841126e+001 -9.5502932e+001
  5.3904963e+001  3.0250864e+001 -9.9812749e+001
  5.5859906e+001  1.1236416e+001 -1.0863024e+002
  5.8424269e+001  1.8752319e+001 -1.0370271e+002
  7.9576770e+000  1.1231465e+001 -9.5747855e+001
  7.0947033e+000  1.8315857e+001 -9.3029728e+001
  1.4646019e+001  3.0827035e+001 -8.6973515e+001
  1.9242305e+001  7.7291505e+000 -9.2458472e+001
  4.6397132e+001  2.9952134e+001 -8.7355408e+001
  4.6032581e+001  3.7133773e+001 -8.6762547e+001
