  0.000000000000e+000
  0.000000000000e+000
  0.000000000000e+000
  0.000000000000e+000
  0.000000000000e+000
  0.000000000000e+000
  0.000000000000e+000
  0.000000000000e+000
  0.000000000000e+000
  7.680000305176e+001
  7.686919153508e+001
  7.691352047785e+001
  7.676288100548e+001
  7.675397839544e+001
  7.673631554201e+001
  7.656457864731e+001
  7.657375834998e+001
  7.659652413128e+001
  7.653112258597e+001
  7.643710154686e+001
  7.634231445583e+001
  7.639797515774e+001
  7.646528374259e+001
  7.660044231120e+001
  7.649051002733e+001
  7.652242390153e+001
  7.649470220350e+001
  7.668448746848e+001
  7.676100239967e+001
  7.696139628839e+001
  7.735587365127e+001
  7.750233050991e+001
  7.740365667369e+001
  7.758000163661e+001
  7.757288922049e+001
  7.774162896823e+001
  7.755619483786e+001
  7.762393935400e+001
  7.751973607836e+001
  7.734179756052e+001
  7.721120241430e+001
  7.732845335371e+001
  7.760354177735e+001
  7.751153460160e+001
  7.760815572547e+001
  7.762636815719e+001
  7.783007301959e+001
  7.797971180324e+001
  7.823727794823e+001
  7.850424011236e+001
  7.878372805541e+001
  7.903285896505e+001
  7.846782301142e+001
  7.804973889592e+001
  7.773902672931e+001
  7.786037625905e+001
  7.782213202897e+001
  7.790869090816e+001
  7.788573046118e+001
  7.798946651145e+001
  7.799893255386e+001
  7.754148053119e+001
  7.722153101173e+001
  7.688044410455e+001
  7.622638063779e+001
  7.542960791592e+001
  7.468509936790e+001
  7.393064012742e+001
  7.242923630128e+001
  7.163285289238e+001
  7.100431565906e+001
  6.985348848999e+001
  6.879919957755e+001
  6.796861870074e+001
  6.835722545866e+001
  6.768675604413e+001
  6.704341982980e+001
  6.786640511880e+001
  6.771491218247e+001
  6.837488738681e+001
  6.830351432560e+001
  6.843772895870e+001
  6.850365251270e+001
  6.866363100440e+001
  6.874953163761e+001
  6.878485742636e+001
  6.889828670194e+001
  6.886727566471e+001
  7.391393101581e+001
  7.933525768639e+001
  8.283372180329e+001
  8.610741353432e+001
  9.147407895980e+001
  9.552704697421e+001
  9.761434179315e+001
  9.897881777143e+001
  9.977241802859e+001
  1.017394762740e+002
  1.021556630705e+002
  1.025087016297e+002
  1.027309928362e+002
  1.035171000613e+002
  1.042883200417e+002
  1.051735262424e+002
  1.060096459410e+002
  1.066974059198e+002
  1.081053739569e+002
  1.080761591800e+002
  1.081254505852e+002
  1.079828070740e+002
  1.083604366369e+002
  1.084262004962e+002
  1.083882058175e+002
  1.084036143617e+002
  1.084341147101e+002
  1.085389241102e+002
  1.084869822020e+002
  1.085231388527e+002
  1.085405795459e+002
  1.089820440659e+002
  1.093082312982e+002
  1.095100242619e+002
  1.098030519101e+002
  1.103463847765e+002
  1.106739506703e+002
  1.111468750610e+002
  1.119480585538e+002
  1.128866517794e+002
  1.136044470771e+002
  1.139355004958e+002
  1.130526482142e+002
  1.130232729696e+002
  1.129496853470e+002
  1.130082501506e+002
  1.130239609550e+002
  1.129785236089e+002
  1.130133304634e+002
  1.128040958199e+002
  1.127462720099e+002
  1.126581219470e+002
  1.125949383415e+002
  1.124485273619e+002
  1.125077230884e+002
  1.123394826378e+002
  1.125065245203e+002
  1.124871021923e+002
  1.121484887534e+002
  1.133804162483e+002
  1.138495114942e+002
  1.146354241385e+002
  1.154241925826e+002
  1.160160570110e+002
  1.164653937580e+002
  1.164734189369e+002
  1.165558103235e+002
  1.173807867350e+002
  1.166285140033e+002
  1.162453227672e+002
  1.160731267299e+002
  1.161580381456e+002
  1.160617268436e+002
  1.161365841985e+002
  1.161819245832e+002
  1.161875814919e+002
  1.161278148276e+002
  1.159025755351e+002
  1.156853522186e+002
  1.157852342137e+002
  1.158216637287e+002
  1.157868868968e+002
  1.158793545123e+002
  1.158925873076e+002
  1.157772673564e+002
  1.157618641141e+002
