  1.601870297187e+002 -5.506555401993e+001 -4.286728125267e+001
  1.601938469912e+002 -5.476723164646e+001 -4.274993902835e+001
  1.602470414489e+002 -5.451049237770e+001 -4.259899556772e+001
  1.601792748184e+002 -5.415662474242e+001 -4.248951421979e+001
  1.602925282104e+002 -5.397629593101e+001 -4.224356800758e+001
  1.604622884365e+002 -5.371161825143e+001 -4.217212151912e+001
  1.605489891890e+002 -5.349145672281e+001 -4.194017769203e+001
  1.607592163141e+002 -5.323419679837e+001 -4.186422310244e+001
  1.609013690323e+002 -5.298243832821e+001 -4.170933408718e+001
  1.610623921284e+002 -5.273861670307e+001 -4.155061462586e+001
  1.612204421284e+002 -5.246894270307e+001 -4.142378962586e+001
  1.614551026769e+002 -5.224496702603e+001 -4.129187777888e+001
  1.615297934130e+002 -5.197847120171e+001 -4.108909262839e+001
  1.619636100365e+002 -5.184645162307e+001 -4.100346303479e+001
  1.621671120884e+002 -5.164948660336e+001 -4.081826256053e+001
  1.624170163837e+002 -5.143468173857e+001 -4.071278349858e+001
  1.625927875205e+002 -5.116821833777e+001 -4.062728502009e+001
  1.627807924121e+002 -5.093779274405e+001 -4.050453860807e+001
  1.629513023898e+002 -5.071090200695e+001 -4.036689267270e+001
  1.631287723898e+002 -5.044924200695e+001 -4.028872267270e+001
  1.634805230256e+002 -5.027798593785e+001 -4.023430307877e+001
  1.636614582358e+002 -5.004851133070e+001 -4.010436395064e+001
  1.639444097277e+002 -4.985370955132e+001 -4.000710427901e+001
  1.642082387839e+002 -4.962290990800e+001 -3.992956786250e+001
  1.644435616126e+002 -4.937102815402e+001 -3.983863068254e+001
  1.646962869347e+002 -4.914789957761e+001 -3.970144362361e+001
  1.649869206637e+002 -4.891426710930e+001 -3.959256796794e+001
  1.652023906637e+002 -4.862603010930e+001 -3.946583096794e+001
  1.654543699618e+002 -4.838987789114e+001 -3.927748059392e+001
  1.657795814451e+002 -4.815497077760e+001 -3.914152428042e+001
  1.661381955436e+002 -4.799033149402e+001 -3.892678515942e+001
  1.663809355436e+002 -4.770251049402e+001 -3.875661215942e+001
  1.667131400838e+002 -4.751631222811e+001 -3.852849403076e+001
  1.671024899864e+002 -4.735984645202e+001 -3.832283306048e+001
  1.673386216540e+002 -4.708400411154e+001 -3.812831537310e+001
  1.677325556790e+002 -4.691561218223e+001 -3.796530384562e+001
  1.678877203368e+002 -4.663977894649e+001 -3.771387946841e+001
  1.681325799181e+002 -4.639009958553e+001 -3.754091757330e+001
  1.684642917965e+002 -4.623702892071e+001 -3.735288529366e+001
  1.688049143853e+002 -4.608727614868e+001 -3.719624601168e+001
  1.689924569795e+002 -4.586281060503e+001 -3.700191286057e+001
  1.692882172922e+002 -4.571633910930e+001 -3.684569583485e+001
  1.695015361624e+002 -4.549870689791e+001 -3.671318901821e+001
  1.697432965383e+002 -4.532247707782e+001 -3.657782630506e+001
  1.699995331463e+002 -4.517254684243e+001 -3.644260358611e+001
  1.702043399308e+002 -4.497585277874e+001 -3.631277240494e+001
  1.704106885381e+002 -4.478168384962e+001 -3.619248012716e+001
  1.706472515464e+002 -4.461110133037e+001 -3.607411074603e+001
  1.709171936389e+002 -4.447426066670e+001 -3.594618994848e+001
  1.711305618298e+002 -4.428267982536e+001 -3.581550795383e+001
  1.713798165590e+002 -4.409119185552e+001 -3.571048879002e+001
  1.716754407018e+002 -4.392726073755e+001 -3.560531528716e+001
  1.719427644680e+002 -4.373723682393e+001 -3.548467056947e+001
  1.722228206623e+002 -4.353753583222e+001 -3.536979102601e+001
  1.724852772302e+002 -4.334333527310e+001 -3.520728590219e+001
  1.728272044593e+002 -4.321696305146e+001 -3.503571383263e+001
  1.731318036687e+002 -4.300098785581e+001 -3.490432504576e+001
  1.734683886821e+002 -4.283443317298e+001 -3.473714347682e+001
  1.738378790760e+002 -4.266138242988e+001 -3.459996874159e+001
  1.741909186446e+002 -4.249869785705e+001 -3.442015051895e+001
  1.745643822860e+002 -4.235870397017e+001 -3.423034816807e+001
  1.748681951599e+002 -4.213439720083e+001 -3.404371608055e+001
  1.752347965279e+002 -4.198565856083e+001 -3.384894464501e+001
  1.755887614661e+002 -4.183424897482e+001 -3.364151970941e+001
  1.759022629284e+002 -4.163356784887e+001 -3.344428114456e+001
  1.761887930182e+002 -4.144174968257e+001 -3.321523168356e+001
  1.765679403311e+002 -4.125521153215e+001 -3.310056621166e+001
  1.768117172845e+002 -4.104355683239e+001 -3.286241501315e+001
  1.771154782426e+002 -4.088382451836e+001 -3.265722278221e+001
  1.773861346988e+002 -4.068653250023e+001 -3.246814466584e+001
  1.776862762655e+002 -4.050182619745e+001 -3.231594337658e+001
  1.780001887751e+002 -4.039780860760e+001 -3.211944630679e+001
  1.782661597812e+002 -4.024715911638e+001 -3.192534423908e+001
  1.785457212031e+002 -4.008984046636e+001 -3.176627000682e+001
  1.787897305279e+002 -3.990786158752e+001 -3.159822403148e+001
  1.790572442348e+002 -3.977040116394e+001 -3.142493428291e+001
  1.793530663748e+002 -3.969316726278e+001 -3.123455951579e+001
  1.796598093232e+002 -3.954574113322e+001 -3.112322384922e+001
  1.799392903640e+002 -3.943784734417e+001 -3.093805808381e+001
  1.801836416380e+002 -3.926578432678e+001 -3.076632538935e+001
  1.804721628384e+002 -3.913645547028e+001 -3.060169306883e+001
  1.807908917085e+002 -3.901216621283e+001 -3.046287242779e+001
  1.810897549962e+002 -3.888715683657e+001 -3.029000794718e+001
  1.814662636431e+002 -3.882679121679e+001 -3.014884878964e+001
  1.817880964647e+002 -3.871799486106e+001 -2.997814981330e+001
  1.821344435220e+002 -3.861417698307e+001 -2.982520282845e+001
  1.824577104497e+002 -3.846823775318e+001 -2.967578394892e+001
  1.827619811612e+002 -3.838234236150e+001 -2.944824178032e+001
  1.830928005900e+002 -3.826400570080e+001 -2.928308556955e+001
  1.834386141395e+002 -3.818968330355e+001 -2.910924672728e+001
  1.837165141395e+002 -3.800215230355e+001 -2.894493972728e+001
  1.840663602250e+002 -3.796018483897e+001 -2.876869315297e+001
  1.843317302250e+002 -3.777621583897e+001 -2.860582215297e+001
  1.845895202250e+002 -3.759400583897e+001 -2.844427715297e+001
  1.849838283274e+002 -3.766101724204e+001 -2.828204388663e+001
  1.852261983274e+002 -3.748193024204e+001 -2.812384088663e+001
  1.854854614768e+002 -3.736558117144e+001 -2.795026098447e+001
  1.857454013417e+002 -3.721843828900e+001 -2.781432746155e+001
  1.860608244225e+002 -3.721007998700e+001 -2.765751368123e+001
  1.862838444225e+002 -3.703494698700e+001 -2.750499568123e+001
  1.865062944225e+002 -3.686049198700e+001 -2.735297768123e+001
  1.867717889166e+002 -3.677642272166e+001 -2.719035469964e+001
  1.870567774215e+002 -3.670862943933e+001 -2.704072633972e+001
  1.872887174215e+002 -3.653685343933e+001 -2.688695433972e+001
  1.875950236856e+002 -3.652584132623e+001 -2.671298163854e+001
  1.878702841369e+002 -3.641656669736e+001 -2.655729622738e+001
  1.881370621208e+002 -3.630252021868e+001 -2.637985831484e+001
  1.884275828035e+002 -3.618112339954e+001 -2.622936161414e+001
  1.886957228035e+002 -3.602135139954e+001 -2.606417161414e+001
  1.890537942020e+002 -3.609201947872e+001 -2.586333865134e+001
  1.893541386701e+002 -3.600769934148e+001 -2.567411517657e+001
  1.896759153789e+002 -3.592728216216e+001 -2.551381348900e+001
  1.900109279497e+002 -3.587577787270e+001 -2.534973357377e+001
  1.903378155432e+002 -3.581140327166e+001 -2.518306971469e+001
  1.906564633334e+002 -3.575657435525e+001 -2.500617231040e+001
  1.909634840607e+002 -3.567755648216e+001 -2.483088607361e+001
  1.912222306380e+002 -3.565095945511e+001 -2.456867549551e+001
  1.915648024715e+002 -3.558614487000e+001 -2.445090517289e+001
  1.918713886016e+002 -3.552455689229e+001 -2.429289120664e+001
  1.921600347417e+002 -3.550861931455e+001 -2.409048852227e+001
  1.924294709639e+002 -3.544259625350e+001 -2.390057380249e+001
  1.927159890606e+002 -3.536883753340e+001 -2.374158229729e+001
  1.930065913722e+002 -3.531855126236e+001 -2.358129027984e+001
  1.933209482422e+002 -3.533604730540e+001 -2.342061634479e+001
  1.936098037572e+002 -3.525180938340e+001 -2.327599432444e+001
  1.938994412430e+002 -3.516835974228e+001 -2.313013150198e+001
  1.941791139063e+002 -3.508115218326e+001 -2.296121201393e+001
  1.944705058787e+002 -3.501847538992e+001 -2.279157254631e+001
  1.947900684685e+002 -3.501186932984e+001 -2.262378228650e+001
  1.950553082045e+002 -3.491256887569e+001 -2.241130715414e+001
  1.953813661155e+002 -3.482899160235e+001 -2.226872859708e+001
  1.957014983618e+002 -3.477665062740e+001 -2.209148731318e+001
  1.960395200255e+002 -3.475551065849e+001 -2.192110462701e+001
  1.963600742078e+002 -3.472620223188e+001 -2.172277814769e+001
  1.966996252074e+002 -3.465525516244e+001 -2.156355639973e+001
  1.970314994245e+002 -3.461268413858e+001 -2.138506722594e+001
  1.973520989644e+002 -3.455708827988e+001 -2.119180591330e+001
  1.976724016893e+002 -3.455575867166e+001 -2.098574705032e+001
  1.979821379546e+002 -3.451985547253e+001 -2.078331808542e+001
  1.982999823987e+002 -3.446923295702e+001 -2.060416778302e+001
  1.986449572087e+002 -3.453085787811e+001 -2.043275669470e+001
  1.989627581860e+002 -3.455950004995e+001 -2.024109416699e+001
  1.992460873950e+002 -3.455024195464e+001 -2.002297195372e+001
  1.995922991572e+002 -3.450801823618e+001 -1.991005064478e+001
  1.999225208378e+002 -3.451416724650e+001 -1.976165504892e+001
  2.001930084930e+002 -3.450674667444e+001 -1.953172266691e+001
  2.005166955988e+002 -3.445857215029e+001 -1.939210694333e+001
  2.008166259995e+002 -3.445726111649e+001 -1.919624111697e+001
  2.011059893440e+002 -3.442548683402e+001 -1.898967073794e+001
  2.014208372714e+002 -3.439261147375e+001 -1.881145518664e+001
  2.017496098759e+002 -3.437628438779e+001 -1.864189380991e+001
  2.020685985905e+002 -3.439059756163e+001 -1.844349005793e+001
  2.023757610786e+002 -3.435072943944e+001 -1.824097046445e+001
  2.026976497502e+002 -3.433210287828e+001 -1.804932270900e+001
  2.030186619540e+002 -3.426443058236e+001 -1.787093313017e+001
  2.033292025491e+002 -3.423447815545e+001 -1.767344643887e+001
  2.036309941214e+002 -3.423919538705e+001 -1.746240873587e+001
  2.039273948456e+002 -3.424578353581e+001 -1.725731883281e+001
  2.042421764668e+002 -3.421410256250e+001 -1.710057423433e+001
  2.045345176161e+002 -3.423011963022e+001 -1.691564861127e+001
  2.047920668807e+002 -3.424418464578e+001 -1.669906717957e+001
  2.050948398309e+002 -3.425626812634e+001 -1.656332084240e+001
  2.053661085352e+002 -3.425271360975e+001 -1.639245311333e+001
  2.056106159520e+002 -3.428138594597e+001 -1.618835828062e+001
  2.058742770257e+002 -3.431733504737e+001 -1.600975770417e+001
  2.061525784325e+002 -3.431497927291e+001 -1.585907453928e+001
  2.064659866848e+002 -3.427183417583e+001 -1.575038810575e+001
  2.067299224009e+002 -3.432125061888e+001 -1.554231409906e+001
  2.070593857741e+002 -3.432209969194e+001 -1.541360391629e+001
  2.073889632508e+002 -3.442552248544e+001 -1.524869597111e+001
  2.077087931676e+002 -3.442419600432e+001 -1.505669982145e+001
  2.080714974342e+002 -3.442712641927e+001 -1.489789238711e+001
  2.084287634077e+002 -3.443296868834e+001 -1.470098510769e+001
  1.955076400000e+002 -3.506846100000e+001 -2.344699700000e+001
