  7.680000305176e+001
  7.692213788867e+001
  7.685090678557e+001
  7.683344674727e+001
  7.693815271736e+001
  7.693503101430e+001
  7.693428912523e+001
  7.701740494373e+001
  7.695985082199e+001
  7.709617380948e+001
  7.705231035262e+001
  7.710585532887e+001
  7.692546199556e+001
  7.719811738951e+001
  7.720344258004e+001
  7.711030698183e+001
  7.718826595911e+001
  7.743148550819e+001
  7.748382078157e+001
  7.751642650104e+001
  7.752940672002e+001
  7.782716181107e+001
  7.834197413217e+001
  7.926850927574e+001
  7.968964824772e+001
  7.960439602768e+001
  7.986477715532e+001
  7.915125548876e+001
  7.893057585259e+001
  7.917770171377e+001
  7.933475258382e+001
  7.942806675946e+001
  7.936275718593e+001
  7.940986646391e+001
  7.928980372572e+001
  7.976612177679e+001
  7.998370232376e+001
  7.946428925600e+001
  7.990403438329e+001
  8.042565487386e+001
  8.067460400558e+001
  8.040117419490e+001
  8.044093065173e+001
  8.052131424044e+001
  8.062945540713e+001
  8.072741931199e+001
  8.075963292977e+001
  8.091736649836e+001
  8.100153115237e+001
  8.126925279748e+001
  8.142231897486e+001
  8.195244672339e+001
  8.259415724740e+001
  8.347272903306e+001
  8.520590632622e+001
  8.680680277155e+001
  8.810506442643e+001
  8.918287529928e+001
  9.020357263084e+001
  9.047127662365e+001
  9.077336413901e+001
  9.081217782469e+001
  9.079848115272e+001
  9.086241963831e+001
  9.089077302445e+001
  9.085580315160e+001
  9.081087619225e+001
  9.061267630474e+001
  9.052522105746e+001
  9.007197391179e+001
  8.908879787079e+001
  8.751505757177e+001
  8.643857256755e+001
  8.490348971624e+001
  8.362684876304e+001
  8.337569182667e+001
  8.362936451613e+001
  8.409861199465e+001
  8.511776441483e+001
  8.567370269744e+001
  8.622796805414e+001
  8.644425499994e+001
  8.545733073255e+001
  8.608309427516e+001
  8.778015786929e+001
  8.798589559550e+001
  8.785510260779e+001
  8.810106245741e+001
  8.863235614968e+001
  8.842377818678e+001
  8.832344319015e+001
  8.902064012424e+001
  8.830039010661e+001
  8.796649742616e+001
  8.697519293201e+001
  8.538108675218e+001
  8.558762002372e+001
  8.594172870608e+001
  8.601670581424e+001
  8.555067698047e+001
  8.587847616057e+001
  8.667166427162e+001
  8.675474464097e+001
  8.648159649201e+001
  8.664111665715e+001
  8.718200699602e+001
  8.824834702454e+001
  8.921131943104e+001
  9.005726487230e+001
  9.150685433966e+001
  9.264149921193e+001
  9.342657925820e+001
  9.644142653700e+001
  9.825555927862e+001
  1.001117752081e+002
  1.011730859093e+002
  1.024711717459e+002
  1.031825328152e+002
  1.036486459071e+002
  1.042978371871e+002
  1.043601867174e+002
  1.052000179490e+002
  1.055653679947e+002
  1.052423698006e+002
  1.061027253411e+002
  1.065905572749e+002
  1.073476110245e+002
  1.073919520172e+002
  1.075715393135e+002
