0, 0, 0.08, -0.18
0, 1, -0.04, -0.15
0, 2, 0.11, -0.09
0, 3, 0.13, -0.07
0, 4, 0.00, 0.07
0, 5, 0.21, 0.08
0, 6, 0.00, 0.12
0, 7, -0.02, 0.11
0, 8, 0.03, -0.17
0, 9, -0.07, 0.00
0, 10, -0.02, -0.08
0, 11, 0.02, 0.04
0, 12, -0.04, 0.19
0, 13, 0.07, -0.14
0, 14, 0.01, 0.01
0, 15, 0.04, -0.02
0, 16, 0.01, -0.11
0, 17, 0.00, -0.08
0, 18, 0.03, -0.04
0, 19, 0.09, -0.09
0, 20, -0.03, -0.05
0, 21, 0.05, -0.06
0, 22, 0.06, -0.03
0, 23, 0.06, 0.04
0, 24, 0.12, 0.05
0, 25, -0.03, -0.14
0, 26, -0.01, -0.02
0, 27, 0.01, 0.34
0, 28, 0.05, -0.19
0, 29, 0.06, -0.14
0, 30, -0.01, 0.25
0, 31, 0.18, 0.08
0, 32, -0.05, -0.28
0, 33, -0.13, -0.01
0, 34, 0.12, 0.04
0, 35, 0.18, -0.02
0, 36, -0.22, -0.16
0, 37, 0.05, 0.01
0, 38, 0.26, -0.01
0, 39, 0.23, -0.01
0, 40, 0.17, -0.19
0, 41, 0.16, 0.07
0, 42, -0.01, -0.13
0, 43, 0.04, -0.11
0, 44, 0.03, -0.13
0, 45, 0.07, 0.01
0, 46, 0.13, -0.04
0, 47, -0.05, -0.17
0, 48, 0.08, 0.12
0, 49, -0.05, -0.11
0, 50, 0.09, -0.35
0, 51, 0.43, 0.16
0, 52, 0.09, -0.20
0, 53, 0.08, -0.09
0, 54, -0.13, -0.13
0, 55, 0.03, -0.12
0, 56, 0.07, 0.02
0, 57, 0.07, -0.02
0, 58, 0.09, 0.02
0, 59, 0.04, -0.28
0, 60, 0.10, -0.18
0, 61, 0.07, -0.03
0, 62, 0.07, 0.09
0, 63, 0.12, -0.18
0, 64, 0.18, -0.01
0, 65, 0.05, 0.04
0, 66, 0.22, -0.23
0, 67, 0.30, 0.01
0, 68, 0.28, 0.52
0, 69, 0.41, 0.02
0, 70, 0.16, -0.25
0, 71, 0.44, -0.20
0, 72, 0.19, -0.07
0, 73, 0.26, -0.19
0, 74, 0.45, -0.21
0, 75, 0.22, -0.37
0, 76, 0.41, -0.23
0, 77, 0.28, -0.41
0, 78, 0.42, -0.37
0, 79, 0.36, -0.26
0, 80, 0.46, -0.20
0, 81, 0.45, -0.27
0, 82, 0.49, -0.27
0, 83, 0.63, -0.34
0, 84, 0.58, -0.30
0, 85, 0.39, -0.14
0, 86, 0.61, -0.26
0, 87, 0.39, -0.43
0, 88, 0.65, -0.39
0, 89, 0.82, -0.51
0, 90, 1.13, -1.07
0, 91, 1.11, -0.76
0, 92, 0.71, -0.64
0, 93, 0.99, -1.01
0, 94, 0.71, -1.20
0, 95, 0.96, -1.04
0, 96, 1.20, -0.93
0, 97, 0.84, -0.97
0, 98, 1.37, -1.17
0, 99, 1.29, -1.29
0, 100, 1.48, -1.45
0, 101, 1.64, -1.42
0, 102, 1.40, -1.41
0, 103, 1.87, -1.23
0, 104, 1.96, -1.70
0, 105, 0.93, -0.87
0, 106, 2.01, -1.85
0, 107, 2.41, -1.96
0, 108, 2.18, -1.85
0, 109, 1.77, -1.70
0, 110, 2.67, -2.34
0, 111, 2.41, -2.63
0, 112, 2.45, -1.95
0, 113, 2.55, -2.21
0, 114, 2.86, -2.02
0, 115, 2.45, -2.57
0, 116, 3.01, -2.57
0, 117, 3.13, -3.02
0, 118, 3.79, -3.04
0, 119, 3.63, -2.77
0, 120, 4.47, -2.86
0, 121, 4.84, -3.85
0, 122, 4.45, -3.81
0, 123, 3.10, -2.56
0, 124, 4.31, -3.40
0, 125, 4.49, -3.63
0, 126, 5.53, -4.06
0, 127, 4.29, -3.23
0, 128, 5.11, -3.46
0, 129, 3.96, -3.68
0, 130, 3.72, -3.21
0, 131, 3.33, -2.79
0, 132, 4.30, -3.64
0, 133, 4.94, -3.67
0, 134, 3.87, -3.38
0, 135, 3.29, -3.29
0, 136, 2.89, -2.77
0, 137, 3.35, -2.72
0, 138, 2.42, -2.79
0, 139, 2.48, -2.36
0, 140, 2.13, -2.38
0, 141, 2.14, -2.08
0, 142, 3.13, -2.03
0, 143, 2.95, -1.98
0, 144, 2.11, -0.58
0, 145, 0.86, -0.41
0, 146, 2.16, -0.48
0, 147, 1.88, -2.07
0, 148, 1.96, -0.87
0, 149, 1.18, -0.33
0, 150, 1.55, -0.58
0, 151, 1.77, -1.59
0, 152, 1.48, -0.82
0, 153, 0.66, -0.50
0, 154, 1.18, -0.71
0, 155, 0.88, -1.20
0, 156, 1.31, -0.16
0, 157, 0.64, -0.29
0, 158, 1.15, -0.55
0, 159, 0.68, -0.57
0, 160, 0.75, 0.27
0, 161, 1.36, -0.43
0, 162, 0.67, -0.80
0, 163, 1.12, 0.02
0, 164, 0.60, -0.19
0, 165, 0.80, -0.89
0, 166, 1.12, -0.23
0, 167, 0.34, 0.02
0, 168, 0.66, -0.89
0, 169, 1.14, -0.43
0, 170, 0.67, 0.32
0, 171, 0.85, -0.19
0, 172, 0.54, -0.89
0, 173, 0.20, -0.03
0, 174, 0.76, -0.34
0, 175, 0.31, -0.67
0, 176, 0.57, 0.24
0, 177, -0.05, 0.14
0, 178, 0.59, -0.73
0, 179, 0.46, -0.20
0, 180, 0.25, 0.36
0, 181, 0.58, -0.49
0, 182, 0.43, -0.41
0, 183, 0.59, 0.45
0, 184, -0.07, 0.30
0, 185, 0.43, -0.76
0, 186, 0.25, -0.09
0, 187, 0.36, 0.32
0, 188, 0.18, -0.25
0, 189, 0.18, -0.38
0, 190, 0.33, 0.32
0, 191, -0.09, 0.49
0, 192, 0.34, -0.50
0, 193, 0.16, -0.21
0, 194, 0.75, 0.62
0, 195, -0.05, 0.23
0, 196, 0.35, -0.47
0, 197, 0.19, 0.11
0, 198, 0.31, 0.75
0, 199, 0.26, -0.12
0, 200, 0.07, -0.08
0, 201, 0.05, 0.34
0, 202, -0.03, 0.51
0, 203, 0.22, -0.19
0, 204, 0.20, -0.04
0, 205, 0.23, 0.54
0, 206, 0.41, -0.14
0, 207, 0.16, -0.55
0, 208, 0.30, 0.29
0, 209, 0.11, 0.87
0, 210, 0.13, 0.04
0, 211, -0.06, -0.19
0, 212, 0.02, 0.74
0, 213, -0.18, 0.86
0, 214, -0.03, -0.22
0, 215, -0.32, -0.57
0, 216, -0.10, 0.68
0, 217, -0.44, 0.70
0, 218, -0.08, -0.16
0, 219, 0.16, -0.16
0, 220, -0.14, 0.76
0, 221, -0.09, -0.04
0, 222, -0.38, -0.18
0, 223, 0.02, 0.25
0, 224, -0.32, 0.97
0, 225, -0.01, -0.14
0, 226, -0.05, -0.47
0, 227, 0.42, 0.20
0, 228, -0.32, 0.77
0, 229, 0.59, -0.12
0, 230, -0.20, -0.32
0, 231, 0.11, 0.30
0, 232, -0.87, 0.31
0, 233, -0.13, -0.64
0, 234, 0.13, -0.02
0, 235, -0.06, 0.98
0, 236, -0.18, 0.43
0, 237, 0.32, -0.10
0, 238, -0.12, 0.07
0, 239, -0.33, 1.12
0, 240, 0.18, 0.09
0, 241, -0.15, -0.25
0, 242, 0.38, 0.28
0, 243, -0.12, 0.76
0, 244, 0.11, -0.14
0, 245, -0.07, -0.31
0, 246, 0.09, 0.31
0, 247, -0.19, 0.84
0, 248, 0.11, -0.47
0, 249, -0.20, -0.50
0, 250, 0.04, 0.70
0, 251, -0.21, 0.43
0, 252, -0.05, -0.23
0, 253, 0.18, 0.28
0, 254, -0.16, 0.89
1, 2, -0.00, 0.04
1, 3, -0.02, 0.04
1, 4, 0.01, 0.04
1, 5, -0.02, -0.00
1, 6, 0.00, 0.02
1, 7, -0.01, -0.02
1, 8, -0.09, 0.03
1, 9, -0.03, 0.07
1, 10, -0.02, -0.01
1, 11, 0.04, 0.03
1, 12, 0.02, -0.03
1, 13, 0.02, -0.02
1, 14, 0.02, 0.06
1, 15, 0.04, 0.00
1, 16, -0.01, 0.01
1, 17, -0.04, 0.09
1, 18, 0.04, -0.02
1, 19, -0.01, 0.05
1, 20, 0.00, 0.02
1, 21, -0.01, 0.10
1, 22, -0.05, 0.06
1, 23, -0.04, 0.00
1, 24, -0.06, 0.05
1, 25, 0.07, 0.02
1, 26, -0.02, 0.02
1, 27, -0.07, 0.05
1, 28, 0.03, -0.02
1, 29, 0.02, -0.02
1, 30, -0.07, -0.00
1, 31, -0.01, 0.01
1, 32, -0.01, -0.05
1, 33, -0.05, 0.02
1, 34, 0.01, -0.01
1, 35, -0.01, 0.02
1, 36, -0.02, 0.08
1, 37, -0.05, -0.02
1, 38, -0.01, 0.00
1, 39, -0.02, 0.07
1, 40, 0.06, -0.10
1, 41, -0.03, -0.01
1, 42, -0.03, 0.01
1, 43, -0.02, -0.07
1, 44, -0.03, 0.05
1, 45, -0.00, -0.04
1, 46, 0.01, -0.03
1, 47, -0.08, -0.14
1, 48, 0.02, -0.04
1, 49, -0.00, 0.01
1, 50, 0.02, -0.04
1, 51, -0.08, 0.04
1, 52, 0.01, 0.03
1, 53, -0.02, -0.03
1, 54, -0.07, 0.06
1, 55, 0.01, 0.04
1, 56, -0.03, -0.05
1, 57, -0.01, 0.02
1, 58, -0.04, 0.02
1, 59, -0.02, 0.01
1, 60, -0.02, 0.02
1, 61, -0.04, -0.02
1, 62, 0.02, 0.05
1, 63, -0.02, 0.01
1, 64, -0.01, -0.05
1, 65, -0.02, 0.02
1, 66, 0.04, 0.01
1, 67, 0.02, -0.03
1, 68, 0.04, 0.03
1, 69, 0.04, 0.03
1, 70, -0.02, 0.02
1, 71, -0.04, 0.07
1, 72, 0.02, -0.06
1, 73, 0.00, 0.02
1, 74, -0.05, 0.03
1, 75, -0.01, -0.04
1, 76, 0.00, 0.01
1, 77, -0.07, 0.02
1, 78, -0.07, -0.02
1, 79, -0.07, -0.04
1, 80, -0.05, -0.02
1, 81, 0.02, 0.06
1, 82, -0.03, -0.06
1, 83, -0.04, 0.06
1, 84, -0.06, -0.03
1, 85, -0.04, -0.11
1, 86, -0.07, -0.03
1, 87, -0.01, -0.01
1, 88, -0.01, -0.02
1, 89, -0.00, -0.07
1, 90, -0.03, -0.03
1, 91, 0.01, 0.02
1, 92, -0.08, 0.00
1, 93, 0.01, -0.03
1, 94, 0.00, 0.06
1, 95, -0.01, -0.01
1, 96, -0.01, -0.02
1, 97, 0.05, 0.02
1, 98, -0.14, -0.11
1, 99, -0.06, -0.14
1, 100, 0.01, 0.02
1, 101, -0.05, 0.12
1, 102, 0.04, -0.02
1, 103, 0.01, -0.02
1, 104, 0.00, 0.05
1, 105, 0.05, 0.04
1, 106, 0.05, 0.06
1, 107, 0.07, -0.00
1, 108, 0.19, 0.15
1, 109, -0.01, 0.17
1, 110, 0.09, 0.25
1, 111, -0.01, 0.09
1, 112, 0.04, 0.06
1, 113, 0.01, 0.09
1, 114, 0.09, 0.26
1, 115, 0.02, 0.07
1, 116, 0.11, 0.13
1, 117, 0.09, -0.04
1, 118, 0.07, 0.09
1, 119, 0.05, 0.13
1, 120, 0.07, 0.14
1, 121, 0.11, 0.25
1, 122, 0.21, 0.13
1, 123, 0.16, 0.19
1, 124, 0.18, 0.20
1, 125, 0.12, 0.29
1, 126, 0.18, 0.41
1, 127, 0.22, 0.29
1, 128, 0.18, 0.20
1, 129, 0.29, 0.30
1, 130, 0.39, 0.43
1, 131, 0.18, 0.38
1, 132, 0.25, 0.36
1, 133, 0.20, 0.32
1, 134, 0.37, 0.43
1, 135, 0.26, 0.38
1, 136, 0.33, 0.48
1, 137, 0.37, 0.35
1, 138, 0.24, 0.63
1, 139, 0.43, 0.74
1, 140, 0.32, 0.64
1, 141, 0.52, 1.00
1, 142, 0.43, 0.87
1, 143, 0.41, 0.84
1, 144, 0.52, 0.84
1, 145, 0.59, 0.83
1, 146, 0.79, 1.15
1, 147, 0.29, 1.03
1, 148, 0.40, 1.14
1, 149, 0.47, 1.08
1, 150, 0.52, 0.59
1, 151, 0.47, 1.13
1, 152, 0.45, 0.74
1, 153, 0.76, 0.70
1, 154, 0.60, 0.60
1, 155, 0.61, 1.27
1, 156, 0.63, 1.33
1, 157, 0.23, 1.00
1, 158, 0.18, 1.52
1, 159, 0.37, 1.55
1, 160, 1.21, 1.49
1, 161, 0.62, 1.79
1, 162, 0.92, 1.87
1, 163, 0.88, 2.16
1, 164, 0.80, 2.26
1, 165, 1.06, 2.91
1, 166, 1.32, 1.95
1, 167, 1.02, 2.30
1, 168, 0.44, 2.31
1, 169, 1.19, 2.65
1, 170, 1.41, 3.04
1, 171, 1.34, 2.94
1, 172, 1.36, 2.27
1, 173, 1.78, 3.13
1, 174, 1.65, 3.27
1, 175, 1.13, 2.85
1, 176, 0.92, 2.78
1, 177, 0.96, 3.17
1, 178, 1.74, 4.03
1, 179, 1.02, 2.56
1, 180, 1.06, 3.03
1, 181, 1.64, 4.79
1, 182, 0.91, 3.56
1, 183, 1.68, 4.49
1, 184, 1.63, 4.32
1, 185, 1.30, 4.25
1, 186, 1.23, 3.54
1, 187, 1.19, 4.33
1, 188, 1.27, 3.95
1, 189, 1.47, 4.59
1, 190, 1.62, 5.19
1, 191, 0.88, 2.90
1, 192, 0.52, 3.01
1, 193, 1.09, 3.72
1, 194, 1.62, 3.98
1, 195, 0.84, 2.61
1, 196, 0.54, 2.75
1, 197, 0.54, 4.13
1, 198, 2.75, 4.54
1, 199, 0.53, 2.34
1, 200, 0.51, 2.89
1, 201, 0.11, 2.42
1, 202, 0.41, 2.69
1, 203, 0.92, 2.88
1, 204, 0.27, 2.49
1, 205, 0.27, 2.04
1, 206, -0.12, 2.09
1, 207, 0.25, 1.74
1, 208, 0.58, 2.13
1, 209, 0.55, 1.98
1, 210, 0.73, 3.27
1, 211, 0.30, 2.75
1, 212, 0.35, 1.58
1, 213, 0.34, 1.56
1, 214, 0.18, 2.04
1, 215, 0.33, 1.81
1, 216, 0.34, 1.84
1, 217, 0.14, 1.73
1, 218, 0.08, 1.84
1, 219, 0.59, 1.63
1, 220, 0.44, 1.35
1, 221, 0.23, 1.44
1, 222, 0.42, 1.42
1, 223, 0.17, 1.75
1, 224, 0.39, 1.84
1, 225, 0.46, 2.94
1, 226, 0.32, 1.28
1, 227, 0.29, 1.76
1, 228, 0.11, 1.52
1, 229, 0.14, 1.21
1, 230, 0.22, 1.28
1, 231, 0.15, 1.02
1, 232, -0.29, 1.14
1, 233, 0.07, 0.74
1, 234, -0.14, 1.09
1, 235, 0.27, 1.09
1, 236, -0.01, 1.25
1, 237, 0.19, 0.84
1, 238, 0.17, 0.80
1, 239, 0.16, 0.73
1, 240, 0.07, 0.72
1, 241, 0.23, 0.77
1, 242, -0.02, 1.33
1, 243, 0.13, 0.66
1, 244, 0.06, 0.83
1, 245, 0.17, 1.12
1, 246, 0.09, 1.04
1, 247, 0.04, 0.50
1, 248, 0.07, 0.86
1, 249, 0.09, 1.31
1, 250, 0.08, 0.96
1, 251, 0.09, 1.02
1, 252, 0.07, 0.82
1, 253, 0.19, 0.39
1, 254, 0.01, 0.51
2, 2, 0.00, -0.00
2, 3, -0.05, -0.02
2, 4, 0.00, -0.07
2, 5, -0.01, -0.02
2, 6, -0.04, -0.02
2, 7, -0.06, 0.04
2, 8, -0.01, -0.02
2, 9, 0.03, -0.04
2, 10, -0.02, 0.00
2, 11, 0.00, -0.07
2, 12, 0.05, -0.09
2, 13, -0.05, -0.02
2, 14, 0.07, -0.03
2, 15, 0.07, -0.05
2, 16, -0.05, 0.02
2, 17, 0.01, -0.07
2, 18, 0.02, 0.00
2, 19, -0.05, 0.06
2, 20, -0.03, -0.05
2, 21, 0.01, -0.08
2, 22, -0.06, -0.01
2, 23, -0.03, -0.05
2, 24, 0.02, -0.05
2, 25, 0.02, -0.01
2, 26, 0.03, -0.07
2, 27, 0.00, -0.09
2, 28, -0.00, -0.03
2, 29, -0.03, -0.04
2, 30, 0.01, -0.03
2, 31, -0.02, -0.01
2, 32, -0.01, -0.06
2, 33, -0.02, -0.04
2, 34, -0.06, 0.00
2, 35, 0.01, -0.06
2, 36, -0.05, 0.03
2, 37, 0.05, -0.02
2, 38, -0.03, -0.07
2, 39, 0.00, -0.15
2, 40, 0.02, -0.06
2, 41, -0.04, 0.02
2, 42, -0.02, -0.03
2, 43, 0.00, -0.09
2, 44, 0.00, -0.09
2, 45, 0.00, -0.01
2, 46, -0.02, 0.07
2, 47, 0.01, -0.07
2, 48, 0.02, -0.10
2, 49, -0.05, 0.09
2, 50, 0.01, -0.07
2, 51, 0.00, -0.08
2, 52, -0.06, 0.09
2, 53, 0.05, -0.07
2, 54, -0.00, 0.02
2, 55, -0.04, 0.03
2, 56, 0.00, -0.10
2, 57, -0.05, 0.06
2, 58, -0.02, -0.02
2, 59, 0.03, -0.11
2, 60, -0.04, -0.07
2, 61, 0.03, -0.01
2, 62, 0.00, 0.02
2, 63, -0.04, -0.01
2, 64, -0.02, 0.01
2, 65, -0.01, 0.01
2, 66, -0.02, 0.02
2, 67, 0.08, -0.14
2, 68, 0.02, -0.06
2, 69, 0.06, 0.03
2, 70, 0.00, 0.01
2, 71, -0.10, -0.01
2, 72, 0.09, -0.07
2, 73, -0.03, 0.05
2, 74, -0.05, 0.05
2, 75, 0.01, -0.13
2, 76, -0.05, -0.16
2, 77, -0.05, 0.03
2, 78, -0.04, -0.07
2, 79, -0.07, -0.12
2, 80, -0.02, 0.09
2, 81, 0.13, -0.07
2, 82, 0.05, -0.01
2, 83, -0.05, -0.02
2, 84, 0.02, -0.07
2, 85, 0.07, 0.11
2, 86, -0.03, -0.22
2, 87, 0.07, 0.01
2, 88, 0.12, -0.11
2, 89, -0.06, -0.02
2, 90, 0.02, -0.07
2, 91, -0.13, -0.07
2, 92, -0.18, -0.23
2, 93, 0.00, -0.06
2, 94, -0.13, 0.05
2, 95, -0.12, 0.02
2, 96, -0.02, -0.13
2, 97, -0.03, -0.14
2, 98, -0.07, -0.08
2, 99, -0.17, 0.05
2, 100, -0.08, 0.02
2, 101, -0.16, 0.00
2, 102, -0.09, -0.05
2, 103, -0.15, -0.01
2, 104, -0.20, -0.05
2, 105, -0.18, 0.05
2, 106, -0.30, -0.09
2, 107, -0.19, -0.07
2, 108, -0.41, -0.08
2, 109, -0.18, 0.02
2, 110, -0.44, -0.33
2, 111, -0.29, -0.25
2, 112, -0.33, -0.11
2, 113, -0.32, -0.32
2, 114, -0.46, -0.36
2, 115, -0.86, -0.13
2, 116, -0.70, -0.38
2, 117, -0.77, -0.11
2, 118, -0.93, -0.23
2, 119, -0.89, -0.20
2, 120, -0.90, -0.01
2, 121, -1.20, -0.52
2, 122, -1.05, -0.20
2, 123, -1.33, -0.59
2, 124, -1.55, -0.50
2, 125, -1.48, -0.93
2, 126, -1.70, -0.38
2, 127, -1.91, -0.56
2, 128, -2.12, 0.08
2, 129, -1.84, -0.40
2, 130, -1.84, -0.50
2, 131, -1.85, -0.54
2, 132, -2.47, -0.62
2, 133, -2.74, -0.91
2, 134, -3.10, -0.97
2, 135, -3.15, -0.68
2, 136, -3.87, -1.00
2, 137, -3.78, -0.72
2, 138, -3.58, -0.71
2, 139, -4.23, -0.41
2, 140, -4.57, -0.81
2, 141, -4.74, -0.59
2, 142, -3.69, -1.04
2, 143, -5.16, -0.76
2, 144, -5.61, -0.54
2, 145, -2.62, -1.56
2, 146, -5.14, 0.30
2, 147, -5.22, -1.29
2, 148, -5.52, -0.71
2, 149, -5.72, -0.78
2, 150, -5.84, -0.89
2, 151, -4.93, -0.78
2, 152, -5.80, -1.44
2, 153, -5.13, 0.17
2, 154, -7.25, -1.03
2, 155, -6.13, -0.24
2, 156, -6.29, 0.79
2, 157, -7.52, 0.20
2, 158, -7.14, -1.11
2, 159, -5.75, 0.05
2, 160, -6.68, 0.58
2, 161, -8.17, 0.18
2, 162, -6.47, 1.04
2, 163, -6.35, 1.78
2, 164, -7.00, 1.93
2, 165, -4.84, 0.85
2, 166, -3.94, 1.27
2, 167, -5.45, 0.52
2, 168, -4.53, 0.62
2, 169, -4.10, 0.79
2, 170, -3.70, 0.30
2, 171, -2.82, 1.14
2, 172, -1.68, 0.82
2, 173, -1.34, 0.38
2, 174, -1.20, 0.31
2, 175, -0.84, 0.15
2, 176, -0.86, 0.35
2, 177, -0.98, 0.20
2, 178, -0.92, 0.32
2, 179, -0.79, 0.15
2, 180, -0.64, 0.55
2, 181, -0.64, 0.27
2, 182, -0.63, 0.30
2, 183, -0.57, 0.02
2, 184, -0.46, 0.04
2, 185, -0.57, -0.02
2, 186, -0.55, 0.30
2, 187, -0.61, 0.23
2, 188, -0.38, 0.04
2, 189, -0.71, 0.33
2, 190, -0.43, 0.05
2, 191, -0.36, 0.14
2, 192, -0.52, 0.16
2, 193, -0.31, 0.25
2, 194, -0.46, -0.10
2, 195, -0.27, 0.05
2, 196, -0.50, 0.11
2, 197, -0.29, 0.07
2, 198, -0.26, 0.07
2, 199, -0.27, 0.09
2, 200, -0.23, 0.13
2, 201, -0.33, -0.06
2, 202, -0.37, 0.02
2, 203, -0.12, 0.25
2, 204, -0.25, 0.28
2, 205, -0.28, 0.13
2, 206, -0.34, 0.21
2, 207, -0.15, 0.09
2, 208, -0.25, -0.07
2, 209, -0.22, 0.07
2, 210, -0.25, 0.11
2, 211, -0.16, 0.04
2, 212, -0.32, 0.08
2, 213, -0.24, 0.11
2, 214, -0.09, 0.08
2, 215, -0.11, -0.11
2, 216, -0.23, 0.15
2, 217, -0.09, 0.13
2, 218, -0.21, 0.19
2, 219, -0.15, -0.03
2, 220, -0.05, -0.16
2, 221, -0.23, 0.05
2, 222, -0.21, 0.08
2, 223, -0.04, 0.02
2, 224, -0.10, -0.19
2, 225, -0.15, 0.03
2, 226, -0.04, 0.02
2, 227, -0.05, 0.11
2, 228, -0.06, -0.08
2, 229, -0.12, 0.06
2, 230, -0.08, 0.01
2, 231, -0.26, 0.17
2, 232, -0.03, -0.16
2, 233, -0.07, 0.09
2, 234, 0.02, -0.05
2, 235, -0.14, -0.01
2, 236, -0.18, 0.14
2, 237, 0.11, 0.06
2, 238, -0.16, 0.21
2, 239, -0.08, -0.09
2, 240, 0.01, 0.05
2, 241, -0.20, 0.17
2, 242, -0.12, 0.14
2, 243, -0.09, -0.14
2, 244, -0.20, 0.11
2, 245, -0.11, 0.15
2, 246, 0.19, -0.02
2, 247, -0.04, -0.05
2, 248, 0.06, 0.05
2, 249, -0.07, 0.12
2, 250, -0.15, 0.17
2, 251, -0.06, -0.10
2, 252, -0.23, -0.02
2, 253, -0.07, 0.16
2, 254, -0.07, -0.02
