  0.000000000000e+000
  0.000000000000e+000
  0.000000000000e+000
  0.000000000000e+000
  0.000000000000e+000
  0.000000000000e+000
  0.000000000000e+000
  0.000000000000e+000
  0.000000000000e+000
  7.680000305176e+001
  7.687543619101e+001
  7.679765861795e+001
  7.661548342969e+001
  7.647400664905e+001
  7.625081099318e+001
  7.609011407109e+001
  7.617043165336e+001
  7.640640713812e+001
  7.655235553535e+001
  7.679960442902e+001
  7.647551599245e+001
  7.653402679987e+001
  7.660385579989e+001
  7.672000468817e+001
  7.662899794268e+001
  7.665796276804e+001
  7.661602379057e+001
  7.663935825906e+001
  7.679835518110e+001
  7.680785115663e+001
  7.701719879019e+001
  7.738365700938e+001
  7.767971613487e+001
  7.791239243900e+001
  7.792962745815e+001
  7.815261894122e+001
  7.797708849618e+001
  7.793169918170e+001
  7.767539458538e+001
  7.733154869622e+001
  7.715907314132e+001
  7.733062656758e+001
  7.757352765990e+001
  7.781033094243e+001
  7.799018592282e+001
  7.809353261056e+001
  7.775924431829e+001
  7.785875024337e+001
  7.789166359234e+001
  7.806540903534e+001
  7.806952077998e+001
  7.801298511445e+001
  7.809385328197e+001
  7.806175270838e+001
  7.807344951407e+001
  7.812839314029e+001
  7.812851668105e+001
  7.817752261038e+001
  7.829738418909e+001
  7.839315609981e+001
  7.846771024516e+001
  7.859025271177e+001
  7.988084871879e+001
  8.012831416390e+001
  7.984850329583e+001
  7.983664954372e+001
  7.972749680247e+001
  7.949637973248e+001
  7.906950170849e+001
  7.898412824030e+001
  7.876926817902e+001
  7.882098675864e+001
  7.919643154472e+001
  7.924119421652e+001
  7.904393551038e+001
  7.739995034716e+001
  7.672974433907e+001
  7.607359773554e+001
  7.593913460953e+001
  7.590771310893e+001
  7.585274568993e+001
  7.603732477976e+001
  7.605246041969e+001
  7.615700043721e+001
  7.614387569763e+001
  7.618948994609e+001
  7.629923691742e+001
  7.634711145948e+001
  7.624883841856e+001
  7.542002157017e+001
  7.463799975324e+001
  7.421208716527e+001
  7.397640570028e+001
  7.385892497643e+001
  7.380170180051e+001
  7.344684910324e+001
  7.344237220340e+001
  7.360383753988e+001
  7.366972243159e+001
  7.367703105184e+001
  7.344600954952e+001
  7.337379274059e+001
  7.334307829660e+001
  7.322459108864e+001
  7.296502332737e+001
  7.237975968505e+001
  7.195739067874e+001
  7.169035689886e+001
  7.199950914352e+001
  7.212320714322e+001
  7.261573390035e+001
  7.304047065012e+001
  7.312685981873e+001
  7.329696251608e+001
  7.361281959217e+001
  7.542996334422e+001
  7.537256025950e+001
  7.540391462406e+001
  7.541079349446e+001
  7.543478874978e+001
  7.547620559784e+001
  7.555520618836e+001
  7.564285188566e+001
  7.611618062633e+001
  7.651815916571e+001
  7.665616713592e+001
  7.687991700507e+001
  7.672653277070e+001
  7.616133290534e+001
  7.592457254774e+001
  7.576369596198e+001
  7.555045288665e+001
  7.427436260131e+001
  7.441050668474e+001
  7.455256696331e+001
  7.442181602033e+001
  7.436228890774e+001
  7.475413641819e+001
  7.484240314980e+001
  7.492354712348e+001
  7.531235863546e+001
  7.552513067249e+001
  7.582087459465e+001
  7.608762469702e+001
  7.657574133163e+001
  7.717115202764e+001
  7.750827466078e+001
  7.811458358800e+001
  7.863928841980e+001
  7.898494025943e+001
  7.843551041946e+001
  7.959259941313e+001
  8.091322774647e+001
  8.007676220956e+001
  7.827214969307e+001
  7.692738019835e+001
  7.593261218208e+001
  7.406356016461e+001
  7.333273278934e+001
  7.301190298918e+001
  7.241951356042e+001
  7.211025689521e+001
  7.190265677995e+001
  7.193796551751e+001
  7.174722794006e+001
  7.168120546197e+001
  7.167855632913e+001
  7.155051428970e+001
  7.169642252959e+001
  7.161192083699e+001
  7.204968681734e+001
  7.220144466867e+001
  7.197934903195e+001
  7.179268415031e+001
  7.184963948384e+001
  7.170213374013e+001
  7.217926166982e+001
  7.380034218412e+001
  7.691767337544e+001
  7.703075486638e+001
  7.748628843971e+001
  7.965418118666e+001
  8.233238185347e+001
  8.202443423222e+001
  8.157253135682e+001
  8.139807902758e+001
  8.136202157071e+001
  8.103394982365e+001
  8.013608197096e+001
  8.034015560420e+001
  8.064695798706e+001
  8.120649334060e+001
  8.131332925637e+001
  8.140047626985e+001
