  0.000000000000e+000
  0.000000000000e+000
  0.000000000000e+000
  0.000000000000e+000
  0.000000000000e+000
  0.000000000000e+000
  0.000000000000e+000
  0.000000000000e+000
  0.000000000000e+000
  0.000000000000e+000
  0.000000000000e+000
  0.000000000000e+000
  0.000000000000e+000
  0.000000000000e+000
  0.000000000000e+000
  0.000000000000e+000
  0.000000000000e+000
  0.000000000000e+000
  0.000000000000e+000
  9.888999938965e+001
  9.880677336845e+001
  9.886373018531e+001
  9.893353949847e+001
  9.904554194127e+001
  9.894909816852e+001
  9.899136091990e+001
  9.896822311899e+001
  9.901703394849e+001
  9.915773222363e+001
  9.904943483815e+001
  9.907935623483e+001
  9.914478111165e+001
  9.904849362269e+001
  9.911114248944e+001
  9.907620266044e+001
  9.925774951617e+001
  9.913427986455e+001
  9.919728564086e+001
  9.922251764678e+001
  9.931149022332e+001
  9.936884575802e+001
  9.930398591143e+001
  9.927989351567e+001
  9.929818031592e+001
  9.932913390862e+001
  9.931205756523e+001
  9.920945313803e+001
  9.926655245589e+001
  9.923772380467e+001
  9.942244590667e+001
  9.948438071332e+001
  9.948218423254e+001
  9.951347381635e+001
  9.945240218811e+001
  9.943123615191e+001
  9.947417529639e+001
  9.947506445944e+001
  9.952245688337e+001
  9.959798419753e+001
  9.969179916084e+001
  9.971700156973e+001
  9.976401665662e+001
  9.981558235668e+001
  9.983528870483e+001
  9.972964040228e+001
  9.968763203796e+001
  9.961758131010e+001
  9.938115383537e+001
  9.925207061420e+001
  9.931256066025e+001
  9.916502203149e+001
  9.915868660040e+001
  9.929890143875e+001
  9.923848912028e+001
  9.913040078052e+001
  9.903874594390e+001
  9.905688363297e+001
  9.908428237814e+001
  9.921474706582e+001
  9.921781207760e+001
  9.908887665331e+001
  9.920286107597e+001
  9.925882275200e+001
  9.939122245821e+001
  9.950460672364e+001
  9.947946818515e+001
  9.959878136157e+001
  9.959649862307e+001
  9.955792851805e+001
  9.960875009128e+001
  9.963271935584e+001
  9.962009702950e+001
  9.971130959894e+001
  9.976031011013e+001
  9.965055177242e+001
  9.960378350470e+001
  9.965955778105e+001
  9.968259977750e+001
  9.976508228300e+001
  9.949003594100e+001
  9.938130605369e+001
  9.945564983687e+001
  9.947595627892e+001
  9.941713787688e+001
  9.932484172214e+001
  9.912800454237e+001
  9.914686237255e+001
  9.908357690782e+001
  9.915066174059e+001
  9.924413432710e+001
  9.919354093833e+001
  9.932115697109e+001
  9.922463453448e+001
  9.923596339653e+001
  9.933573481573e+001
  9.951114908555e+001
  9.951242203325e+001
  9.958413770723e+001
  9.958728306569e+001
  9.961851405000e+001
  9.958781792357e+001
  9.951580297553e+001
  9.944351984338e+001
  9.954344590409e+001
  9.941141853309e+001
  9.945282371292e+001
  9.954351581519e+001
  9.932992074566e+001
  9.926578971857e+001
  9.920298430774e+001
  9.920357514491e+001
  9.937680697826e+001
  9.931300286191e+001
  9.950901164706e+001
  9.969698735768e+001
  9.985798034624e+001
  1.001701190370e+002
  1.004245421899e+002
  1.005215087492e+002
  1.007737196092e+002
  1.009442631674e+002
  1.010427174778e+002
  1.010603304974e+002
  1.009794641375e+002
  1.011248712838e+002
  1.012272798038e+002
  1.011058589583e+002
  1.009258786908e+002
  1.009204673965e+002
  1.007312012283e+002
  1.004669320999e+002
  1.003698909922e+002
  1.004175482865e+002
  1.002816490457e+002
  1.001633576373e+002
  9.991342696792e+001
  9.994418391620e+001
  9.985344339950e+001
  9.990761060917e+001
  9.988295386022e+001
  9.971429292058e+001
  9.971468778319e+001
  9.982233465430e+001
  9.985805831388e+001
  9.968752366976e+001
  9.958783423538e+001
  9.967179317514e+001
  9.981083695055e+001
  9.982794801067e+001
  9.971862929347e+001
  9.969224009656e+001
  9.960538132569e+001
  9.938582888062e+001
  9.921385154706e+001
  9.906950390277e+001
  9.891207039847e+001
  9.909923876663e+001
  9.912161469522e+001
  9.886817725503e+001
  9.873784263282e+001
  9.870141193327e+001
  9.898605443511e+001
  9.894691558436e+001
  9.899138466341e+001
  9.885881024284e+001
  9.894357756586e+001
  9.891682131613e+001
  9.900286818522e+001
  9.896399153814e+001
  9.887671516519e+001
  9.888952282775e+001
  9.890004466102e+001
  9.880852500616e+001
  9.868269737107e+001
  9.872006950145e+001
  9.892892244473e+001
  9.880641386101e+001
  9.877203504812e+001
  9.872106714998e+001
  9.869248753382e+001
  9.860414165936e+001
  9.867267190196e+001
  9.883082411898e+001
  9.904890294434e+001
  1.015515737267e+002
  1.016315307233e+002
  1.016812614110e+002
  1.016878916227e+002
  1.017965924619e+002
  1.019227133649e+002
  1.019717563376e+002
  1.021299299153e+002
  1.022590961836e+002
  1.023992397858e+002
  1.025869225042e+002
  1.026715340577e+002
  1.028811604525e+002
  1.028864730938e+002
  1.031857395129e+002
  1.032687180816e+002
  1.033673411057e+002
  1.034168227880e+002
  1.036667818106e+002
  1.038980392531e+002
  1.041388844774e+002
  1.040918599822e+002
  1.044509696704e+002
  1.043400608970e+002
  1.043929419503e+002
  1.043624203174e+002
  1.043968431220e+002
  1.044403656452e+002
  1.044890827914e+002
  1.044854614728e+002
  1.048026230392e+002
  1.050952222130e+002
  1.052198672990e+002
  1.054919025662e+002
  1.056493515232e+002
  1.057807941752e+002
  1.058743766976e+002
  1.059777455318e+002
  1.059650477417e+002
  1.061723139053e+002
  1.062385346533e+002
  1.061933074088e+002
  1.063967829037e+002
  1.064782013082e+002
  1.066762539281e+002
  1.065236983870e+002
  1.064912622091e+002
  1.065340810169e+002
  1.065241252809e+002
  1.066200850194e+002
  1.068289494304e+002
  1.068954272528e+002
  1.070667237930e+002
  1.069649532424e+002
  1.070647651794e+002
  1.074962900388e+002
  1.062777205685e+002
  1.065362462585e+002
  1.065848898406e+002
  1.064890994155e+002
  1.063756758483e+002
  1.064291994166e+002
  1.064035028276e+002
  1.063062083813e+002
  1.062775485854e+002
  1.062970243691e+002
  1.061602336929e+002
  1.060910810426e+002
  1.059799991708e+002
  1.059427913320e+002
  1.058704706346e+002
  1.058532564898e+002
  1.057463201012e+002
  1.057331663961e+002
  1.057860492045e+002
  1.057741103157e+002
  1.057618705156e+002
  1.058889030010e+002
  1.058688624597e+002
  1.057527980188e+002
  1.057245539910e+002
  1.057297292680e+002
  1.068146396077e+002
  1.067693544399e+002
  1.066528353377e+002
  1.065647568609e+002
  1.064311090942e+002
  1.063104994467e+002
  1.063521051862e+002
  1.061876848940e+002
  1.061842295009e+002
  1.062216608749e+002
  1.060704290912e+002
  1.059514851893e+002
  1.058332925603e+002
  1.057667937467e+002
  1.057236185024e+002
  1.056945558494e+002
  1.055337566828e+002
  1.053672924708e+002
  1.053469328260e+002
  1.052121973904e+002
  1.053124127055e+002
  1.051384008521e+002
  1.053421611273e+002
  1.054685605141e+002
  1.051573150436e+002
  1.054794295369e+002
  1.055871333586e+002
  1.056676425419e+002
  1.057050823842e+002
  1.056780350261e+002
  1.056328502385e+002
  1.057857502241e+002
  1.056035495926e+002
  1.057572886106e+002
  1.056835671765e+002
  1.058579049471e+002
  1.061961711543e+002
  1.064703116341e+002
  1.064313381904e+002
  1.084781628400e+002
  1.086661242256e+002
  1.088377919250e+002
  1.090815239598e+002
  1.092636754082e+002
  1.094078711950e+002
  1.096624066349e+002
  1.097374218141e+002
  1.098874244903e+002
  1.100058564966e+002
  1.102094624881e+002
  1.103001311450e+002
  1.105173215464e+002
  1.104411952838e+002
  1.105525475560e+002
  1.107197441367e+002
  1.108920478725e+002
  1.113077468333e+002
  1.114881237699e+002
  1.118775588566e+002
  1.126184222858e+002
  1.129780142074e+002
  1.131283044486e+002
  1.134287034618e+002
  1.136116699840e+002
  1.136297671625e+002
  1.138062522594e+002
  1.138997897312e+002
  1.135303947125e+002
  1.135296283871e+002
  1.129700075963e+002
  1.123716829803e+002
  1.121920848205e+002
  1.121036570630e+002
  1.118168917518e+002
  1.117571358572e+002
  1.117336307867e+002
  1.116867642896e+002
  1.118419096051e+002
  1.118038637902e+002
  1.116734531304e+002
  1.114780630521e+002
  1.115407909796e+002
  1.104569475531e+002
  1.102985505694e+002
  1.103186253405e+002
  1.102070971903e+002
  1.100327209643e+002
  1.098958533872e+002
  1.097135832310e+002
  1.096809298811e+002
  1.095049921462e+002
  1.089639942451e+002
  1.089839139015e+002
  1.086962111636e+002
  1.084437542457e+002
  1.084327205074e+002
  1.088739444910e+002
  1.093866458053e+002
  1.096960169385e+002
  1.092829969959e+002
  1.096347711562e+002
  1.097879759017e+002
  1.109369435796e+002
  1.107725890569e+002
  1.108312126308e+002
  1.111786437823e+002
  1.109754943161e+002
  1.108065557026e+002
  1.094647551316e+002
  1.104347801405e+002
  1.104661291600e+002
  1.105849933333e+002
  1.116455737810e+002
  1.110646409717e+002
  1.103106166263e+002
  1.102045223931e+002
  1.106474880416e+002
  1.108792022189e+002
  1.109387382525e+002
  1.108248290012e+002
  1.111506534874e+002
  1.107141021981e+002
  1.108335661307e+002
  1.110329519944e+002
  1.110991620014e+002
  1.113285931355e+002
  1.114004280854e+002
  1.118492738690e+002
  1.118656424126e+002
  1.120398407404e+002
  1.118505567419e+002
  1.116939745098e+002
  1.114458294671e+002
  1.113587436974e+002
  1.112706052704e+002
  1.112403013593e+002
  1.111855503186e+002
  1.108764708903e+002
  1.109007803622e+002
  1.108050658044e+002
  1.107180958385e+002
  1.105766475024e+002
  1.104389722266e+002
  1.102964374190e+002
  1.102380203624e+002
  1.100832254733e+002
  1.105453269148e+002
  1.106168508286e+002
  1.101626480614e+002
  1.078750078630e+002
  1.058145690283e+002
  1.043953899237e+002
  1.060386915705e+002
  1.058330379383e+002
  1.048467373190e+002
  1.042389841904e+002
  1.035631972220e+002
  1.029817908964e+002
  1.026082068034e+002
  1.020607776633e+002
  1.010665637908e+002
  1.006235365096e+002
  1.002550174974e+002
  9.995841608530e+001
  9.990650441003e+001
  9.968859890233e+001
  9.954335224402e+001
  9.965855222340e+001
  9.951911863708e+001
  9.949240150953e+001
  9.919440190354e+001
  9.922102786976e+001
  9.922406074216e+001
  9.916869913331e+001
  9.920927815173e+001
  9.903090755944e+001
  9.900932297731e+001
  9.897825336468e+001
  9.898016469037e+001
  9.884230917807e+001
  9.896470350146e+001
  9.892047486143e+001
  9.892656313254e+001
  9.899294420885e+001
  9.904617165570e+001
  9.917733678628e+001
  9.932607351995e+001
  9.933274792054e+001
  9.939852260556e+001
  9.944244607637e+001
  9.951213544743e+001
  9.951345811868e+001
  9.982224603824e+001
  9.968231699493e+001
  9.947504291619e+001
  9.960394894715e+001
  9.954609475237e+001
  9.947302988917e+001
  9.942079080522e+001
  9.942064225642e+001
  9.930409050391e+001
  9.902690328289e+001
  9.891297965596e+001
  9.936192673369e+001
  9.984347264117e+001
  1.002946012599e+002
  1.006568234492e+002
  1.009506606271e+002
  1.010433060100e+002
  1.012950659628e+002
  1.013990176217e+002
  1.015080061625e+002
  1.023593496928e+002
  1.023898154750e+002
  1.023026680303e+002
  1.023975839935e+002
  1.023720028245e+002
  1.023966040564e+002
  1.021645314526e+002
  1.020144438962e+002
  1.019105752697e+002
  1.017198402515e+002
  1.015068953294e+002
  1.013295894100e+002
  1.012556068035e+002
  1.010171108317e+002
  1.006852468466e+002
  1.003782451053e+002
  1.004140473348e+002
  1.003787597492e+002
  1.003088866019e+002
  1.004521109751e+002
  1.005131269501e+002
  1.005302196016e+002
  1.006254845220e+002
  1.006624740294e+002
  1.006971203807e+002
  1.011582595111e+002
  1.013802291851e+002
  1.018643166115e+002
  1.019344310831e+002
  1.021030640262e+002
  1.023235816421e+002
  1.025542852667e+002
  1.025800672589e+002
  1.027065583589e+002
  1.028082080405e+002
  1.026642667556e+002
  1.024873921833e+002
  1.024930317004e+002
  1.025300078994e+002
  1.027226466748e+002
  1.020558752236e+002
  1.018051322727e+002
  1.010202101035e+002
  1.008259839322e+002
  1.006187855113e+002
  1.004630029923e+002
  1.005827788229e+002
  1.009669608082e+002
  1.011982816242e+002
  1.012253951333e+002
  1.012768298254e+002
  1.012358600098e+002
  1.012078243867e+002
  1.011872255084e+002
  1.012320326435e+002
  1.010428661451e+002
  1.008770274867e+002
  1.007760690767e+002
  1.007190991653e+002
  1.007367829269e+002
  1.007369674347e+002
  1.006642176161e+002
  1.006998202395e+002
  1.007020618985e+002
  1.005857625436e+002
  1.004115760355e+002
  1.004223514290e+002
  1.003719892915e+002
  1.003988021206e+002
  1.005021934209e+002
  1.003889184874e+002
  1.001839779893e+002
  1.002127786062e+002
  1.002503733891e+002
  9.983703012436e+001
  9.879413854097e+001
  9.815322417566e+001
  9.767432906946e+001
  9.744321650776e+001
  9.713479607362e+001
  9.684364462632e+001
  9.593617087379e+001
  9.510485480990e+001
  9.439972897200e+001
  9.465924818746e+001
  9.450685544570e+001
  9.455857722301e+001
  9.475005568106e+001
  9.476638045907e+001
  9.468582550122e+001
  9.474152767155e+001
  9.480263587656e+001
  9.488849341259e+001
  9.484931369085e+001
  9.493475493751e+001
  9.515743536308e+001
  9.541078009058e+001
  9.531991844995e+001
  9.540041812202e+001
  9.536570351063e+001
  9.539459113414e+001
  9.543375106448e+001
  9.528455230993e+001
  9.542123921627e+001
  9.542849735605e+001
  9.538627222030e+001
  9.533610977686e+001
  9.529344123078e+001
  9.514273043344e+001
  9.526974677990e+001
  9.513319422502e+001
  9.492683058536e+001
  9.484015545286e+001
  9.515801440534e+001
  9.582512058535e+001
  9.597540108975e+001
  9.607115344167e+001
  9.604572071333e+001
  9.601138296510e+001
  9.640426258660e+001
  9.626793080011e+001
  9.624152192354e+001
  9.639717572018e+001
  9.651727265044e+001
  9.712449425643e+001
  9.746159237902e+001
  9.764010294827e+001
  1.005622659955e+002
  1.005309553201e+002
  1.005163647727e+002
  1.011301465728e+002
  1.018637587138e+002
  1.018106129215e+002
  1.018151872408e+002
  1.024380875705e+002
  1.024128053659e+002
  1.025624493970e+002
  1.025961659622e+002
  1.025027771297e+002
  1.026105030038e+002
  1.025261741183e+002
