  0.000000000000e+000  0.000000000000e+000  0.000000000000e+000
  0.000000000000e+000  0.000000000000e+000  0.000000000000e+000
  0.000000000000e+000  0.000000000000e+000  0.000000000000e+000
  0.000000000000e+000  0.000000000000e+000  0.000000000000e+000
  0.000000000000e+000  0.000000000000e+000  0.000000000000e+000
  0.000000000000e+000  0.000000000000e+000  0.000000000000e+000
  0.000000000000e+000  0.000000000000e+000  0.000000000000e+000
  0.000000000000e+000  0.000000000000e+000  0.000000000000e+000
  0.000000000000e+000  0.000000000000e+000  0.000000000000e+000
  0.000000000000e+000  0.000000000000e+000  0.000000000000e+000
  0.000000000000e+000  0.000000000000e+000  0.000000000000e+000
  0.000000000000e+000  0.000000000000e+000  0.000000000000e+000
  0.000000000000e+000  0.000000000000e+000  0.000000000000e+000
  0.000000000000e+000  0.000000000000e+000  0.000000000000e+000
  0.000000000000e+000  0.000000000000e+000  0.000000000000e+000
  0.000000000000e+000  0.000000000000e+000  0.000000000000e+000
  0.000000000000e+000  0.000000000000e+000  0.000000000000e+000
  0.000000000000e+000  0.000000000000e+000  0.000000000000e+000
  0.000000000000e+000  0.000000000000e+000  0.000000000000e+000
  2.612093887848e+002 -6.315488125348e+001 -5.245971835675e+001
  2.612557501967e+002 -6.307910654839e+001 -5.242986779587e+001
  2.612672219313e+002 -6.305177913738e+001 -5.244681880751e+001
  2.612757285828e+002 -6.296563710328e+001 -5.245482149983e+001
  2.612673955567e+002 -6.289378524447e+001 -5.247550380485e+001
  2.612736124342e+002 -6.283174217905e+001 -5.249563879535e+001
  2.612891852961e+002 -6.277581858480e+001 -5.248322363433e+001
  2.613401981285e+002 -6.272847842602e+001 -5.248246081190e+001
  2.613439318797e+002 -6.266223130363e+001 -5.246293426007e+001
  2.613443547378e+002 -6.257852559598e+001 -5.247447811025e+001
  2.613280079771e+002 -6.253515778958e+001 -5.249699620456e+001
  2.613170674816e+002 -6.247291296636e+001 -5.253055486444e+001
  2.612992541794e+002 -6.241667662415e+001 -5.255741722313e+001
  2.612979382048e+002 -6.234902356332e+001 -5.256370626717e+001
  2.612929077929e+002 -6.227833612564e+001 -5.257659549074e+001
  2.613195046455e+002 -6.220428479206e+001 -5.253689870358e+001
  2.613411866984e+002 -6.208954914461e+001 -5.255994238599e+001
  2.613622236107e+002 -6.201919491788e+001 -5.257933353825e+001
  2.613992190481e+002 -6.193323107591e+001 -5.264077487348e+001
  2.614044369812e+002 -6.184911264513e+001 -5.267333007770e+001
  2.613897639116e+002 -6.171163770769e+001 -5.268149912859e+001
  2.613807345123e+002 -6.170947256661e+001 -5.266497886243e+001
  2.613642868197e+002 -6.163878757979e+001 -5.266665880747e+001
  2.613578586136e+002 -6.156468536811e+001 -5.263513592647e+001
  2.613615404827e+002 -6.148356394220e+001 -5.263008302121e+001
  2.613513051442e+002 -6.141812381372e+001 -5.263156384683e+001
  2.613202720496e+002 -6.136059483998e+001 -5.264689095296e+001
  2.612913162409e+002 -6.123249828707e+001 -5.265611100481e+001
  2.612819920163e+002 -6.124990991932e+001 -5.265605519812e+001
  2.612721716632e+002 -6.119798952410e+001 -5.265470062199e+001
  2.612554096057e+002 -6.114858441613e+001 -5.266049252321e+001
  2.612282281563e+002 -6.109304660572e+001 -5.266043116484e+001
  2.612293726046e+002 -6.101396448246e+001 -5.269030196587e+001
  2.611980789154e+002 -6.095836361800e+001 -5.268826073641e+001
  2.611858057691e+002 -6.087060340849e+001 -5.268419643096e+001
  2.611784671756e+002 -6.081383385131e+001 -5.268317555933e+001
  2.611364479398e+002 -6.077518564924e+001 -5.268668503026e+001
  2.611246847842e+002 -6.071825581649e+001 -5.267389756158e+001
  2.610925764716e+002 -6.066124751382e+001 -5.267115913291e+001
  2.610722895567e+002 -6.062947842980e+001 -5.264602711192e+001
  2.610626197612e+002 -6.055105893735e+001 -5.261400906163e+001
  2.610450235888e+002 -6.045530936415e+001 -5.264229786414e+001
  2.611472503411e+002 -6.033214704454e+001 -5.256858754892e+001
  2.611002532832e+002 -6.027753019816e+001 -5.256692689706e+001
  2.611692065032e+002 -6.018274910738e+001 -5.256684318951e+001
  2.612378061754e+002 -6.006776736118e+001 -5.257960633341e+001
  2.612783662233e+002 -5.999859066383e+001 -5.258600814236e+001
  2.613091617604e+002 -5.991815344878e+001 -5.257310444343e+001
  2.612292821886e+002 -5.984312172030e+001 -5.259177762196e+001
  2.610947142433e+002 -5.981707408739e+001 -5.262089995301e+001
  2.610163277435e+002 -5.978628287521e+001 -5.264277125997e+001
  2.609358772590e+002 -5.974065687683e+001 -5.268628461999e+001
  2.608955292101e+002 -5.968766789837e+001 -5.269860942528e+001
  2.608323388988e+002 -5.962108072545e+001 -5.270288175187e+001
  2.607660320429e+002 -5.948472539283e+001 -5.274651502621e+001
  2.607254711152e+002 -5.946625775795e+001 -5.280517672818e+001
  2.606765114633e+002 -5.936536758842e+001 -5.282550324832e+001
  2.605943758277e+002 -5.933119044611e+001 -5.285950454296e+001
  2.604817951463e+002 -5.929027882817e+001 -5.289295928460e+001
  2.603631910165e+002 -5.922827463601e+001 -5.292837324151e+001
  2.602922754046e+002 -5.916621265990e+001 -5.296086659868e+001
  2.601894162792e+002 -5.914007120401e+001 -5.301991848781e+001
  2.601309909900e+002 -5.907571219149e+001 -5.306516304824e+001
  2.600394749889e+002 -5.905576733889e+001 -5.309417578074e+001
  2.600633926708e+002 -5.897593548529e+001 -5.312172437342e+001
  2.601009564097e+002 -5.888288361660e+001 -5.314136308148e+001
  2.602245127245e+002 -5.876725362389e+001 -5.314609544417e+001
  2.602087831981e+002 -5.871805272336e+001 -5.315222231411e+001
  2.602818661773e+002 -5.861244675954e+001 -5.314866642929e+001
  2.602440369784e+002 -5.855469011775e+001 -5.317103090777e+001
  2.602356993922e+002 -5.846402842998e+001 -5.316591504329e+001
  2.601769408509e+002 -5.839719243150e+001 -5.322359020922e+001
  2.600326603972e+002 -5.838305125954e+001 -5.326966899056e+001
  2.599164240144e+002 -5.835808184772e+001 -5.332462065890e+001
  2.598364575361e+002 -5.830157554214e+001 -5.332330859702e+001
  2.597590088370e+002 -5.826868108246e+001 -5.331820884487e+001
  2.596780426723e+002 -5.827049676304e+001 -5.337111006765e+001
  2.595546091234e+002 -5.827145722826e+001 -5.339902070151e+001
  2.595075299183e+002 -5.826517184621e+001 -5.345554819276e+001
  2.594271449045e+002 -5.816210422300e+001 -5.349375934013e+001
  2.594116247880e+002 -5.810009679624e+001 -5.353104919762e+001
  2.593719462714e+002 -5.806843839044e+001 -5.359670629747e+001
  2.592898938703e+002 -5.803797418329e+001 -5.364205975412e+001
  2.592932806842e+002 -5.800477866687e+001 -5.360774453091e+001
  2.591534580763e+002 -5.801468303229e+001 -5.363374752443e+001
  2.591199014154e+002 -5.796601749288e+001 -5.364674771959e+001
  2.590614772560e+002 -5.794138750488e+001 -5.370301703860e+001
  2.590819903921e+002 -5.786188542183e+001 -5.377926684215e+001
  2.590489465060e+002 -5.778933904299e+001 -5.377360172137e+001
  2.590119120253e+002 -5.771035355756e+001 -5.378377556619e+001
  2.589991633399e+002 -5.766126790125e+001 -5.378374684542e+001
  2.589846147199e+002 -5.759476833005e+001 -5.379143562314e+001
  2.590315933935e+002 -5.748239831624e+001 -5.383728384435e+001
  2.589195280168e+002 -5.747688859211e+001 -5.388660805875e+001
  2.588943958081e+002 -5.739548935387e+001 -5.394498226413e+001
  2.589491510627e+002 -5.725774240278e+001 -5.402180798298e+001
  2.588719049222e+002 -5.711185805124e+001 -5.402192288818e+001
  2.587694723255e+002 -5.706280467445e+001 -5.399822950995e+001
  2.586602774751e+002 -5.705181007180e+001 -5.396509225621e+001
  2.585192033857e+002 -5.705187991338e+001 -5.390984252537e+001
  2.583585478559e+002 -5.708766557771e+001 -5.388693743840e+001
  2.581323489735e+002 -5.706466861564e+001 -5.387600320895e+001
  2.579996395800e+002 -5.713599355657e+001 -5.389248737537e+001
  2.578179139559e+002 -5.718632368094e+001 -5.389260901770e+001
  2.577080946841e+002 -5.711816464410e+001 -5.387228556684e+001
  2.576354852502e+002 -5.717391194814e+001 -5.385136625336e+001
  2.575674327062e+002 -5.709035424065e+001 -5.379673211461e+001
  2.575225975699e+002 -5.704004291739e+001 -5.378821266695e+001
  2.573380472450e+002 -5.709148053100e+001 -5.382033131915e+001
  2.571929531170e+002 -5.719156045100e+001 -5.385628087153e+001
  2.570938993083e+002 -5.708068059440e+001 -5.384381250188e+001
  2.570409369241e+002 -5.696688488715e+001 -5.384072355386e+001
  2.570619867726e+002 -5.687410967338e+001 -5.384990872314e+001
  2.570241768606e+002 -5.677519378368e+001 -5.384697730763e+001
  2.571039199737e+002 -5.662468267879e+001 -5.380086779694e+001
  2.571820784690e+002 -5.645740095240e+001 -5.378484859921e+001
  2.572460494172e+002 -5.632668308602e+001 -5.375070375345e+001
  2.573063224217e+002 -5.619862337262e+001 -5.380820809761e+001
  2.573445312533e+002 -5.606319951814e+001 -5.380150085476e+001
  2.573709650405e+002 -5.589212732187e+001 -5.380426983691e+001
  2.574917623543e+002 -5.577837944549e+001 -5.378217996086e+001
  2.574911650612e+002 -5.569224734613e+001 -5.381322474520e+001
  2.577176878068e+002 -5.542328010410e+001 -5.375929444416e+001
  2.578093662843e+002 -5.525630060895e+001 -5.371239892484e+001
  2.577368562112e+002 -5.517397073444e+001 -5.365288322920e+001
  2.577014775668e+002 -5.509432010135e+001 -5.365285092548e+001
  2.576861174753e+002 -5.499487777821e+001 -5.364124290090e+001
  2.576366614030e+002 -5.494534745587e+001 -5.363773209671e+001
  2.576143448419e+002 -5.482477786300e+001 -5.362859165217e+001
  2.576123735318e+002 -5.473944422416e+001 -5.358943444696e+001
  2.577017822024e+002 -5.461842038772e+001 -5.358578186936e+001
  2.577627297533e+002 -5.448294197133e+001 -5.361294077057e+001
  2.578345596879e+002 -5.436863316945e+001 -5.367222174829e+001
  2.579304306163e+002 -5.423301128129e+001 -5.372118470632e+001
  2.579245873593e+002 -5.416878727662e+001 -5.376598030252e+001
  2.579411479212e+002 -5.409674846264e+001 -5.379157353019e+001
  2.579174581004e+002 -5.351689836905e+001 -5.405997521128e+001
  2.580161593362e+002 -5.339321944210e+001 -5.415961806034e+001
  2.579897287715e+002 -5.331628756672e+001 -5.416698471752e+001
  2.579648865541e+002 -5.328022011783e+001 -5.417274205427e+001
  2.579497916082e+002 -5.321685427828e+001 -5.418191470785e+001
  2.579209469870e+002 -5.315086658964e+001 -5.418838721699e+001
  2.578668283206e+002 -5.304104937757e+001 -5.419669794974e+001
  2.578250467658e+002 -5.298941204333e+001 -5.418458642892e+001
  2.578076101986e+002 -5.295343116279e+001 -5.418154398790e+001
  2.577996177249e+002 -5.289109178306e+001 -5.417745034507e+001
  2.578292605053e+002 -5.280457855336e+001 -5.424658170150e+001
  2.578194259124e+002 -5.271841980843e+001 -5.423496559727e+001
  2.578009805488e+002 -5.261326249595e+001 -5.420373220349e+001
  2.577021309265e+002 -5.256157209271e+001 -5.418015251391e+001
  2.575534073724e+002 -5.250804401166e+001 -5.408584606048e+001
  2.573562507837e+002 -5.252628188048e+001 -5.401467174573e+001
  2.571641587450e+002 -5.253383837129e+001 -5.392716607099e+001
  2.569629500162e+002 -5.254065154065e+001 -5.389105254141e+001
  2.568022036115e+002 -5.255498254805e+001 -5.382881265423e+001
  2.566160962488e+002 -5.259209612496e+001 -5.381786316389e+001
  2.563857288514e+002 -5.268196854457e+001 -5.379231376356e+001
  2.562785283452e+002 -5.266719885289e+001 -5.380361192696e+001
  2.561094345131e+002 -5.268880804870e+001 -5.379665218605e+001
  2.559832999846e+002 -5.269243830642e+001 -5.382878547692e+001
  2.558375944310e+002 -5.272208403254e+001 -5.385364884329e+001
  2.558521874404e+002 -5.258947662141e+001 -5.389032844291e+001
  2.558570841236e+002 -5.248955552032e+001 -5.387522097699e+001
  2.558562277520e+002 -5.240461725370e+001 -5.382788154334e+001
  2.559004988940e+002 -5.230173248972e+001 -5.383263628122e+001
  2.559318916580e+002 -5.216198702856e+001 -5.385108366893e+001
  2.559827749014e+002 -5.204938364786e+001 -5.384457494102e+001
  2.560633801124e+002 -5.198934444498e+001 -5.384316935312e+001
  2.561116003224e+002 -5.191515853454e+001 -5.386963406031e+001
  2.561639013153e+002 -5.185463577660e+001 -5.390012445197e+001
  2.561959527375e+002 -5.178059134039e+001 -5.390699477340e+001
  2.562735975705e+002 -5.166488282588e+001 -5.391220620033e+001
  2.562264841703e+002 -5.160671171115e+001 -5.392127884576e+001
  2.561983583149e+002 -5.148850371887e+001 -5.394178464425e+001
  2.561322000195e+002 -5.142014002356e+001 -5.393542334810e+001
  2.560995677614e+002 -5.131918199995e+001 -5.392903373913e+001
  2.559964756616e+002 -5.129575264588e+001 -5.397619475308e+001
  2.559845369486e+002 -5.121237045074e+001 -5.394065103380e+001
  2.559334656191e+002 -5.116922297112e+001 -5.388387380696e+001
  2.559337301873e+002 -5.110110956120e+001 -5.388735027887e+001
  2.558984508052e+002 -5.101055672016e+001 -5.387153199720e+001
  2.559204549124e+002 -5.091280626751e+001 -5.383095505411e+001
  2.558702071104e+002 -5.083362774330e+001 -5.381603224374e+001
  2.558522899841e+002 -5.071193113728e+001 -5.381208036871e+001
  2.559213000792e+002 -5.056042781193e+001 -5.378169037764e+001
  2.558951377859e+002 -5.018331097471e+001 -5.357851074359e+001
  2.559420861826e+002 -5.002743206752e+001 -5.359644007975e+001
  2.560721306457e+002 -4.986099002709e+001 -5.358005675805e+001
  2.559933818288e+002 -4.977018733535e+001 -5.360635975245e+001
  2.559844194035e+002 -4.961480066858e+001 -5.361298728544e+001
  2.559437947589e+002 -4.954902665013e+001 -5.354699277122e+001
  2.558926637126e+002 -4.947646703472e+001 -5.350327829579e+001
  2.558793787423e+002 -4.939005071496e+001 -5.346085241327e+001
  2.558593768323e+002 -4.928830882290e+001 -5.340351987175e+001
  2.558236745055e+002 -4.922837730291e+001 -5.335554707289e+001
  2.558235464862e+002 -4.916822432915e+001 -5.329845889422e+001
  2.558372025407e+002 -4.907958776698e+001 -5.325975150036e+001
  2.557855445810e+002 -4.905879617577e+001 -5.324882336776e+001
  2.558397725428e+002 -4.893004918853e+001 -5.319276903428e+001
  2.558622204643e+002 -4.883317814326e+001 -5.321869059870e+001
  2.558591677422e+002 -4.875633402618e+001 -5.318553113257e+001
  2.559093710863e+002 -4.862110524295e+001 -5.314076113882e+001
  2.557854378080e+002 -4.866522572531e+001 -5.312163017717e+001
  2.557914396279e+002 -4.859253518606e+001 -5.310037228080e+001
  2.557184116764e+002 -4.859260740207e+001 -5.311451576772e+001
  2.556496722990e+002 -4.857307444068e+001 -5.311098390303e+001
  2.556985643240e+002 -4.845127875449e+001 -5.310274558204e+001
  2.556914119612e+002 -4.835134041536e+001 -5.310387957508e+001
  2.557185854191e+002 -4.822267557233e+001 -5.310257282786e+001
  2.557344153236e+002 -4.816562527442e+001 -5.307585817323e+001
  2.558199317691e+002 -4.800240735086e+001 -5.309156019984e+001
  2.558670762647e+002 -4.791108303260e+001 -5.316130994468e+001
  2.559331108414e+002 -4.771113944217e+001 -5.314622835194e+001
  2.560456820264e+002 -4.746241235278e+001 -5.312017088402e+001
  2.561646425503e+002 -4.719165388191e+001 -5.309012398004e+001
  2.562919751578e+002 -4.715210533728e+001 -5.308178350730e+001
  2.564100602159e+002 -4.694795926160e+001 -5.303338627865e+001
  2.564949253289e+002 -4.671290406849e+001 -5.299831199681e+001
  2.566113063169e+002 -4.648281996989e+001 -5.297723762351e+001
  2.567046205691e+002 -4.626777422236e+001 -5.296922773378e+001
  2.568620328645e+002 -4.593854454162e+001 -5.297274867364e+001
  2.569925221122e+002 -4.564290253696e+001 -5.302841126442e+001
  2.569719128435e+002 -4.558001578269e+001 -5.304018594361e+001
  2.570505746654e+002 -4.531569435645e+001 -5.307851470468e+001
  2.571253079145e+002 -4.511011724635e+001 -5.302826086065e+001
  2.572120502826e+002 -4.490718570377e+001 -5.311454226418e+001
  2.572981419773e+002 -4.462751608254e+001 -5.301054077802e+001
  2.574261085834e+002 -4.438713388583e+001 -5.303888002207e+001
  2.575648326402e+002 -4.408288770400e+001 -5.303669356446e+001
  2.575533321718e+002 -4.403333461631e+001 -5.305533676878e+001
  2.575115497693e+002 -4.400033403426e+001 -5.307543255833e+001
  2.574735195896e+002 -4.396551536799e+001 -5.304731752309e+001
  2.574646986856e+002 -4.391057064125e+001 -5.305220081263e+001
  2.574599369916e+002 -4.384189756066e+001 -5.305358929775e+001
  2.574221336051e+002 -4.378099559449e+001 -5.308195454161e+001
  2.574229490302e+002 -4.372144483564e+001 -5.308436846160e+001
  2.574340352127e+002 -4.364735159406e+001 -5.309721645020e+001
  2.574192190164e+002 -4.358966135450e+001 -5.306593092910e+001
  2.573747809471e+002 -4.353544724605e+001 -5.305159491610e+001
  2.573908250773e+002 -4.346570719588e+001 -5.303188295291e+001
  2.575165625027e+002 -4.312221094050e+001 -5.303180649268e+001
  2.575508162223e+002 -4.274695397608e+001 -5.311547940807e+001
  2.576850724459e+002 -4.246874132507e+001 -5.307387727773e+001
  2.575795610777e+002 -4.262069733208e+001 -5.309269316813e+001
  2.577117316711e+002 -4.243846337140e+001 -5.316702916677e+001
  2.576553465971e+002 -4.250494440772e+001 -5.323068086823e+001
  2.577882341592e+002 -4.229338419407e+001 -5.319065893716e+001
  2.578059348815e+002 -4.218113875597e+001 -5.317383734194e+001
  2.577375012381e+002 -4.227118860163e+001 -5.321636744987e+001
  2.577567401072e+002 -4.223330547089e+001 -5.321722601091e+001
  2.577090400799e+002 -4.227620428657e+001 -5.325251157467e+001
  2.576828042146e+002 -4.226814646656e+001 -5.327166395183e+001
  2.577213508553e+002 -4.217884225724e+001 -5.324282005962e+001
  2.577022683362e+002 -4.216484273727e+001 -5.328513416783e+001
  2.577379683684e+002 -4.209823091816e+001 -5.332887123811e+001
  2.576528613157e+002 -4.209618755919e+001 -5.339646935093e+001
  2.576268339768e+002 -4.204862102243e+001 -5.340120824360e+001
  2.574476752715e+002 -4.207539025552e+001 -5.348386922340e+001
  2.572785715052e+002 -4.202950684156e+001 -5.351965518607e+001
  2.571265833645e+002 -4.197756195943e+001 -5.349878416447e+001
  2.569454999751e+002 -4.195839702910e+001 -5.354222464742e+001
  2.568287846611e+002 -4.191388176725e+001 -5.353843266821e+001
  2.567170699913e+002 -4.184237937276e+001 -5.353986074021e+001
  2.565675129717e+002 -4.178961080135e+001 -5.358335540033e+001
  2.564113214241e+002 -4.171669665244e+001 -5.360464593115e+001
  2.562344291815e+002 -4.156122700597e+001 -5.365593918114e+001
  2.560749712684e+002 -4.152410518812e+001 -5.369098902582e+001
  2.559877965389e+002 -4.175691163379e+001 -5.386314348953e+001
  2.558697695292e+002 -4.170903152966e+001 -5.388687471012e+001
  2.557174523814e+002 -4.181877325346e+001 -5.393403963564e+001
  2.555617105983e+002 -4.189082276418e+001 -5.399829981179e+001
  2.554099953729e+002 -4.193552910253e+001 -5.404399191475e+001
  2.552540251021e+002 -4.194587495129e+001 -5.409598590857e+001
  2.551037397957e+002 -4.205271575649e+001 -5.413156287727e+001
  2.549849930951e+002 -4.214149730004e+001 -5.414886346991e+001
  2.548621491248e+002 -4.224978695991e+001 -5.417434209890e+001
  2.547593694528e+002 -4.233881139904e+001 -5.414240989898e+001
  2.546317157725e+002 -4.244408542385e+001 -5.411778422267e+001
  2.546606836247e+002 -4.235471430823e+001 -5.405642360738e+001
  2.546190431445e+002 -4.242741803805e+001 -5.401198335296e+001
  2.546644853071e+002 -4.229921245955e+001 -5.400878507602e+001
  2.546869386931e+002 -4.217951891942e+001 -5.397819987395e+001
  2.547001134810e+002 -4.200426548167e+001 -5.396410278330e+001
  2.547365789700e+002 -4.193820581421e+001 -5.393263727089e+001
  2.547599091511e+002 -4.184351739203e+001 -5.390323111377e+001
  2.547778937063e+002 -4.161352820119e+001 -5.387523977098e+001
  2.547694685770e+002 -4.156921312718e+001 -5.381397022819e+001
  2.548139390225e+002 -4.134116320135e+001 -5.378336284190e+001
  2.547935716594e+002 -4.134678466398e+001 -5.377225622617e+001
  2.548654956971e+002 -4.111302231396e+001 -5.379091093639e+001
  2.549206080074e+002 -4.082149442304e+001 -5.377088209753e+001
  2.549188239757e+002 -4.077370968687e+001 -5.373818365102e+001
  2.549866608293e+002 -4.041804850823e+001 -5.375677228707e+001
  2.549858727603e+002 -4.034809557044e+001 -5.375315579671e+001
  2.549861186934e+002 -4.027678710645e+001 -5.374913138676e+001
  2.549646024494e+002 -4.019797187456e+001 -5.376339196606e+001
  2.549574572680e+002 -4.013606996816e+001 -5.374488262923e+001
  2.549627782012e+002 -4.006090858893e+001 -5.371521608382e+001
  2.549566709072e+002 -4.001906279807e+001 -5.372382395649e+001
  2.549198116638e+002 -3.996743222975e+001 -5.369179812616e+001
  2.549267731305e+002 -3.991242381360e+001 -5.373242264337e+001
  2.549129965794e+002 -3.986766201038e+001 -5.374684300016e+001
  2.549652288622e+002 -3.965194256637e+001 -5.373582614513e+001
  2.550242840515e+002 -3.938510150008e+001 -5.382588890144e+001
  2.551039443223e+002 -3.909439794000e+001 -5.389338376912e+001
  2.551912757707e+002 -3.885657173901e+001 -5.389446348994e+001
  2.553104135524e+002 -3.857112841802e+001 -5.387510704111e+001
  2.553322388608e+002 -3.843971017602e+001 -5.388041964930e+001
  2.553158203821e+002 -3.836353388541e+001 -5.386391713771e+001
  2.553326771816e+002 -3.822438999459e+001 -5.387431866983e+001
  2.553802951810e+002 -3.807837362818e+001 -5.387095918828e+001
  2.553213185735e+002 -3.800582104768e+001 -5.390813838802e+001
  2.552383753323e+002 -3.792236821233e+001 -5.391046444588e+001
  2.551571980838e+002 -3.784406338154e+001 -5.392238021611e+001
  2.550064736007e+002 -3.786111613660e+001 -5.393429939278e+001
  2.548447888666e+002 -3.783389606970e+001 -5.394159443020e+001
  2.546813945077e+002 -3.781629059259e+001 -5.395031053315e+001
  2.545818257126e+002 -3.776271041717e+001 -5.396276694290e+001
  2.544616837539e+002 -3.770991564874e+001 -5.398306184129e+001
  2.543336897422e+002 -3.763800033733e+001 -5.400343948976e+001
  2.541806948771e+002 -3.757500634426e+001 -5.405238605200e+001
  2.540810022159e+002 -3.753376198570e+001 -5.407831069005e+001
  2.539415541353e+002 -3.747028378802e+001 -5.408800678340e+001
  2.538260033498e+002 -3.735163407614e+001 -5.414071307705e+001
  2.536897640231e+002 -3.726802960339e+001 -5.421493409875e+001
  2.535227523185e+002 -3.714095956486e+001 -5.426222712232e+001
  2.532735823057e+002 -3.720731908269e+001 -5.450415040670e+001
  2.531566266672e+002 -3.718181447424e+001 -5.451671340999e+001
  2.530511399643e+002 -3.714128707841e+001 -5.455662579321e+001
  2.529302598575e+002 -3.705404198736e+001 -5.455400247705e+001
  2.528555291122e+002 -3.699265587964e+001 -5.457629289502e+001
  2.527954830060e+002 -3.693331990297e+001 -5.463891580073e+001
  2.527289632321e+002 -3.668763305788e+001 -5.471053018716e+001
  2.527103479426e+002 -3.664354964661e+001 -5.474921119799e+001
  2.526198725260e+002 -3.665175228019e+001 -5.477629895042e+001
  2.525365499206e+002 -3.657458292776e+001 -5.480705033161e+001
  2.524801302283e+002 -3.666155969507e+001 -5.479364547441e+001
  2.524338889973e+002 -3.674318538459e+001 -5.477954572963e+001
  2.524076743448e+002 -3.676611319531e+001 -5.477418356378e+001
  2.523509572048e+002 -3.665453673797e+001 -5.476652670505e+001
  2.522809384357e+002 -3.672362762609e+001 -5.477881441622e+001
  2.522203247371e+002 -3.675762731612e+001 -5.478848868096e+001
  2.521193853613e+002 -3.677092103746e+001 -5.477297190107e+001
  2.520288678167e+002 -3.683299653705e+001 -5.473675271010e+001
  2.519927862890e+002 -3.685183917641e+001 -5.471568079332e+001
  2.519438261223e+002 -3.682921255375e+001 -5.469874246187e+001
  2.519324512522e+002 -3.677294765466e+001 -5.465639423162e+001
  2.518679277906e+002 -3.684258130915e+001 -5.463854490196e+001
  2.518838970924e+002 -3.679100963560e+001 -5.460478880913e+001
  2.516806069479e+002 -3.708056363201e+001 -5.447271968538e+001
  2.516330162518e+002 -3.709304030514e+001 -5.444176386048e+001
  2.516525289242e+002 -3.698664565853e+001 -5.438881845911e+001
  2.516270500750e+002 -3.697642230231e+001 -5.434891072043e+001
  2.515487124724e+002 -3.707389033837e+001 -5.434633183772e+001
  2.514885937931e+002 -3.707350650536e+001 -5.434595890730e+001
  2.514754727160e+002 -3.698586599303e+001 -5.430975140972e+001
  2.514473397434e+002 -3.690870583725e+001 -5.429750448649e+001
  2.514034744814e+002 -3.688609300191e+001 -5.426246414094e+001
  2.513502494936e+002 -3.696485333192e+001 -5.423810480062e+001
  2.513521929560e+002 -3.688724581730e+001 -5.422883567445e+001
  2.513167318155e+002 -3.697336938026e+001 -5.422286841616e+001
  2.512659109007e+002 -3.698618768616e+001 -5.420887755233e+001
  2.512644213243e+002 -3.688759965471e+001 -5.418310640369e+001
  2.512920250590e+002 -3.662763192627e+001 -5.422148165841e+001
  2.513091652520e+002 -3.629167345084e+001 -5.427158121090e+001
  2.513328196065e+002 -3.607329731118e+001 -5.427508727409e+001
  2.513347086890e+002 -3.609290114311e+001 -5.427944733125e+001
  2.513843418533e+002 -3.584711690530e+001 -5.428824315246e+001
  2.513803904580e+002 -3.571774599676e+001 -5.430031146241e+001
  2.514595766092e+002 -3.518489787955e+001 -5.432781827431e+001
  2.514699125060e+002 -3.511989270310e+001 -5.429514045871e+001
  2.514277368655e+002 -3.506670230552e+001 -5.430646279266e+001
  2.514648626826e+002 -3.479888030641e+001 -5.434634878986e+001
  2.514348263185e+002 -3.472118864635e+001 -5.436894129101e+001
  2.514092563706e+002 -3.464444312079e+001 -5.434754688482e+001
  2.513208936763e+002 -3.494729925645e+001 -5.429640653584e+001
  2.513638010982e+002 -3.458917839328e+001 -5.415711595523e+001
  2.513216324984e+002 -3.454366732889e+001 -5.414857140368e+001
  2.512843113959e+002 -3.447732568861e+001 -5.412881777768e+001
  2.513415453937e+002 -3.405692114391e+001 -5.422697782368e+001
  2.512903913867e+002 -3.414313481299e+001 -5.418765298198e+001
  2.512104569126e+002 -3.423944820200e+001 -5.414226338907e+001
  2.511644977648e+002 -3.413147401080e+001 -5.416266178414e+001
  2.512018489573e+002 -3.388874403016e+001 -5.416382841840e+001
  2.512373311794e+002 -3.363936233464e+001 -5.417037210952e+001
  2.512310367801e+002 -3.348391433994e+001 -5.416968473928e+001
  2.512206674857e+002 -3.336212654446e+001 -5.415642400566e+001
  2.510575922117e+002 -3.307855174880e+001 -5.412637143652e+001
  2.509908879355e+002 -3.309517983871e+001 -5.409802729350e+001
  2.509704436915e+002 -3.300883028144e+001 -5.401906894067e+001
  2.509698932403e+002 -3.288754623344e+001 -5.392892485374e+001
  2.509607080225e+002 -3.276430797278e+001 -5.388582998352e+001
  2.509597999080e+002 -3.268146476166e+001 -5.382605648159e+001
  2.509484523928e+002 -3.259175913602e+001 -5.377590978004e+001
  2.509673175646e+002 -3.245450300925e+001 -5.368125776720e+001
  2.509432334458e+002 -3.239599935345e+001 -5.362885950954e+001
  2.509333897210e+002 -3.230010430369e+001 -5.360257040448e+001
  2.508878828016e+002 -3.224477878234e+001 -5.356247242177e+001
  2.508291169367e+002 -3.218706517617e+001 -5.351569661972e+001
  2.507352211059e+002 -3.215779568316e+001 -5.350518703644e+001
  2.506594647094e+002 -3.211264408965e+001 -5.349974704609e+001
  2.505908744325e+002 -3.206203786507e+001 -5.348444688616e+001
  2.505027224820e+002 -3.204247819155e+001 -5.346728714793e+001
  2.504240868877e+002 -3.196958672943e+001 -5.344503333746e+001
  2.503343361303e+002 -3.189360181591e+001 -5.345265622282e+001
  2.502995981937e+002 -3.179229669450e+001 -5.346724832834e+001
  2.502189229730e+002 -3.174226489467e+001 -5.348553600480e+001
  2.501915978859e+002 -3.166640219138e+001 -5.345811720839e+001
  2.501254663711e+002 -3.161612099382e+001 -5.344692184119e+001
  2.500298626829e+002 -3.155083219777e+001 -5.345336403774e+001
  2.499676162506e+002 -3.149361881441e+001 -5.344954632960e+001
  2.499328714152e+002 -3.141211920481e+001 -5.342987923311e+001
  2.498703059971e+002 -3.138814007289e+001 -5.346016433242e+001
  2.497515997000e+002 -3.121798357571e+001 -5.345976946504e+001
  2.496555269591e+002 -3.111691686257e+001 -5.346216586220e+001
  2.495496637963e+002 -3.110787273721e+001 -5.347330611459e+001
  2.494909726720e+002 -3.150991222465e+001 -5.341332712316e+001
  2.494802628221e+002 -3.188257864827e+001 -5.339209198551e+001
  2.495202848920e+002 -3.220957166407e+001 -5.338753580339e+001
  2.495331799148e+002 -3.228377825854e+001 -5.330121582917e+001
  2.494834404957e+002 -3.226505208445e+001 -5.328621103790e+001
  2.494887844997e+002 -3.246408873313e+001 -5.329891927197e+001
  2.494846812286e+002 -3.261373838176e+001 -5.329921400421e+001
  2.494808735812e+002 -3.271946305923e+001 -5.331207512921e+001
  2.494846300914e+002 -3.281015864411e+001 -5.330730756646e+001
  2.494663531200e+002 -3.287915064637e+001 -5.328253286324e+001
  2.494714047985e+002 -3.295247641676e+001 -5.328770280306e+001
  2.494673528708e+002 -3.311538416531e+001 -5.326443812711e+001
  2.494086803032e+002 -3.313758725380e+001 -5.325940109059e+001
  2.493943127987e+002 -3.313649545061e+001 -5.328271298942e+001
  2.493663270218e+002 -3.312335115500e+001 -5.329933829056e+001
  2.493061593807e+002 -3.306780612003e+001 -5.330788853795e+001
  2.493060601904e+002 -3.301507277251e+001 -5.332875374103e+001
  2.493608949995e+002 -3.289516291658e+001 -5.339571686815e+001
  2.493655112634e+002 -3.282625574784e+001 -5.339757708997e+001
  2.493613551820e+002 -3.269304425350e+001 -5.342009027443e+001
  2.493559239812e+002 -3.250413846930e+001 -5.341752150935e+001
  2.493302922373e+002 -3.238345128296e+001 -5.342250315819e+001
  2.493346986365e+002 -3.222087695095e+001 -5.345204339959e+001
  2.494907862549e+002 -3.212002564891e+001 -5.366515021128e+001
  2.493614533472e+002 -3.207647674432e+001 -5.369076639962e+001
  2.491511401569e+002 -3.210854925588e+001 -5.372370263927e+001
  2.489115893515e+002 -3.226123132231e+001 -5.378303857747e+001
  2.487197447504e+002 -3.239331977894e+001 -5.379706903720e+001
  2.486769293263e+002 -3.231886597193e+001 -5.379703189320e+001
  2.485547878802e+002 -3.235970353382e+001 -5.381630732425e+001
  2.484272455827e+002 -3.238718404804e+001 -5.383630046225e+001
  2.483479968141e+002 -3.227496230635e+001 -5.388010779942e+001
  2.482286092588e+002 -3.234769296078e+001 -5.388936620930e+001
  2.481182523652e+002 -3.234394646868e+001 -5.390127811628e+001
  2.480353942907e+002 -3.223033554237e+001 -5.387077147839e+001
  2.480203757065e+002 -3.218727067579e+001 -5.388415730966e+001
  2.479536306888e+002 -3.210427643892e+001 -5.385953908190e+001
  2.478893936375e+002 -3.203996326898e+001 -5.385252094762e+001
  2.478111900083e+002 -3.188967346208e+001 -5.385439500483e+001
  2.477759639411e+002 -3.186824282440e+001 -5.383316222505e+001
  2.477344475947e+002 -3.173995236480e+001 -5.384334224257e+001
  2.476905836879e+002 -3.164015779824e+001 -5.385470588341e+001
  2.476151060153e+002 -3.167940025467e+001 -5.386776780869e+001
  2.475703317635e+002 -3.150897901794e+001 -5.385819276781e+001
  2.475216841445e+002 -3.150109848222e+001 -5.387167249220e+001
  2.474448461111e+002 -3.149630500943e+001 -5.388475826219e+001
  2.474296829658e+002 -3.141388759489e+001 -5.393225678111e+001
  2.473919054089e+002 -3.136167140096e+001 -5.396035039437e+001
  2.473602098556e+002 -3.130769093770e+001 -5.393699797709e+001
  2.473077935834e+002 -3.129256685898e+001 -5.396048712284e+001
  2.472641559405e+002 -3.124497476733e+001 -5.398954566095e+001
  2.472451451040e+002 -3.118522344606e+001 -5.398384867023e+001
  2.471785126598e+002 -3.113591227648e+001 -5.398591749682e+001
  2.471326300097e+002 -3.114537719949e+001 -5.402083762727e+001
  2.471851990399e+002 -3.091876543965e+001 -5.403906333956e+001
  2.472098511731e+002 -3.072752383547e+001 -5.408253309599e+001
  2.471998223701e+002 -3.056756129441e+001 -5.408942735457e+001
  2.471744582467e+002 -3.033544513681e+001 -5.407140644545e+001
  2.471801551364e+002 -3.015216676815e+001 -5.401423687930e+001
  2.471274208849e+002 -3.004896134342e+001 -5.399523684715e+001
  2.470840503197e+002 -2.995675484699e+001 -5.400326671551e+001
  2.470051774038e+002 -2.989638793789e+001 -5.403068533229e+001
  2.469293490005e+002 -2.981811542118e+001 -5.406521853727e+001
  2.468031496640e+002 -2.975199281177e+001 -5.420221952356e+001
  2.467014268182e+002 -2.965266050168e+001 -5.421796640318e+001
  2.466312031621e+002 -2.958477357764e+001 -5.424080919590e+001
  2.465489265826e+002 -2.953849747785e+001 -5.424411155858e+001
  2.464718591321e+002 -2.946856472383e+001 -5.427069907527e+001
  2.464458249077e+002 -2.940277862228e+001 -5.427369966280e+001
  2.463163474525e+002 -2.938635601221e+001 -5.431752340832e+001
  2.462069870347e+002 -2.937292989168e+001 -5.437323383736e+001
  2.461364326165e+002 -2.934330280815e+001 -5.444765766751e+001
  2.460229545145e+002 -2.933168819508e+001 -5.449032648051e+001
  2.459183420380e+002 -2.931659370294e+001 -5.451726806051e+001
  2.457955361176e+002 -2.930229822192e+001 -5.453700821513e+001
  2.457371542343e+002 -2.922758408082e+001 -5.454634307401e+001
  2.456554408824e+002 -2.918930192359e+001 -5.455423795004e+001
  2.455319389352e+002 -2.918092163821e+001 -5.459353208144e+001
  2.454104721483e+002 -2.914491226654e+001 -5.462436590107e+001
  2.453768192356e+002 -2.909234165141e+001 -5.462664267834e+001
  2.452850536120e+002 -2.902266160137e+001 -5.459291347089e+001
  2.452033078839e+002 -2.895644220416e+001 -5.456813796206e+001
  2.451451789632e+002 -2.889394631805e+001 -5.451711442193e+001
  2.450880997638e+002 -2.881771413194e+001 -5.446733239321e+001
  2.450566117522e+002 -2.871755776905e+001 -5.449999725016e+001
  2.449924674498e+002 -2.863028494601e+001 -5.447956806759e+001
  2.449336763953e+002 -2.852412669901e+001 -5.447262120173e+001
  2.449143687415e+002 -2.848935059909e+001 -5.445295862862e+001
  2.449540206213e+002 -2.837223618920e+001 -5.439100694517e+001
  2.449070931633e+002 -2.826881658861e+001 -5.437509397754e+001
  2.448884699194e+002 -2.807641433772e+001 -5.434893187929e+001
  2.448960108940e+002 -2.799604022760e+001 -5.431532060783e+001
  2.448965342132e+002 -2.794365028960e+001 -5.430029423833e+001
  2.449032287859e+002 -2.779270701587e+001 -5.430589088114e+001
  2.448915164814e+002 -2.755587705915e+001 -5.430136103264e+001
  2.448662056894e+002 -2.746196455821e+001 -5.428462737171e+001
  2.448274763371e+002 -2.744855250019e+001 -5.427470048457e+001
  2.447845336852e+002 -2.740308790413e+001 -5.428246708396e+001
  2.447456167517e+002 -2.737291443112e+001 -5.427574986875e+001
  2.447095028249e+002 -2.739868327068e+001 -5.428990718802e+001
  2.446603022855e+002 -2.736958167280e+001 -5.433146543087e+001
  2.446336032283e+002 -2.731397666559e+001 -5.431541019114e+001
  2.445827343159e+002 -2.726471281081e+001 -5.433117275383e+001
  2.444502939905e+002 -2.744940725316e+001 -5.432918793946e+001
  2.443338001333e+002 -2.758060721590e+001 -5.435080150267e+001
  2.443981932420e+002 -2.783666007429e+001 -5.429510073561e+001
  2.443202365423e+002 -2.789698109997e+001 -5.430322270525e+001
  2.442685281019e+002 -2.788129407038e+001 -5.432311982098e+001
  2.441922384487e+002 -2.794751063927e+001 -5.428913895338e+001
  2.441473330409e+002 -2.786600239309e+001 -5.428776238265e+001
  2.441547860550e+002 -2.767245764832e+001 -5.424742838515e+001
  2.441841367758e+002 -2.748469312405e+001 -5.425046392092e+001
  2.441609005625e+002 -2.741793295376e+001 -5.423331930293e+001
  2.441207020727e+002 -2.735441432839e+001 -5.423335945845e+001
  2.440913167864e+002 -2.725834642726e+001 -5.422483291704e+001
  2.440622595030e+002 -2.718518362724e+001 -5.418934840656e+001
  2.439809633316e+002 -2.714562678652e+001 -5.415091989021e+001
  2.439471039439e+002 -2.703797520866e+001 -5.412830732033e+001
  2.438955807572e+002 -2.699633101460e+001 -5.411907929374e+001
  2.438625355610e+002 -2.690229423922e+001 -5.406747931680e+001
  2.437891242859e+002 -2.687752888669e+001 -5.406760617882e+001
  2.437648111087e+002 -2.678736529587e+001 -5.404870229463e+001
  2.436802363540e+002 -2.673331398994e+001 -5.402403190737e+001
  2.435583377032e+002 -2.668390352013e+001 -5.406837681931e+001
  2.435072790471e+002 -2.663523316277e+001 -5.407609354303e+001
  2.434220269665e+002 -2.659700163553e+001 -5.410368168646e+001
  2.433235326845e+002 -2.657368031285e+001 -5.411688682574e+001
  2.432437208483e+002 -2.654272523915e+001 -5.408600994548e+001
  2.431421964670e+002 -2.651342624771e+001 -5.403165566702e+001
  2.430327752149e+002 -2.649388801074e+001 -5.399922816437e+001
  2.429606583365e+002 -2.647718746481e+001 -5.399229946937e+001
  2.429171911692e+002 -2.648429466159e+001 -5.394802794642e+001
  2.428511370656e+002 -2.647716687154e+001 -5.396622554602e+001
  2.428159231837e+002 -2.645016556324e+001 -5.395002442091e+001
  2.427306770804e+002 -2.642927080356e+001 -5.396002740671e+001
  2.426637635297e+002 -2.641218569753e+001 -5.394940034320e+001
  2.425875437395e+002 -2.637023701186e+001 -5.395072016287e+001
  2.425941248101e+002 -2.644235231590e+001 -5.395740554389e+001
  2.427101336378e+002 -2.667360730677e+001 -5.390965505447e+001
  2.427641158982e+002 -2.679215816839e+001 -5.391586643846e+001
  2.427877042172e+002 -2.686953727746e+001 -5.388510895797e+001
  2.427634910316e+002 -2.691151828940e+001 -5.388167366154e+001
  2.427731361887e+002 -2.691808014174e+001 -5.384804222234e+001
  2.428155775962e+002 -2.696997873529e+001 -5.385279939359e+001
  2.429247034663e+002 -2.715409908580e+001 -5.383833242692e+001
  2.430313114280e+002 -2.730381684948e+001 -5.382089549804e+001
  2.431383260658e+002 -2.741686046856e+001 -5.383158736278e+001
  2.432528336559e+002 -2.737400109874e+001 -5.392863512218e+001
  2.432476879285e+002 -2.734021957953e+001 -5.393128527509e+001
  2.432048341484e+002 -2.732078392013e+001 -5.394773743212e+001
  2.431641575378e+002 -2.729717685605e+001 -5.397576691628e+001
  2.431873023207e+002 -2.726560930251e+001 -5.399098515723e+001
  2.432447179253e+002 -2.715093304016e+001 -5.398224808396e+001
  2.432949246461e+002 -2.699230807906e+001 -5.394253682200e+001
  2.433130224658e+002 -2.681081788124e+001 -5.395074410337e+001
  2.433184612346e+002 -2.665500424497e+001 -5.396790865154e+001
  2.433041029694e+002 -2.654691226097e+001 -5.398878827207e+001
  2.433457760584e+002 -2.639250558439e+001 -5.398793198869e+001
  2.433832438501e+002 -2.621315519447e+001 -5.397554032908e+001
  2.433669627572e+002 -2.604966877314e+001 -5.403745476247e+001
  2.431495245385e+002 -2.611275924182e+001 -5.409103184411e+001
  2.429258354357e+002 -2.618982999401e+001 -5.419161062672e+001
  2.427537062422e+002 -2.617824414749e+001 -5.421399527419e+001
  2.425918046262e+002 -2.619381563289e+001 -5.425455317544e+001
  2.425752760245e+002 -2.606259602397e+001 -5.426762115585e+001
  2.424944142921e+002 -2.600852160213e+001 -5.427316445606e+001
  2.424823678351e+002 -2.593678823697e+001 -5.425270989112e+001
  2.424406853972e+002 -2.587151753787e+001 -5.426624130749e+001
  2.424593516543e+002 -2.583397349046e+001 -5.428241704047e+001
  2.424696182241e+002 -2.570508399733e+001 -5.425827805085e+001
  2.425536321001e+002 -2.563819112625e+001 -5.424911835612e+001
  2.425960547158e+002 -2.549133261154e+001 -5.422655054553e+001
  2.425959002337e+002 -2.545874826784e+001 -5.421799435874e+001
  2.425597980790e+002 -2.545209368396e+001 -5.421946132530e+001
  2.425306638723e+002 -2.539056713401e+001 -5.420737662745e+001
  2.425788992356e+002 -2.533615209007e+001 -5.420096937035e+001
  2.426352920700e+002 -2.513493555658e+001 -5.417494425522e+001
  2.424755769947e+002 -2.516248485739e+001 -5.412096347794e+001
  2.424964701294e+002 -2.506278536586e+001 -5.409714927723e+001
  2.424712846709e+002 -2.502952172905e+001 -5.410112364693e+001
  2.424300900323e+002 -2.494364867582e+001 -5.408439833168e+001
  2.423675738328e+002 -2.489834010842e+001 -5.406545539857e+001
  2.423840412620e+002 -2.469916472368e+001 -5.403433813707e+001
  2.423329477228e+002 -2.465656524072e+001 -5.404248472677e+001
  2.422673461446e+002 -2.463518167187e+001 -5.407139349182e+001
  2.422255544559e+002 -2.452592233647e+001 -5.406083326535e+001
  2.422159616860e+002 -2.440973259159e+001 -5.402755423534e+001
  2.422340187832e+002 -2.411681749064e+001 -5.399116395386e+001
  2.422387309809e+002 -2.391932537889e+001 -5.399564439619e+001
  2.421608271209e+002 -2.381880180677e+001 -5.404206725289e+001
  2.418216674013e+002 -2.313504387332e+001 -5.428867190931e+001
  2.417942066412e+002 -2.307612461146e+001 -5.429217147794e+001
  2.417292654465e+002 -2.301949887176e+001 -5.429323421246e+001
  2.416936995260e+002 -2.266592362577e+001 -5.418710540441e+001
  2.416568880775e+002 -2.227267257246e+001 -5.416797770968e+001
  2.415794278435e+002 -2.221657111543e+001 -5.415682475479e+001
  2.415856015409e+002 -2.222671019151e+001 -5.415057499382e+001
  2.415586500881e+002 -2.195914229365e+001 -5.403438911539e+001
  2.415499688925e+002 -2.187286727480e+001 -5.401912872986e+001
  2.415285949778e+002 -2.182570397615e+001 -5.400958911859e+001
  2.415090009748e+002 -2.177094831823e+001 -5.402074944847e+001
  2.414702809563e+002 -2.173357546119e+001 -5.401484491732e+001
  2.414483954953e+002 -2.165990881065e+001 -5.401595174652e+001
  2.414034498748e+002 -2.160447154013e+001 -5.403489949611e+001
