  0.000000000000e+000  0.000000000000e+000  0.000000000000e+000
  0.000000000000e+000  0.000000000000e+000  0.000000000000e+000
  0.000000000000e+000  0.000000000000e+000  0.000000000000e+000
  0.000000000000e+000  0.000000000000e+000  0.000000000000e+000
  0.000000000000e+000  0.000000000000e+000  0.000000000000e+000
  0.000000000000e+000  0.000000000000e+000  0.000000000000e+000
  0.000000000000e+000  0.000000000000e+000  0.000000000000e+000
  0.000000000000e+000  0.000000000000e+000  0.000000000000e+000
  0.000000000000e+000  0.000000000000e+000  0.000000000000e+000
  0.000000000000e+000  0.000000000000e+000  0.000000000000e+000
  0.000000000000e+000  0.000000000000e+000  0.000000000000e+000
  0.000000000000e+000  0.000000000000e+000  0.000000000000e+000
  0.000000000000e+000  0.000000000000e+000  0.000000000000e+000
  0.000000000000e+000  0.000000000000e+000  0.000000000000e+000
  0.000000000000e+000  0.000000000000e+000  0.000000000000e+000
  0.000000000000e+000  0.000000000000e+000  0.000000000000e+000
  0.000000000000e+000  0.000000000000e+000  0.000000000000e+000
  0.000000000000e+000  0.000000000000e+000  0.000000000000e+000
  0.000000000000e+000  0.000000000000e+000  0.000000000000e+000
  0.000000000000e+000  0.000000000000e+000  0.000000000000e+000
  0.000000000000e+000  0.000000000000e+000  0.000000000000e+000
  0.000000000000e+000  0.000000000000e+000  0.000000000000e+000
  0.000000000000e+000  0.000000000000e+000  0.000000000000e+000
  0.000000000000e+000  0.000000000000e+000  0.000000000000e+000
  0.000000000000e+000  0.000000000000e+000  0.000000000000e+000
  0.000000000000e+000  0.000000000000e+000  0.000000000000e+000
  0.000000000000e+000  0.000000000000e+000  0.000000000000e+000
  0.000000000000e+000  0.000000000000e+000  0.000000000000e+000
  0.000000000000e+000  0.000000000000e+000  0.000000000000e+000
  0.000000000000e+000  0.000000000000e+000  0.000000000000e+000
  0.000000000000e+000  0.000000000000e+000  0.000000000000e+000
  0.000000000000e+000  0.000000000000e+000  0.000000000000e+000
  0.000000000000e+000  0.000000000000e+000  0.000000000000e+000
  0.000000000000e+000  0.000000000000e+000  0.000000000000e+000
  0.000000000000e+000  0.000000000000e+000  0.000000000000e+000
  0.000000000000e+000  0.000000000000e+000  0.000000000000e+000
  0.000000000000e+000  0.000000000000e+000  0.000000000000e+000
  0.000000000000e+000  0.000000000000e+000  0.000000000000e+000
  0.000000000000e+000  0.000000000000e+000  0.000000000000e+000
  0.000000000000e+000  0.000000000000e+000  0.000000000000e+000
  0.000000000000e+000  0.000000000000e+000  0.000000000000e+000
  0.000000000000e+000  0.000000000000e+000  0.000000000000e+000
  0.000000000000e+000  0.000000000000e+000  0.000000000000e+000
  0.000000000000e+000  0.000000000000e+000  0.000000000000e+000
  0.000000000000e+000  0.000000000000e+000  0.000000000000e+000
  0.000000000000e+000  0.000000000000e+000  0.000000000000e+000
  0.000000000000e+000  0.000000000000e+000  0.000000000000e+000
  0.000000000000e+000  0.000000000000e+000  0.000000000000e+000
  0.000000000000e+000  0.000000000000e+000  0.000000000000e+000
  0.000000000000e+000  0.000000000000e+000  0.000000000000e+000
  0.000000000000e+000  0.000000000000e+000  0.000000000000e+000
  0.000000000000e+000  0.000000000000e+000  0.000000000000e+000
  0.000000000000e+000  0.000000000000e+000  0.000000000000e+000
  0.000000000000e+000  0.000000000000e+000  0.000000000000e+000
  0.000000000000e+000  0.000000000000e+000  0.000000000000e+000
  0.000000000000e+000  0.000000000000e+000  0.000000000000e+000
  0.000000000000e+000  0.000000000000e+000  0.000000000000e+000
  0.000000000000e+000  0.000000000000e+000  0.000000000000e+000
  0.000000000000e+000  0.000000000000e+000  0.000000000000e+000
  0.000000000000e+000  0.000000000000e+000  0.000000000000e+000
  0.000000000000e+000  0.000000000000e+000  0.000000000000e+000
  0.000000000000e+000  0.000000000000e+000  0.000000000000e+000
  0.000000000000e+000  0.000000000000e+000  0.000000000000e+000
  0.000000000000e+000  0.000000000000e+000  0.000000000000e+000
  0.000000000000e+000  0.000000000000e+000  0.000000000000e+000
  0.000000000000e+000  0.000000000000e+000  0.000000000000e+000
  0.000000000000e+000  0.000000000000e+000  0.000000000000e+000
  0.000000000000e+000  0.000000000000e+000  0.000000000000e+000
  0.000000000000e+000  0.000000000000e+000  0.000000000000e+000
  0.000000000000e+000  0.000000000000e+000  0.000000000000e+000
  0.000000000000e+000  0.000000000000e+000  0.000000000000e+000
  0.000000000000e+000  0.000000000000e+000  0.000000000000e+000
  0.000000000000e+000  0.000000000000e+000  0.000000000000e+000
  0.000000000000e+000  0.000000000000e+000  0.000000000000e+000
  0.000000000000e+000  0.000000000000e+000  0.000000000000e+000
  0.000000000000e+000  0.000000000000e+000  0.000000000000e+000
  0.000000000000e+000  0.000000000000e+000  0.000000000000e+000
  0.000000000000e+000  0.000000000000e+000  0.000000000000e+000
  0.000000000000e+000  0.000000000000e+000  0.000000000000e+000
  0.000000000000e+000  0.000000000000e+000  0.000000000000e+000
  0.000000000000e+000  0.000000000000e+000  0.000000000000e+000
  0.000000000000e+000  0.000000000000e+000  0.000000000000e+000
  0.000000000000e+000  0.000000000000e+000  0.000000000000e+000
  0.000000000000e+000  0.000000000000e+000  0.000000000000e+000
  0.000000000000e+000  0.000000000000e+000  0.000000000000e+000
  0.000000000000e+000  0.000000000000e+000  0.000000000000e+000
  0.000000000000e+000  0.000000000000e+000  0.000000000000e+000
  0.000000000000e+000  0.000000000000e+000  0.000000000000e+000
  0.000000000000e+000  0.000000000000e+000  0.000000000000e+000
  0.000000000000e+000  0.000000000000e+000  0.000000000000e+000
  0.000000000000e+000  0.000000000000e+000  0.000000000000e+000
  0.000000000000e+000  0.000000000000e+000  0.000000000000e+000
  0.000000000000e+000  0.000000000000e+000  0.000000000000e+000
  0.000000000000e+000  0.000000000000e+000  0.000000000000e+000
  0.000000000000e+000  0.000000000000e+000  0.000000000000e+000
  0.000000000000e+000  0.000000000000e+000  0.000000000000e+000
  0.000000000000e+000  0.000000000000e+000  0.000000000000e+000
  0.000000000000e+000  0.000000000000e+000  0.000000000000e+000
  0.000000000000e+000  0.000000000000e+000  0.000000000000e+000
  0.000000000000e+000  0.000000000000e+000  0.000000000000e+000
  0.000000000000e+000  0.000000000000e+000  0.000000000000e+000
  0.000000000000e+000  0.000000000000e+000  0.000000000000e+000
  0.000000000000e+000  0.000000000000e+000  0.000000000000e+000
  0.000000000000e+000  0.000000000000e+000  0.000000000000e+000
  0.000000000000e+000  0.000000000000e+000  0.000000000000e+000
  0.000000000000e+000  0.000000000000e+000  0.000000000000e+000
  0.000000000000e+000  0.000000000000e+000  0.000000000000e+000
  0.000000000000e+000  0.000000000000e+000  0.000000000000e+000
  0.000000000000e+000  0.000000000000e+000  0.000000000000e+000
  0.000000000000e+000  0.000000000000e+000  0.000000000000e+000
  0.000000000000e+000  0.000000000000e+000  0.000000000000e+000
  0.000000000000e+000  0.000000000000e+000  0.000000000000e+000
  0.000000000000e+000  0.000000000000e+000  0.000000000000e+000
  0.000000000000e+000  0.000000000000e+000  0.000000000000e+000
  0.000000000000e+000  0.000000000000e+000  0.000000000000e+000
  0.000000000000e+000  0.000000000000e+000  0.000000000000e+000
  0.000000000000e+000  0.000000000000e+000  0.000000000000e+000
  0.000000000000e+000  0.000000000000e+000  0.000000000000e+000
  0.000000000000e+000  0.000000000000e+000  0.000000000000e+000
  0.000000000000e+000  0.000000000000e+000  0.000000000000e+000
  0.000000000000e+000  0.000000000000e+000  0.000000000000e+000
  0.000000000000e+000  0.000000000000e+000  0.000000000000e+000
  0.000000000000e+000  0.000000000000e+000  0.000000000000e+000
  0.000000000000e+000  0.000000000000e+000  0.000000000000e+000
  0.000000000000e+000  0.000000000000e+000  0.000000000000e+000
  0.000000000000e+000  0.000000000000e+000  0.000000000000e+000
  0.000000000000e+000  0.000000000000e+000  0.000000000000e+000
  0.000000000000e+000  0.000000000000e+000  0.000000000000e+000
  0.000000000000e+000  0.000000000000e+000  0.000000000000e+000
  0.000000000000e+000  0.000000000000e+000  0.000000000000e+000
  0.000000000000e+000  0.000000000000e+000  0.000000000000e+000
  0.000000000000e+000  0.000000000000e+000  0.000000000000e+000
  0.000000000000e+000  0.000000000000e+000  0.000000000000e+000
  0.000000000000e+000  0.000000000000e+000  0.000000000000e+000
  0.000000000000e+000  0.000000000000e+000  0.000000000000e+000
  0.000000000000e+000  0.000000000000e+000  0.000000000000e+000
  0.000000000000e+000  0.000000000000e+000  0.000000000000e+000
  0.000000000000e+000  0.000000000000e+000  0.000000000000e+000
  0.000000000000e+000  0.000000000000e+000  0.000000000000e+000
  0.000000000000e+000  0.000000000000e+000  0.000000000000e+000
  0.000000000000e+000  0.000000000000e+000  0.000000000000e+000
  0.000000000000e+000  0.000000000000e+000  0.000000000000e+000
  0.000000000000e+000  0.000000000000e+000  0.000000000000e+000
  0.000000000000e+000  0.000000000000e+000  0.000000000000e+000
  0.000000000000e+000  0.000000000000e+000  0.000000000000e+000
  0.000000000000e+000  0.000000000000e+000  0.000000000000e+000
  0.000000000000e+000  0.000000000000e+000  0.000000000000e+000
  0.000000000000e+000  0.000000000000e+000  0.000000000000e+000
  0.000000000000e+000  0.000000000000e+000  0.000000000000e+000
  0.000000000000e+000  0.000000000000e+000  0.000000000000e+000
  0.000000000000e+000  0.000000000000e+000  0.000000000000e+000
  0.000000000000e+000  0.000000000000e+000  0.000000000000e+000
  0.000000000000e+000  0.000000000000e+000  0.000000000000e+000
  0.000000000000e+000  0.000000000000e+000  0.000000000000e+000
  0.000000000000e+000  0.000000000000e+000  0.000000000000e+000
  0.000000000000e+000  0.000000000000e+000  0.000000000000e+000
  0.000000000000e+000  0.000000000000e+000  0.000000000000e+000
  0.000000000000e+000  0.000000000000e+000  0.000000000000e+000
  0.000000000000e+000  0.000000000000e+000  0.000000000000e+000
  0.000000000000e+000  0.000000000000e+000  0.000000000000e+000
  0.000000000000e+000  0.000000000000e+000  0.000000000000e+000
  0.000000000000e+000  0.000000000000e+000  0.000000000000e+000
  0.000000000000e+000  0.000000000000e+000  0.000000000000e+000
  0.000000000000e+000  0.000000000000e+000  0.000000000000e+000
  0.000000000000e+000  0.000000000000e+000  0.000000000000e+000
  0.000000000000e+000  0.000000000000e+000  0.000000000000e+000
  0.000000000000e+000  0.000000000000e+000  0.000000000000e+000
  0.000000000000e+000  0.000000000000e+000  0.000000000000e+000
  0.000000000000e+000  0.000000000000e+000  0.000000000000e+000
  0.000000000000e+000  0.000000000000e+000  0.000000000000e+000
  0.000000000000e+000  0.000000000000e+000  0.000000000000e+000
  0.000000000000e+000  0.000000000000e+000  0.000000000000e+000
  0.000000000000e+000  0.000000000000e+000  0.000000000000e+000
  0.000000000000e+000  0.000000000000e+000  0.000000000000e+000
  0.000000000000e+000  0.000000000000e+000  0.000000000000e+000
  0.000000000000e+000  0.000000000000e+000  0.000000000000e+000
  0.000000000000e+000  0.000000000000e+000  0.000000000000e+000
  0.000000000000e+000  0.000000000000e+000  0.000000000000e+000
  0.000000000000e+000  0.000000000000e+000  0.000000000000e+000
  0.000000000000e+000  0.000000000000e+000  0.000000000000e+000
  0.000000000000e+000  0.000000000000e+000  0.000000000000e+000
  0.000000000000e+000  0.000000000000e+000  0.000000000000e+000
  0.000000000000e+000  0.000000000000e+000  0.000000000000e+000
  0.000000000000e+000  0.000000000000e+000  0.000000000000e+000
  0.000000000000e+000  0.000000000000e+000  0.000000000000e+000
  0.000000000000e+000  0.000000000000e+000  0.000000000000e+000
  0.000000000000e+000  0.000000000000e+000  0.000000000000e+000
  0.000000000000e+000  0.000000000000e+000  0.000000000000e+000
  0.000000000000e+000  0.000000000000e+000  0.000000000000e+000
  0.000000000000e+000  0.000000000000e+000  0.000000000000e+000
  0.000000000000e+000  0.000000000000e+000  0.000000000000e+000
  0.000000000000e+000  0.000000000000e+000  0.000000000000e+000
  0.000000000000e+000  0.000000000000e+000  0.000000000000e+000
  0.000000000000e+000  0.000000000000e+000  0.000000000000e+000
  0.000000000000e+000  0.000000000000e+000  0.000000000000e+000
  0.000000000000e+000  0.000000000000e+000  0.000000000000e+000
  0.000000000000e+000  0.000000000000e+000  0.000000000000e+000
  0.000000000000e+000  0.000000000000e+000  0.000000000000e+000
  0.000000000000e+000  0.000000000000e+000  0.000000000000e+000
  0.000000000000e+000  0.000000000000e+000  0.000000000000e+000
  0.000000000000e+000  0.000000000000e+000  0.000000000000e+000
  0.000000000000e+000  0.000000000000e+000  0.000000000000e+000
  0.000000000000e+000  0.000000000000e+000  0.000000000000e+000
  0.000000000000e+000  0.000000000000e+000  0.000000000000e+000
  0.000000000000e+000  0.000000000000e+000  0.000000000000e+000
  0.000000000000e+000  0.000000000000e+000  0.000000000000e+000
  0.000000000000e+000  0.000000000000e+000  0.000000000000e+000
  0.000000000000e+000  0.000000000000e+000  0.000000000000e+000
  0.000000000000e+000  0.000000000000e+000  0.000000000000e+000
  0.000000000000e+000  0.000000000000e+000  0.000000000000e+000
  0.000000000000e+000  0.000000000000e+000  0.000000000000e+000
  0.000000000000e+000  0.000000000000e+000  0.000000000000e+000
  0.000000000000e+000  0.000000000000e+000  0.000000000000e+000
  0.000000000000e+000  0.000000000000e+000  0.000000000000e+000
  0.000000000000e+000  0.000000000000e+000  0.000000000000e+000
  0.000000000000e+000  0.000000000000e+000  0.000000000000e+000
  0.000000000000e+000  0.000000000000e+000  0.000000000000e+000
  0.000000000000e+000  0.000000000000e+000  0.000000000000e+000
  0.000000000000e+000  0.000000000000e+000  0.000000000000e+000
  0.000000000000e+000  0.000000000000e+000  0.000000000000e+000
  0.000000000000e+000  0.000000000000e+000  0.000000000000e+000
  0.000000000000e+000  0.000000000000e+000  0.000000000000e+000
  0.000000000000e+000  0.000000000000e+000  0.000000000000e+000
  0.000000000000e+000  0.000000000000e+000  0.000000000000e+000
  0.000000000000e+000  0.000000000000e+000  0.000000000000e+000
  0.000000000000e+000  0.000000000000e+000  0.000000000000e+000
  0.000000000000e+000  0.000000000000e+000  0.000000000000e+000
  0.000000000000e+000  0.000000000000e+000  0.000000000000e+000
  0.000000000000e+000  0.000000000000e+000  0.000000000000e+000
  0.000000000000e+000  0.000000000000e+000  0.000000000000e+000
  0.000000000000e+000  0.000000000000e+000  0.000000000000e+000
  0.000000000000e+000  0.000000000000e+000  0.000000000000e+000
  0.000000000000e+000  0.000000000000e+000  0.000000000000e+000
  0.000000000000e+000  0.000000000000e+000  0.000000000000e+000
  0.000000000000e+000  0.000000000000e+000  0.000000000000e+000
  0.000000000000e+000  0.000000000000e+000  0.000000000000e+000
  0.000000000000e+000  0.000000000000e+000  0.000000000000e+000
  0.000000000000e+000  0.000000000000e+000  0.000000000000e+000
  0.000000000000e+000  0.000000000000e+000  0.000000000000e+000
  0.000000000000e+000  0.000000000000e+000  0.000000000000e+000
  0.000000000000e+000  0.000000000000e+000  0.000000000000e+000
  0.000000000000e+000  0.000000000000e+000  0.000000000000e+000
  0.000000000000e+000  0.000000000000e+000  0.000000000000e+000
  0.000000000000e+000  0.000000000000e+000  0.000000000000e+000
  0.000000000000e+000  0.000000000000e+000  0.000000000000e+000
  0.000000000000e+000  0.000000000000e+000  0.000000000000e+000
  0.000000000000e+000  0.000000000000e+000  0.000000000000e+000
  0.000000000000e+000  0.000000000000e+000  0.000000000000e+000
  0.000000000000e+000  0.000000000000e+000  0.000000000000e+000
  0.000000000000e+000  0.000000000000e+000  0.000000000000e+000
  0.000000000000e+000  0.000000000000e+000  0.000000000000e+000
  0.000000000000e+000  0.000000000000e+000  0.000000000000e+000
  0.000000000000e+000  0.000000000000e+000  0.000000000000e+000
  2.552017146189e+002 -4.568922736567e+001 -5.403200048471e+001
  2.551699666522e+002 -4.562179914412e+001 -5.402850921319e+001
  2.551503260372e+002 -4.554418705572e+001 -5.403034642624e+001
  2.551365379751e+002 -4.548083111452e+001 -5.403376625294e+001
  2.550864928702e+002 -4.540894707989e+001 -5.403876843049e+001
  2.550606874979e+002 -4.531817770103e+001 -5.403495126295e+001
  2.541791645279e+002 -4.548241806669e+001 -5.409160072599e+001
  2.541576133922e+002 -4.543583471421e+001 -5.410006873707e+001
  2.532279154193e+002 -4.558737639198e+001 -5.422096734566e+001
  2.527723678341e+002 -4.565830421573e+001 -5.428739929494e+001
  2.524659500612e+002 -4.564260005201e+001 -5.431426030246e+001
  2.522156762771e+002 -4.558679290215e+001 -5.433022701219e+001
  2.520426637964e+002 -4.550045424914e+001 -5.433187460047e+001
  2.518825105531e+002 -4.540288320513e+001 -5.434490166064e+001
  2.517617694635e+002 -4.532109249520e+001 -5.435613249017e+001
  2.516656348158e+002 -4.525582273839e+001 -5.435191028907e+001
  2.515685737152e+002 -4.516409293743e+001 -5.435670909828e+001
  2.514790203344e+002 -4.510545691781e+001 -5.434721485864e+001
  2.514329872170e+002 -4.503069182399e+001 -5.435544774284e+001
  2.514286935509e+002 -4.495493101697e+001 -5.433514243174e+001
  2.514186997397e+002 -4.489128308837e+001 -5.431760936508e+001
  2.514097477789e+002 -4.479689871017e+001 -5.430274855338e+001
  2.513782372227e+002 -4.470423704111e+001 -5.429359896210e+001
  2.514222677942e+002 -4.462446375221e+001 -5.428050801692e+001
  2.514839423642e+002 -4.450039064250e+001 -5.424933475628e+001
  2.515617534727e+002 -4.441661410106e+001 -5.422462276436e+001
  2.516980790469e+002 -4.432406129144e+001 -5.423169013519e+001
  2.517967039335e+002 -4.431750429446e+001 -5.413668526498e+001
  2.518625975996e+002 -4.420728008341e+001 -5.411774925721e+001
  2.519757867472e+002 -4.406316378108e+001 -5.409231228462e+001
  2.520606257660e+002 -4.389684438023e+001 -5.405536103627e+001
  2.522013333647e+002 -4.374474067899e+001 -5.402504232256e+001
  2.522813182436e+002 -4.364481369418e+001 -5.398240632538e+001
  2.523559689566e+002 -4.349774620555e+001 -5.394896349377e+001
  2.523780376009e+002 -4.330570846003e+001 -5.393304182466e+001
  2.524826041914e+002 -4.323373490586e+001 -5.390965811653e+001
  2.525448172626e+002 -4.316109124799e+001 -5.390577062758e+001
  2.525847994349e+002 -4.303610048784e+001 -5.389163732026e+001
  2.525828944890e+002 -4.288519382559e+001 -5.387919627153e+001
  2.526122781027e+002 -4.281197356626e+001 -5.386269654619e+001
  2.526333832675e+002 -4.273207557101e+001 -5.385460923768e+001
  2.526278473935e+002 -4.266106928111e+001 -5.386524277345e+001
  2.526374739966e+002 -4.259051724503e+001 -5.384068547720e+001
  2.526311120955e+002 -4.254272671332e+001 -5.381018911186e+001
  2.525668151688e+002 -4.237858775185e+001 -5.376050752159e+001
  2.525736368444e+002 -4.233299378644e+001 -5.374545354714e+001
  2.525861332206e+002 -4.225704635991e+001 -5.374355410956e+001
  2.525827447595e+002 -4.217898205036e+001 -5.373824915687e+001
  2.525514757514e+002 -4.207510648174e+001 -5.374759410861e+001
  2.525778250128e+002 -4.204635939755e+001 -5.372367575770e+001
  2.525704522208e+002 -4.199700875368e+001 -5.371959995691e+001
  2.525331811818e+002 -4.188114853023e+001 -5.372353574581e+001
  2.525206814230e+002 -4.181775342413e+001 -5.371995788560e+001
  2.524921599619e+002 -4.171898946032e+001 -5.372437398902e+001
  2.525120556113e+002 -4.165207142647e+001 -5.370618785984e+001
  2.525819991157e+002 -4.164622167404e+001 -5.369319959674e+001
  2.526259910762e+002 -4.152488991160e+001 -5.371852503652e+001
  2.526804079786e+002 -4.142118693220e+001 -5.371391054810e+001
  2.527376898745e+002 -4.130348144885e+001 -5.371635993198e+001
  2.527023794867e+002 -4.122809481495e+001 -5.373002747964e+001
  2.526637125674e+002 -4.115661715639e+001 -5.372857939775e+001
  2.526347852208e+002 -4.109313121555e+001 -5.374399131284e+001
  2.526018996119e+002 -4.103020453035e+001 -5.374847758002e+001
  2.525743324114e+002 -4.095560245292e+001 -5.376545878980e+001
  2.525584320335e+002 -4.089344798523e+001 -5.378680239992e+001
  2.525105657861e+002 -4.081223464448e+001 -5.375455287979e+001
  2.524749478444e+002 -4.075603109727e+001 -5.379022955574e+001
  2.524506799600e+002 -4.066771513762e+001 -5.379904299665e+001
  2.525400495996e+002 -4.053719128996e+001 -5.375675096961e+001
  2.525590153666e+002 -4.040128483504e+001 -5.373892134093e+001
  2.524604256101e+002 -4.020733447249e+001 -5.369060535637e+001
  2.524674818982e+002 -4.010782058644e+001 -5.369027711716e+001
  2.524691957179e+002 -4.002871588692e+001 -5.368663899517e+001
  2.524758092144e+002 -3.997576591775e+001 -5.367704568453e+001
  2.524850716625e+002 -3.992241863862e+001 -5.366278393319e+001
  2.524858290894e+002 -3.983302289646e+001 -5.364456123159e+001
  2.524656418508e+002 -3.975192789694e+001 -5.363393459462e+001
  2.525116774129e+002 -3.977533130655e+001 -5.364390719860e+001
  2.525030528912e+002 -3.966075306377e+001 -5.363521277570e+001
  2.524916249096e+002 -3.956051568489e+001 -5.362791868711e+001
  2.524934171035e+002 -3.948105872465e+001 -5.362847785927e+001
  2.524834395083e+002 -3.938317506150e+001 -5.364303609681e+001
  2.524878096361e+002 -3.927655203921e+001 -5.364978675647e+001
  2.524923706137e+002 -3.918571253403e+001 -5.364568582157e+001
  2.524737289961e+002 -3.909001238630e+001 -5.363684692930e+001
  2.524392434529e+002 -3.899066081026e+001 -5.362958506782e+001
  2.523888818733e+002 -3.890217694924e+001 -5.363135446868e+001
  2.523518572512e+002 -3.879788784246e+001 -5.364710895445e+001
  2.522677667851e+002 -3.852680601469e+001 -5.370963028740e+001
  2.522033722408e+002 -3.840781437457e+001 -5.370462914019e+001
  2.521594695830e+002 -3.833768952451e+001 -5.371641132263e+001
  2.521168503803e+002 -3.823225574881e+001 -5.372357695717e+001
  2.520588583576e+002 -3.815516044268e+001 -5.373764969230e+001
  2.519968745528e+002 -3.807602338790e+001 -5.376203010597e+001
  2.519361529397e+002 -3.799364356282e+001 -5.378297616099e+001
  2.518446650244e+002 -3.788291514252e+001 -5.378651547932e+001
  2.517424188304e+002 -3.781474570546e+001 -5.380811441578e+001
  2.516398583478e+002 -3.773074931925e+001 -5.382880838700e+001
  2.515316557603e+002 -3.759161097625e+001 -5.382280874631e+001
  2.514761640236e+002 -3.757163185209e+001 -5.382992608909e+001
  2.512762605690e+002 -3.729736732191e+001 -5.384613027306e+001
  2.511851274893e+002 -3.724984554760e+001 -5.385627067406e+001
  2.510834462949e+002 -3.718984677385e+001 -5.386614088214e+001
  2.509769289641e+002 -3.716255734762e+001 -5.389189240935e+001
  2.508798913160e+002 -3.709514753950e+001 -5.391112168451e+001
  2.507465504842e+002 -3.700086475455e+001 -5.393461831991e+001
  2.506901096847e+002 -3.704446931614e+001 -5.398302011229e+001
  2.506432402169e+002 -3.702848584862e+001 -5.398160010489e+001
  2.505791642292e+002 -3.701574965952e+001 -5.400978375074e+001
  2.504629238503e+002 -3.703075102224e+001 -5.407851023105e+001
  2.503977455112e+002 -3.702407383839e+001 -5.408681281519e+001
  2.503267178605e+002 -3.702606270369e+001 -5.408213161126e+001
  2.502774403048e+002 -3.701173594092e+001 -5.408377505049e+001
  2.501879438528e+002 -3.699167370450e+001 -5.408829080925e+001
  2.501407323714e+002 -3.695919558351e+001 -5.411416763472e+001
  2.500666687704e+002 -3.694673170101e+001 -5.413129981728e+001
  2.500133944206e+002 -3.690498351748e+001 -5.413568476049e+001
  2.499746112773e+002 -3.685976441238e+001 -5.415340227217e+001
  2.499289170586e+002 -3.683054080817e+001 -5.415532870517e+001
  2.499280377567e+002 -3.681857968332e+001 -5.413788137968e+001
  2.498833654078e+002 -3.677175411299e+001 -5.413147711337e+001
  2.498596122672e+002 -3.674110186447e+001 -5.412266004335e+001
  2.498177577164e+002 -3.668103955756e+001 -5.412205995274e+001
  2.497722719909e+002 -3.664907986966e+001 -5.411803886123e+001
  2.497373947357e+002 -3.659615963650e+001 -5.412279808460e+001
  2.497561770663e+002 -3.661669361450e+001 -5.413384933371e+001
  2.497825911319e+002 -3.662127653517e+001 -5.413297288407e+001
  2.497787180273e+002 -3.657330214454e+001 -5.416410652069e+001
  2.497611926217e+002 -3.653952923684e+001 -5.418008517920e+001
  2.497517226742e+002 -3.649604833098e+001 -5.420945985426e+001
  2.497205130775e+002 -3.641636209454e+001 -5.419538971727e+001
  2.497482302891e+002 -3.647182070591e+001 -5.420897833642e+001
  2.497734306614e+002 -3.640866871828e+001 -5.422249127334e+001
  2.497851128142e+002 -3.630448394749e+001 -5.423267351104e+001
  2.498177448608e+002 -3.621589599655e+001 -5.424839487520e+001
  2.498481895641e+002 -3.609895723513e+001 -5.425918930110e+001
  2.498895418058e+002 -3.600842767779e+001 -5.426753187403e+001
  2.498339880684e+002 -3.594791106868e+001 -5.428696125372e+001
  2.498769098486e+002 -3.583326730929e+001 -5.430366421710e+001
  2.498613492416e+002 -3.575087937902e+001 -5.429507218088e+001
  2.498151417682e+002 -3.569119289453e+001 -5.428228602342e+001
  2.498441587688e+002 -3.560350546034e+001 -5.430642559121e+001
  2.498701033544e+002 -3.545671027992e+001 -5.432139898979e+001
  2.498341989594e+002 -3.539677045912e+001 -5.432092852098e+001
  2.498011318116e+002 -3.533172939028e+001 -5.432261935790e+001
  2.497752012853e+002 -3.528154804803e+001 -5.430698011856e+001
  2.497635253763e+002 -3.526594400276e+001 -5.430371675403e+001
  2.497242800968e+002 -3.524508732477e+001 -5.428880816116e+001
  2.496870135347e+002 -3.520328912339e+001 -5.428752627565e+001
  2.496213085001e+002 -3.514724531520e+001 -5.427131312695e+001
  2.495648457259e+002 -3.508076400660e+001 -5.429835795668e+001
  2.495159320840e+002 -3.501225009895e+001 -5.430659479368e+001
  2.494839553466e+002 -3.495171152580e+001 -5.429905943248e+001
  2.494151848260e+002 -3.484479629114e+001 -5.429333062512e+001
  2.494100652497e+002 -3.479991179013e+001 -5.428690877485e+001
  2.494024370582e+002 -3.474100311237e+001 -5.427190345757e+001
  2.494045556095e+002 -3.464253848813e+001 -5.426250980352e+001
  2.494011201163e+002 -3.456370968070e+001 -5.425587067586e+001
  2.494025185377e+002 -3.451980148383e+001 -5.425004459567e+001
  2.494072528806e+002 -3.445937411912e+001 -5.426973802123e+001
  2.493981318495e+002 -3.439294601533e+001 -5.423640834736e+001
  2.494019622804e+002 -3.433572695490e+001 -5.420869716721e+001
  2.494228592879e+002 -3.424372608834e+001 -5.419068359716e+001
  2.493682106449e+002 -3.419547041012e+001 -5.417387981342e+001
  2.493668896303e+002 -3.412534686311e+001 -5.417195585714e+001
  2.493668952963e+002 -3.405256481997e+001 -5.416106007468e+001
  2.493649837696e+002 -3.397370192880e+001 -5.413061546637e+001
  2.493595737445e+002 -3.388491872571e+001 -5.411511688240e+001
  2.493582221460e+002 -3.381478503701e+001 -5.411822962191e+001
  2.493414880262e+002 -3.370552570435e+001 -5.410618015720e+001
  2.493134002642e+002 -3.362760484725e+001 -5.409683274879e+001
  2.492940440212e+002 -3.354474686437e+001 -5.409470996738e+001
  2.492326085059e+002 -3.348233858910e+001 -5.408682636849e+001
  2.491833201859e+002 -3.341809672559e+001 -5.408128547860e+001
  2.491582038303e+002 -3.344225263820e+001 -5.407838270359e+001
  2.491099710825e+002 -3.339518267189e+001 -5.407885166955e+001
  2.490811454608e+002 -3.332299153674e+001 -5.410157796756e+001
  2.490634139617e+002 -3.325987243896e+001 -5.408705264626e+001
  2.490398119793e+002 -3.319837294273e+001 -5.408439710140e+001
  2.489793769038e+002 -3.313222404023e+001 -5.408846650558e+001
  2.489441387962e+002 -3.307665150734e+001 -5.410549398042e+001
  2.488948829771e+002 -3.303654400770e+001 -5.413095261538e+001
  2.488453713805e+002 -3.295997235728e+001 -5.414052976008e+001
  2.487947330804e+002 -3.290759219375e+001 -5.415074291721e+001
  2.487617004098e+002 -3.282925221952e+001 -5.415005357970e+001
  2.487288666896e+002 -3.275108275833e+001 -5.414789000678e+001
  2.486941894547e+002 -3.269468240051e+001 -5.412674677815e+001
  2.486247767188e+002 -3.261856813460e+001 -5.417351600523e+001
  2.485517401738e+002 -3.244927627292e+001 -5.424495666797e+001
  2.485089173080e+002 -3.234951048745e+001 -5.426155879871e+001
  2.484698555176e+002 -3.222756331287e+001 -5.428072675779e+001
  2.484233355608e+002 -3.211703342874e+001 -5.430388565338e+001
  2.483748061239e+002 -3.200420651096e+001 -5.433103667189e+001
  2.483085608207e+002 -3.190679370600e+001 -5.434979185439e+001
  2.482427978860e+002 -3.182199830199e+001 -5.436095659885e+001
  2.482049757939e+002 -3.171841558775e+001 -5.437514751817e+001
  2.481714990134e+002 -3.163174254532e+001 -5.436928602968e+001
  2.481193080991e+002 -3.155596048688e+001 -5.438644324938e+001
  2.480742594320e+002 -3.149351566511e+001 -5.439113530638e+001
  2.480423229541e+002 -3.141643306128e+001 -5.441125973726e+001
  2.480215718189e+002 -3.136039254063e+001 -5.440933774884e+001
  2.479701424302e+002 -3.124879818738e+001 -5.441767820155e+001
  2.479629011677e+002 -3.112899690320e+001 -5.442463937960e+001
  2.479654052901e+002 -3.100240995543e+001 -5.447232455745e+001
  2.479359332921e+002 -3.093059025789e+001 -5.447137271777e+001
  2.479072841134e+002 -3.087893245753e+001 -5.446013189351e+001
  2.478738437350e+002 -3.079217644820e+001 -5.444410116129e+001
  2.478056207257e+002 -3.071662594484e+001 -5.444443103884e+001
  2.478080384458e+002 -3.062936444575e+001 -5.444530364511e+001
  2.477714052292e+002 -3.055863287480e+001 -5.442195803233e+001
  2.477794771686e+002 -3.048098432848e+001 -5.442616324370e+001
  2.477375159477e+002 -3.041853143803e+001 -5.442830101582e+001
  2.477079391171e+002 -3.035754036160e+001 -5.442210134173e+001
  2.476736815834e+002 -3.032170859455e+001 -5.442485684918e+001
  2.476827281689e+002 -3.026604595236e+001 -5.445811074865e+001
  2.475958567447e+002 -3.023060932475e+001 -5.449542253498e+001
  2.475095496924e+002 -3.015553651413e+001 -5.449544898513e+001
  2.474817089198e+002 -3.017336095796e+001 -5.450367742834e+001
  2.474351207621e+002 -3.006360211092e+001 -5.451029339667e+001
  2.473714190853e+002 -2.996614993529e+001 -5.452359339478e+001
  2.473036224669e+002 -2.984697900646e+001 -5.454679750986e+001
  2.472873503038e+002 -2.982597383023e+001 -5.453086044619e+001
  2.472602925473e+002 -2.979628282498e+001 -5.451687848457e+001
  2.471729564164e+002 -2.960339125176e+001 -5.455234978704e+001
  2.472077890027e+002 -2.956950294534e+001 -5.455169059529e+001
  2.470894311117e+002 -2.941569753030e+001 -5.457670345222e+001
  2.471202462072e+002 -2.938449486540e+001 -5.457234732017e+001
  2.470803132890e+002 -2.916717384221e+001 -5.461468247307e+001
  2.470387140664e+002 -2.895593585787e+001 -5.465158501750e+001
  2.470101176682e+002 -2.888222870216e+001 -5.465842990143e+001
  2.469664947913e+002 -2.872460810558e+001 -5.468847843345e+001
  2.469346478109e+002 -2.861493845878e+001 -5.471871869779e+001
  2.468923713947e+002 -2.850701931491e+001 -5.476285937652e+001
  2.468878419924e+002 -2.850015897190e+001 -5.475494512853e+001
  2.468847570132e+002 -2.849878188895e+001 -5.474645656972e+001
  2.469268035316e+002 -2.854078862624e+001 -5.475555128718e+001
  2.469395514295e+002 -2.863128186539e+001 -5.474962528608e+001
  2.468947989870e+002 -2.860648263414e+001 -5.474115020326e+001
  2.468687953886e+002 -2.864106829705e+001 -5.477870976504e+001
  2.467302229605e+002 -2.858392089867e+001 -5.476720949257e+001
  2.466167485011e+002 -2.852092316279e+001 -5.474955039872e+001
  2.464976682654e+002 -2.846225839498e+001 -5.471215002081e+001
  2.464780148534e+002 -2.850177425569e+001 -5.471173729099e+001
  2.463792826065e+002 -2.842138618063e+001 -5.472411649056e+001
  2.462877263222e+002 -2.830928427672e+001 -5.473659467570e+001
  2.461368210303e+002 -2.811853810081e+001 -5.475393074107e+001
  2.460217407888e+002 -2.798181743729e+001 -5.477723151425e+001
  2.459344210419e+002 -2.787019112555e+001 -5.479504427990e+001
  2.458469747997e+002 -2.777026012796e+001 -5.481175575287e+001
  2.457685186354e+002 -2.766527984302e+001 -5.481046505527e+001
  2.457114273689e+002 -2.755118226343e+001 -5.482355907355e+001
  2.456224023092e+002 -2.745843959329e+001 -5.484340141680e+001
  2.455583683858e+002 -2.737793707286e+001 -5.485837311032e+001
  2.454999152432e+002 -2.727921199559e+001 -5.487642844356e+001
  2.454236343450e+002 -2.720222591081e+001 -5.489863581520e+001
  2.453686562991e+002 -2.711411288980e+001 -5.490727641037e+001
  2.453018740716e+002 -2.703087492123e+001 -5.491447830106e+001
  2.452233127569e+002 -2.693380738863e+001 -5.492291346725e+001
  2.452142131602e+002 -2.695712760995e+001 -5.487553859979e+001
  2.451764848958e+002 -2.686836588621e+001 -5.486378381328e+001
  2.451162878066e+002 -2.676053326468e+001 -5.485407908661e+001
  2.450691182774e+002 -2.670752701458e+001 -5.486159216122e+001
  2.450045954465e+002 -2.666130282077e+001 -5.486951760775e+001
  2.449250749392e+002 -2.661337870276e+001 -5.485876024542e+001
  2.448457836844e+002 -2.655394713737e+001 -5.486089825315e+001
  2.448128353132e+002 -2.641686542945e+001 -5.485903146809e+001
  2.447797037018e+002 -2.630057843621e+001 -5.487291925101e+001
  2.447037832514e+002 -2.613469547520e+001 -5.487570471657e+001
  2.445905071282e+002 -2.598145418112e+001 -5.488426843778e+001
  2.446343590223e+002 -2.614753154283e+001 -5.487031913363e+001
  2.446430241067e+002 -2.607608643600e+001 -5.485855336504e+001
  2.445829654326e+002 -2.587985994102e+001 -5.485875943846e+001
  2.445058815959e+002 -2.569031782307e+001 -5.487329517502e+001
  2.444511516736e+002 -2.554104445313e+001 -5.486961644767e+001
  2.444175318844e+002 -2.543202517955e+001 -5.487818689137e+001
  2.443597882553e+002 -2.533391144514e+001 -5.489934823049e+001
  2.443073915553e+002 -2.521605322779e+001 -5.489419763495e+001
  2.442676507093e+002 -2.511626218358e+001 -5.492449191307e+001
  2.441575805829e+002 -2.488353831434e+001 -5.495327924525e+001
  2.441510275212e+002 -2.486506958468e+001 -5.495735615380e+001
  2.441397929748e+002 -2.483782353970e+001 -5.494752990784e+001
  2.441443878746e+002 -2.455407626844e+001 -5.498770854921e+001
  2.441020051262e+002 -2.448119278646e+001 -5.500832200640e+001
  2.440596767472e+002 -2.443432142227e+001 -5.499585580557e+001
  2.440259019910e+002 -2.438742404774e+001 -5.500281628054e+001
  2.440186951172e+002 -2.432325289539e+001 -5.499751031490e+001
  2.440155611265e+002 -2.427691758669e+001 -5.499463256136e+001
  2.440675746904e+002 -2.429250819854e+001 -5.498491977740e+001
  2.441060322619e+002 -2.431878862231e+001 -5.499493347387e+001
  2.441324932864e+002 -2.432806464597e+001 -5.502089802628e+001
  2.440339836846e+002 -2.439435958509e+001 -5.502165950407e+001
  2.439561408701e+002 -2.444809842594e+001 -5.501961350741e+001
  2.438058822269e+002 -2.436978300540e+001 -5.500815785994e+001
  2.437907187175e+002 -2.440851625770e+001 -5.501333871302e+001
  2.437682583177e+002 -2.438374300952e+001 -5.501998381194e+001
  2.437094068802e+002 -2.437222962924e+001 -5.504243957180e+001
  2.436825074273e+002 -2.433182703191e+001 -5.504929682838e+001
  2.436566830559e+002 -2.428986963021e+001 -5.503276886786e+001
  2.435620870602e+002 -2.414215688143e+001 -5.503392573578e+001
  2.434840293907e+002 -2.401074593016e+001 -5.502871404304e+001
  2.433956116652e+002 -2.388425312905e+001 -5.502922555236e+001
  2.432069257736e+002 -2.368963780396e+001 -5.503191645784e+001
  2.430053625526e+002 -2.350044564001e+001 -5.505681115180e+001
  2.428636735462e+002 -2.335172225685e+001 -5.507203226539e+001
  2.427488725406e+002 -2.322610607002e+001 -5.507829538066e+001
  2.426677166458e+002 -2.310203304377e+001 -5.509206709811e+001
  2.426020549530e+002 -2.300533579407e+001 -5.509303674281e+001
  2.425221127149e+002 -2.289426088848e+001 -5.510642453740e+001
  2.424665049084e+002 -2.280961038619e+001 -5.510006742226e+001
  2.424380769437e+002 -2.271848837412e+001 -5.506843539561e+001
  2.423700722576e+002 -2.260682832055e+001 -5.505363516125e+001
  2.423317225634e+002 -2.251826945419e+001 -5.503041371348e+001
  2.422215441283e+002 -2.243324617043e+001 -5.506594584680e+001
  2.420944621194e+002 -2.235825909494e+001 -5.507924956099e+001
  2.419934073647e+002 -2.229711790612e+001 -5.509541629446e+001
  2.419668965975e+002 -2.216766674923e+001 -5.508873148117e+001
  2.419186776629e+002 -2.205154679078e+001 -5.509833423031e+001
  2.418343391779e+002 -2.198114373553e+001 -5.511672729305e+001
  2.418093800858e+002 -2.186754577642e+001 -5.511246154920e+001
  2.417653055861e+002 -2.178863151666e+001 -5.512907975508e+001
  2.417098889135e+002 -2.169995624603e+001 -5.512979078076e+001
  2.416576552374e+002 -2.161457332766e+001 -5.513155752985e+001
  2.416320197793e+002 -2.151230701705e+001 -5.511565413175e+001
  2.415826183670e+002 -2.140305561180e+001 -5.513593863163e+001
  2.415301380524e+002 -2.126376026276e+001 -5.514312505962e+001
  2.414839383824e+002 -2.115602712719e+001 -5.515103448101e+001
  2.414211744395e+002 -2.107565499942e+001 -5.517670735835e+001
  2.413671975724e+002 -2.099442418501e+001 -5.521640357430e+001
  2.413162898410e+002 -2.090069009896e+001 -5.522582494613e+001
  2.412890107023e+002 -2.081938514317e+001 -5.522687993980e+001
  2.412334394452e+002 -2.071714376481e+001 -5.523531233607e+001
  2.411007094573e+002 -2.053589173577e+001 -5.522895495151e+001
  2.410509079268e+002 -2.046193907029e+001 -5.523958898233e+001
  2.410082108872e+002 -2.039408293205e+001 -5.524687757281e+001
  2.410001288973e+002 -2.029131677938e+001 -5.526526357371e+001
  2.409403154892e+002 -2.020529448184e+001 -5.526145863210e+001
  2.408411765967e+002 -2.013983395658e+001 -5.527129605517e+001
  2.408102892041e+002 -1.999938514487e+001 -5.528044745264e+001
  2.407891610704e+002 -1.988587941959e+001 -5.527673817941e+001
  2.407594576509e+002 -1.977514676619e+001 -5.529383211408e+001
  2.406786692395e+002 -1.967903166681e+001 -5.527249800074e+001
  2.405837427083e+002 -1.962846493187e+001 -5.528065369814e+001
  2.405827330201e+002 -1.950986982123e+001 -5.529003830255e+001
  2.405276653040e+002 -1.929606006993e+001 -5.531812100847e+001
  2.404371303146e+002 -1.918068256114e+001 -5.532580548883e+001
  2.403454393782e+002 -1.909062274013e+001 -5.533883844339e+001
  2.402420742229e+002 -1.898810250119e+001 -5.534634449872e+001
  2.401972451038e+002 -1.884067958670e+001 -5.537204381838e+001
  2.401405150767e+002 -1.874164400078e+001 -5.537571974067e+001
  2.400493331000e+002 -1.859721528016e+001 -5.539459822786e+001
  2.399688966750e+002 -1.859934991406e+001 -5.541716280833e+001
  2.398738660179e+002 -1.854136978424e+001 -5.542705239232e+001
  2.398193281799e+002 -1.861985341002e+001 -5.545050498635e+001
  2.397419519721e+002 -1.855778512108e+001 -5.548568371427e+001
  2.397246818942e+002 -1.844634533899e+001 -5.549808715475e+001
  2.396808323765e+002 -1.839234615644e+001 -5.550754512940e+001
  2.396317608015e+002 -1.832242155445e+001 -5.551146220362e+001
  2.395913503960e+002 -1.834481921845e+001 -5.549989148760e+001
  2.395839399801e+002 -1.839256936629e+001 -5.551265342543e+001
  2.396336190928e+002 -1.850677157624e+001 -5.550376965818e+001
  2.396322278857e+002 -1.858318529415e+001 -5.549970453962e+001
  2.397044747582e+002 -1.867334682067e+001 -5.549711093742e+001
  2.397444131621e+002 -1.870529706997e+001 -5.549755915434e+001
  2.397933896121e+002 -1.875694969923e+001 -5.549405882038e+001
  2.397671263404e+002 -1.855322393413e+001 -5.554999377389e+001
  2.398422969063e+002 -1.874929447938e+001 -5.562355285357e+001
  2.397623490331e+002 -1.845746079613e+001 -5.565764431521e+001
  2.397746870814e+002 -1.836925994625e+001 -5.565777893562e+001
  2.397587162036e+002 -1.829740636619e+001 -5.566983703919e+001
  2.396912182913e+002 -1.815950672020e+001 -5.570782311566e+001
  2.394763703446e+002 -1.765508752748e+001 -5.585372995747e+001
  2.390543766865e+002 -1.683465816868e+001 -5.607019644871e+001
  2.391948158477e+002 -1.685899002508e+001 -5.608131111940e+001
  2.391672710142e+002 -1.678358380111e+001 -5.608662988752e+001
  2.391479191805e+002 -1.676552951072e+001 -5.609266930656e+001
  2.392346357383e+002 -1.693995354363e+001 -5.603992723925e+001
  2.393118963930e+002 -1.703744130399e+001 -5.601744400627e+001
  2.393456883629e+002 -1.701494821121e+001 -5.603424215219e+001
  2.394368922591e+002 -1.709529603794e+001 -5.602728873978e+001
  2.390599162864e+002 -1.683831890718e+001 -5.596222175896e+001
  2.391023854212e+002 -1.681241879401e+001 -5.597143436518e+001
  2.391326383757e+002 -1.680567069385e+001 -5.598572929609e+001
  2.391782576290e+002 -1.681600120697e+001 -5.600530893685e+001
  2.392152630111e+002 -1.681895885383e+001 -5.602016191776e+001
  2.392763557510e+002 -1.683146577770e+001 -5.601442396373e+001
  2.393268974098e+002 -1.683268868536e+001 -5.602242068906e+001
