  0.000000000000e+000  0.000000000000e+000  0.000000000000e+000
  0.000000000000e+000  0.000000000000e+000  0.000000000000e+000
  0.000000000000e+000  0.000000000000e+000  0.000000000000e+000
  0.000000000000e+000  0.000000000000e+000  0.000000000000e+000
  0.000000000000e+000  0.000000000000e+000  0.000000000000e+000
  0.000000000000e+000  0.000000000000e+000  0.000000000000e+000
  0.000000000000e+000  0.000000000000e+000  0.000000000000e+000
  0.000000000000e+000  0.000000000000e+000  0.000000000000e+000
  0.000000000000e+000  0.000000000000e+000  0.000000000000e+000
  0.000000000000e+000  0.000000000000e+000  0.000000000000e+000
  0.000000000000e+000  0.000000000000e+000  0.000000000000e+000
  0.000000000000e+000  0.000000000000e+000  0.000000000000e+000
  0.000000000000e+000  0.000000000000e+000  0.000000000000e+000
  0.000000000000e+000  0.000000000000e+000  0.000000000000e+000
  0.000000000000e+000  0.000000000000e+000  0.000000000000e+000
  0.000000000000e+000  0.000000000000e+000  0.000000000000e+000
  0.000000000000e+000  0.000000000000e+000  0.000000000000e+000
  0.000000000000e+000  0.000000000000e+000  0.000000000000e+000
  0.000000000000e+000  0.000000000000e+000  0.000000000000e+000
  2.612093887848e+002 -6.315488125348e+001 -5.245971835675e+001
  2.612571400388e+002 -6.307904027990e+001 -5.243013256790e+001
  2.612693014125e+002 -6.305166751922e+001 -5.244725643551e+001
  2.612838538729e+002 -6.296476394544e+001 -5.245836637904e+001
  2.612762052918e+002 -6.289289054038e+001 -5.247940640604e+001
  2.612989573481e+002 -6.282713639754e+001 -5.250596444472e+001
  2.613210667759e+002 -6.277076463038e+001 -5.249348841189e+001
  2.613849160656e+002 -6.272073137610e+001 -5.249141151951e+001
  2.613896025154e+002 -6.265461270334e+001 -5.247098211495e+001
  2.614017907404e+002 -6.256774330253e+001 -5.248187711266e+001
  2.613789560540e+002 -6.252596384750e+001 -5.251590534888e+001
  2.613697576447e+002 -6.246538502737e+001 -5.255613331055e+001
  2.613495374104e+002 -6.241117300586e+001 -5.259527221402e+001
  2.613635439607e+002 -6.233912072061e+001 -5.261416297229e+001
  2.613603134070e+002 -6.226629606717e+001 -5.262837334767e+001
  2.614601796485e+002 -6.216702609785e+001 -5.256453381969e+001
  2.615280614932e+002 -6.203444823192e+001 -5.262888215699e+001
  2.615952754393e+002 -6.194823402155e+001 -5.267524187251e+001
  2.617394590961e+002 -6.182010252384e+001 -5.282863375347e+001
  2.617763398052e+002 -6.172159098682e+001 -5.286824878084e+001
  2.617681710903e+002 -6.158497045284e+001 -5.287460000954e+001
  2.617533407847e+002 -6.158204004878e+001 -5.286148952286e+001
  2.617347625387e+002 -6.150656465428e+001 -5.286786824229e+001
  2.617290554718e+002 -6.143030976324e+001 -5.283289521322e+001
  2.617403229749e+002 -6.135783836620e+001 -5.282296091112e+001
  2.617373083820e+002 -6.128813260076e+001 -5.283166029741e+001
  2.617049051619e+002 -6.123073416147e+001 -5.284117162533e+001
  2.616809323280e+002 -6.110323861092e+001 -5.284912770481e+001
  2.616662038234e+002 -6.112324001318e+001 -5.284593110700e+001
  2.616564032390e+002 -6.107073111337e+001 -5.284525139040e+001
  2.616373241792e+002 -6.101995436285e+001 -5.284620149019e+001
  2.616170040217e+002 -6.096960415617e+001 -5.284358896551e+001
  2.616191262528e+002 -6.088926731586e+001 -5.288992529989e+001
  2.615930739582e+002 -6.083035951103e+001 -5.288878447892e+001
  2.615882135436e+002 -6.073387192449e+001 -5.288772559284e+001
  2.615826104078e+002 -6.068107812163e+001 -5.288429420647e+001
  2.615354036762e+002 -6.064349226681e+001 -5.288398824528e+001
  2.615237924497e+002 -6.058711950379e+001 -5.286646746170e+001
  2.614871878962e+002 -6.052541332392e+001 -5.286764073657e+001
  2.614697844782e+002 -6.048926780784e+001 -5.284212028253e+001
  2.614646099956e+002 -6.040989914758e+001 -5.280316909784e+001
  2.614430360304e+002 -6.030967488846e+001 -5.283225017956e+001
  2.617690087528e+002 -6.008275385345e+001 -5.259055596914e+001
  2.617194572811e+002 -6.002924078331e+001 -5.259714093027e+001
  2.618543528958e+002 -5.990001608894e+001 -5.258513759869e+001
  2.619916767423e+002 -5.973941670182e+001 -5.259428135207e+001
  2.620715619543e+002 -5.965335497792e+001 -5.261523356829e+001
  2.621154854786e+002 -5.955841930318e+001 -5.259332932416e+001
  2.619124835632e+002 -5.946416558760e+001 -5.273892338354e+001
  2.616568923891e+002 -5.948279710081e+001 -5.278174314682e+001
  2.614928731143e+002 -5.947804998040e+001 -5.281472402183e+001
  2.613738923956e+002 -5.946193476148e+001 -5.283572791255e+001
  2.613070042426e+002 -5.939732825751e+001 -5.284072601098e+001
  2.612299469019e+002 -5.933752950849e+001 -5.282878411024e+001
  2.611320861980e+002 -5.919832201337e+001 -5.286961779188e+001
  2.610763999515e+002 -5.918517639179e+001 -5.289952765755e+001
  2.610131650270e+002 -5.911751447104e+001 -5.290383405254e+001
  2.609132315339e+002 -5.910600864754e+001 -5.293165056141e+001
  2.608051359842e+002 -5.907269780787e+001 -5.294843892355e+001
  2.606845710718e+002 -5.903544882760e+001 -5.296626625272e+001
  2.606284753853e+002 -5.901614313694e+001 -5.299137376046e+001
  2.605314603112e+002 -5.899884134525e+001 -5.303893524942e+001
  2.604778824508e+002 -5.895509095273e+001 -5.305783443607e+001
  2.603983123551e+002 -5.894685648827e+001 -5.307731132285e+001
  2.604256973606e+002 -5.886315149580e+001 -5.311892250190e+001
  2.604837740058e+002 -5.875149839774e+001 -5.315109360415e+001
  2.605897249852e+002 -5.861200880158e+001 -5.317003779415e+001
  2.605473658688e+002 -5.859111668653e+001 -5.317311522863e+001
  2.606235392729e+002 -5.847199299746e+001 -5.316420428351e+001
  2.605462548020e+002 -5.844337973715e+001 -5.321218062267e+001
  2.605016334957e+002 -5.836260702985e+001 -5.317108812919e+001
  2.604360212821e+002 -5.828284003817e+001 -5.320189125372e+001
  2.603323893685e+002 -5.824478565006e+001 -5.322370245552e+001
  2.602131333475e+002 -5.823748250102e+001 -5.324051067491e+001
  2.601294335851e+002 -5.818245928637e+001 -5.320093846761e+001
  2.600070491666e+002 -5.815595628979e+001 -5.318591608871e+001
  2.598518143355e+002 -5.838108056686e+001 -5.310170513011e+001
  2.596831562684e+002 -5.838695351229e+001 -5.311156347090e+001
  2.595961251010e+002 -5.836672276270e+001 -5.318656048540e+001
  2.595096694525e+002 -5.829160249304e+001 -5.320817239901e+001
  2.594795009187e+002 -5.822889857506e+001 -5.326998143681e+001
  2.594772342018e+002 -5.814756242433e+001 -5.342062880413e+001
  2.592941210201e+002 -5.816641961620e+001 -5.344700623804e+001
  2.590997062318e+002 -5.817362110286e+001 -5.350915291601e+001
  2.588994638675e+002 -5.819282544523e+001 -5.355246644583e+001
  2.588607901560e+002 -5.815198699239e+001 -5.357900769099e+001
  2.587979439842e+002 -5.811111957654e+001 -5.363409465174e+001
  2.588430546571e+002 -5.799686868167e+001 -5.377536901587e+001
  2.588059062209e+002 -5.792332370937e+001 -5.379957266784e+001
  2.587666257515e+002 -5.784106338767e+001 -5.380811068018e+001
  2.587673894270e+002 -5.779149720785e+001 -5.382779883281e+001
  2.587445352985e+002 -5.773146090770e+001 -5.381720622748e+001
  2.588321696475e+002 -5.759430258530e+001 -5.392227516578e+001
  2.586955341130e+002 -5.758855466304e+001 -5.402523156914e+001
  2.586750310682e+002 -5.749024846658e+001 -5.411838069004e+001
  2.587817459430e+002 -5.732914405688e+001 -5.427418961708e+001
  2.586887653228e+002 -5.717151255823e+001 -5.422680025892e+001
  2.585863037106e+002 -5.713395026592e+001 -5.419119966660e+001
  2.585249827776e+002 -5.706949287094e+001 -5.417106901269e+001
  2.584343632166e+002 -5.703775729450e+001 -5.412630997254e+001
  2.582923457135e+002 -5.705029456292e+001 -5.410832572016e+001
  2.580998295180e+002 -5.696497550183e+001 -5.406570348476e+001
  2.579881550925e+002 -5.700036145538e+001 -5.409505676086e+001
  2.578583387287e+002 -5.698281746333e+001 -5.410811109676e+001
  2.577513657182e+002 -5.679212587141e+001 -5.405566660971e+001
  2.576776839504e+002 -5.682218304400e+001 -5.405861299123e+001
  2.576197183294e+002 -5.674320438313e+001 -5.402495210297e+001
  2.575598166464e+002 -5.668810955199e+001 -5.401319102651e+001
  2.574196371121e+002 -5.668892084846e+001 -5.402779160900e+001
  2.573030593804e+002 -5.670963920581e+001 -5.406539281109e+001
  2.572140777827e+002 -5.659319403697e+001 -5.404997194253e+001
  2.571543849179e+002 -5.645971676516e+001 -5.404882576952e+001
  2.571597873603e+002 -5.637408226288e+001 -5.404948305011e+001
  2.571114774402e+002 -5.631359896571e+001 -5.404186726193e+001
  2.571911970529e+002 -5.618599974173e+001 -5.400901573272e+001
  2.572645452855e+002 -5.609798695043e+001 -5.399081225338e+001
  2.573334507345e+002 -5.602339795329e+001 -5.396465778073e+001
  2.573829320640e+002 -5.596580936944e+001 -5.400134097911e+001
  2.574077321619e+002 -5.587360217644e+001 -5.401962853185e+001
  2.574294086654e+002 -5.575072540716e+001 -5.403123636434e+001
  2.575151606247e+002 -5.569295153697e+001 -5.400327016526e+001
  2.575053786844e+002 -5.563388063638e+001 -5.401654910374e+001
  2.576733766144e+002 -5.543157554686e+001 -5.397467519078e+001
  2.577424340011e+002 -5.529537148922e+001 -5.391997200824e+001
  2.577053445940e+002 -5.521414783473e+001 -5.384195080147e+001
  2.576774542077e+002 -5.515712848407e+001 -5.382072794239e+001
  2.576648284491e+002 -5.508283316428e+001 -5.380281268714e+001
  2.576087267156e+002 -5.503629129881e+001 -5.376797795812e+001
  2.575709559811e+002 -5.496141967356e+001 -5.374930410488e+001
  2.575703846765e+002 -5.490497841298e+001 -5.367014200516e+001
  2.576405208359e+002 -5.478245113024e+001 -5.365077988066e+001
  2.577181205987e+002 -5.463051279437e+001 -5.369562307121e+001
  2.578255900316e+002 -5.449145942385e+001 -5.376103483654e+001
  2.579773326985e+002 -5.431560826856e+001 -5.381187776103e+001
  2.579966085998e+002 -5.424882569221e+001 -5.389669619689e+001
  2.580174235632e+002 -5.418444338583e+001 -5.395525907747e+001
  2.582294140839e+002 -5.388135738522e+001 -5.416089487585e+001
  2.586332738149e+002 -5.381696925113e+001 -5.446005283226e+001
  2.586003781381e+002 -5.373779332307e+001 -5.446357048249e+001
  2.585732009833e+002 -5.369459439551e+001 -5.446954231144e+001
  2.585636702772e+002 -5.363725333388e+001 -5.448042473461e+001
  2.585446151948e+002 -5.357590982978e+001 -5.448797395252e+001
  2.585031035952e+002 -5.346270578057e+001 -5.450740668476e+001
  2.584679470538e+002 -5.340728251288e+001 -5.449948277456e+001
  2.584416188977e+002 -5.337781585079e+001 -5.450127268974e+001
  2.584292206279e+002 -5.330013431805e+001 -5.449817330600e+001
  2.584602377101e+002 -5.319571218263e+001 -5.463632492851e+001
  2.584205592720e+002 -5.314084138253e+001 -5.460469656674e+001
  2.583888417090e+002 -5.308398853454e+001 -5.457183990325e+001
  2.582856884085e+002 -5.307982393969e+001 -5.453941125109e+001
  2.581438682473e+002 -5.307428627397e+001 -5.443002043902e+001
  2.579536169084e+002 -5.311993351401e+001 -5.433835289973e+001
  2.577938703318e+002 -5.314904290227e+001 -5.423930125289e+001
  2.576189505046e+002 -5.317819044324e+001 -5.417902505230e+001
  2.574664453815e+002 -5.320685881554e+001 -5.411850748300e+001
  2.572899696452e+002 -5.325309764111e+001 -5.409768504167e+001
  2.570723424163e+002 -5.336493309449e+001 -5.404156471196e+001
  2.569400493977e+002 -5.340436957855e+001 -5.405702995236e+001
  2.567589457403e+002 -5.342896260402e+001 -5.403891830605e+001
  2.566229784833e+002 -5.343391819219e+001 -5.405215396113e+001
  2.564624418918e+002 -5.345594651263e+001 -5.407222955250e+001
  2.564554350750e+002 -5.330909169559e+001 -5.409677700275e+001
  2.564413717541e+002 -5.321988956908e+001 -5.412033043013e+001
  2.564478309269e+002 -5.312893756025e+001 -5.407278772486e+001
  2.564523915151e+002 -5.304032549322e+001 -5.403841717330e+001
  2.564615744151e+002 -5.288179309042e+001 -5.408069279809e+001
  2.565416031162e+002 -5.272879068016e+001 -5.410002579794e+001
  2.566370728103e+002 -5.260492932530e+001 -5.411227005039e+001
  2.566813284571e+002 -5.254022702040e+001 -5.419375881745e+001
  2.567187884518e+002 -5.244564380543e+001 -5.421036177968e+001
  2.567154851980e+002 -5.237599935882e+001 -5.423099013595e+001
  2.567829833133e+002 -5.224239869411e+001 -5.421739105699e+001
  2.566840227503e+002 -5.219815179915e+001 -5.419287303319e+001
  2.566355580747e+002 -5.211579703387e+001 -5.421779088159e+001
  2.565781506966e+002 -5.207398832769e+001 -5.421680193327e+001
  2.565852537227e+002 -5.196650378904e+001 -5.415189845255e+001
  2.564998456369e+002 -5.193814572018e+001 -5.418175152239e+001
  2.564815950464e+002 -5.186777967045e+001 -5.412931662444e+001
  2.564333952374e+002 -5.182718926870e+001 -5.409708809798e+001
  2.564215856119e+002 -5.175934821306e+001 -5.409726489142e+001
  2.563926107919e+002 -5.167206838314e+001 -5.409356860445e+001
  2.563928174848e+002 -5.159701909875e+001 -5.407584054640e+001
  2.563475532774e+002 -5.155578867179e+001 -5.405207547646e+001
  2.563161428706e+002 -5.148304937907e+001 -5.406780754504e+001
  2.563547986853e+002 -5.135449384577e+001 -5.402894166040e+001
  2.563684287761e+002 -5.125572082909e+001 -5.399363966574e+001
  2.563855228148e+002 -5.111014267321e+001 -5.400914017806e+001
  2.564842074976e+002 -5.095494569855e+001 -5.399486111004e+001
  2.563897297267e+002 -5.089426255006e+001 -5.402419438589e+001
  2.563723055048e+002 -5.076112403756e+001 -5.401618304519e+001
  2.563322355296e+002 -5.069800027107e+001 -5.393259510124e+001
  2.562818438120e+002 -5.064018465102e+001 -5.389125572357e+001
  2.562671277610e+002 -5.058167459356e+001 -5.384368407240e+001
  2.562576491134e+002 -5.050568071065e+001 -5.380124073220e+001
  2.562064377153e+002 -5.047169911505e+001 -5.375316323034e+001
  2.561991735225e+002 -5.042503044765e+001 -5.370099096369e+001
  2.561915891294e+002 -5.036773355747e+001 -5.365240493828e+001
  2.561498771351e+002 -5.036140159760e+001 -5.362827192150e+001
  2.561963976278e+002 -5.028375612623e+001 -5.356214886004e+001
  2.562258490511e+002 -5.021378919133e+001 -5.356487492872e+001
  2.562307296126e+002 -5.016235377401e+001 -5.350433949420e+001
  2.562894454971e+002 -5.005897432633e+001 -5.345628667019e+001
  2.562092603049e+002 -5.010435686129e+001 -5.340449608006e+001
  2.562261535911e+002 -5.003256993089e+001 -5.336691467198e+001
  2.561275012930e+002 -5.007238609978e+001 -5.335404884525e+001
  2.560725435059e+002 -5.005611280667e+001 -5.332896624180e+001
  2.561413617489e+002 -4.989564818842e+001 -5.326547343240e+001
  2.561432772710e+002 -4.978972227937e+001 -5.326812311466e+001
  2.562770792736e+002 -4.954243798979e+001 -5.323389680153e+001
  2.563329689179e+002 -4.952716202571e+001 -5.319479617461e+001
  2.564988950903e+002 -4.927889445405e+001 -5.319709912856e+001
  2.565704708306e+002 -4.911699161146e+001 -5.325491189097e+001
  2.566947600546e+002 -4.890201206313e+001 -5.322296229969e+001
  2.568155334832e+002 -4.870758092031e+001 -5.316875641518e+001
  2.569249703309e+002 -4.851196757884e+001 -5.312871534191e+001
  2.569815649340e+002 -4.836495430381e+001 -5.311518350709e+001
  2.571021362695e+002 -4.814346607983e+001 -5.308021802411e+001
  2.572420912326e+002 -4.785294191294e+001 -5.303257607509e+001
  2.573872013186e+002 -4.760973826084e+001 -5.297454867048e+001
  2.575075660683e+002 -4.736004096063e+001 -5.299433954825e+001
  2.578696613642e+002 -4.680188168779e+001 -5.300998412329e+001
  2.582866610223e+002 -4.593763352844e+001 -5.333759144271e+001
  2.582654180757e+002 -4.588770904433e+001 -5.333790891178e+001
  2.584074500562e+002 -4.556109742109e+001 -5.336069716916e+001
  2.585032011717e+002 -4.536179474375e+001 -5.329762486917e+001
  2.585741494860e+002 -4.504575653881e+001 -5.341834247585e+001
  2.587086054330e+002 -4.489960521927e+001 -5.325594293586e+001
  2.588206195472e+002 -4.462886033403e+001 -5.330644969375e+001
  2.589440051632e+002 -4.435861813020e+001 -5.328325459162e+001
  2.589334865281e+002 -4.429332941937e+001 -5.331389661211e+001
  2.589165159241e+002 -4.424096039798e+001 -5.330334669565e+001
  2.589151441202e+002 -4.416883627472e+001 -5.328646700395e+001
  2.588838435228e+002 -4.412228854923e+001 -5.330376915689e+001
  2.588851653714e+002 -4.406987646666e+001 -5.329032848283e+001
  2.588737139855e+002 -4.400706572260e+001 -5.331398769927e+001
  2.588580005072e+002 -4.397457542397e+001 -5.333449271881e+001
  2.588688001828e+002 -4.391881626881e+001 -5.333404570332e+001
  2.588740047166e+002 -4.387039419738e+001 -5.330405035152e+001
  2.588344637676e+002 -4.381840867367e+001 -5.329180955216e+001
  2.588287868525e+002 -4.376504360752e+001 -5.328215956991e+001
  2.590239999061e+002 -4.351452776543e+001 -5.324414492887e+001
  2.591569249183e+002 -4.334127699144e+001 -5.322431710002e+001
  2.592881760843e+002 -4.318133726117e+001 -5.315681558485e+001
  2.590619896233e+002 -4.331241233150e+001 -5.310717527563e+001
  2.591320052388e+002 -4.308154250781e+001 -5.319076466497e+001
  2.589835254505e+002 -4.307510345404e+001 -5.323911303819e+001
  2.590676819629e+002 -4.293410615455e+001 -5.318441811987e+001
  2.590090180635e+002 -4.285495529274e+001 -5.314912322851e+001
  2.588545015905e+002 -4.285010183442e+001 -5.317811221430e+001
  2.587783599160e+002 -4.278348642176e+001 -5.316302946213e+001
  2.586501194644e+002 -4.273740117890e+001 -5.317057086899e+001
  2.585731108368e+002 -4.267185967410e+001 -5.317052235311e+001
  2.585583498250e+002 -4.258836464866e+001 -5.315860879678e+001
  2.584865408449e+002 -4.250965885428e+001 -5.319220620291e+001
  2.584435551039e+002 -4.244685911544e+001 -5.323968792935e+001
  2.583473952382e+002 -4.235660139259e+001 -5.329564884585e+001
  2.582726497895e+002 -4.228219956567e+001 -5.331660455964e+001
  2.580678125000e+002 -4.217558800065e+001 -5.340561379992e+001
  2.579058702391e+002 -4.207439750450e+001 -5.342683599199e+001
  2.577518883484e+002 -4.195898932810e+001 -5.345269080407e+001
  2.575569065154e+002 -4.185969373595e+001 -5.348209418295e+001
  2.574276699920e+002 -4.176582877927e+001 -5.348158749082e+001
  2.572854613661e+002 -4.169831660795e+001 -5.351638801902e+001
  2.571515861827e+002 -4.161623186061e+001 -5.352240479010e+001
  2.569391271363e+002 -4.149145268563e+001 -5.352931228812e+001
  2.569661117725e+002 -4.121785004428e+001 -5.351434043397e+001
  2.568027796555e+002 -4.113011723362e+001 -5.352270959382e+001
  2.566296044235e+002 -4.099681614513e+001 -5.355631586636e+001
  2.564984770164e+002 -4.084182640601e+001 -5.356509479145e+001
  2.563488924159e+002 -4.079421027383e+001 -5.358170797023e+001
  2.562057017118e+002 -4.070477498115e+001 -5.360159086165e+001
  2.560628006032e+002 -4.061206724193e+001 -5.360735558460e+001
  2.559162725842e+002 -4.051559554019e+001 -5.362571409751e+001
  2.557880891433e+002 -4.049734765354e+001 -5.363335897488e+001
  2.556885307292e+002 -4.049373297162e+001 -5.363438164532e+001
  2.555760461114e+002 -4.054419614696e+001 -5.363240859908e+001
  2.554957133969e+002 -4.060767490228e+001 -5.358115636138e+001
  2.554043260411e+002 -4.069494678133e+001 -5.353666522608e+001
  2.552845217219e+002 -4.041521115299e+001 -5.361374471225e+001
  2.552167147636e+002 -4.050057562459e+001 -5.359128577028e+001
  2.552047953916e+002 -4.041267685732e+001 -5.359560131271e+001
  2.551848336582e+002 -4.033991276497e+001 -5.358062699777e+001
  2.551707961543e+002 -4.017239681954e+001 -5.358746612268e+001
  2.551778989206e+002 -4.016221907572e+001 -5.355710076064e+001
  2.551539910503e+002 -4.010758984503e+001 -5.354922825353e+001
  2.551634441978e+002 -3.987403079831e+001 -5.352631201251e+001
  2.551268675334e+002 -3.985426935833e+001 -5.351044846178e+001
  2.551831781416e+002 -3.952818083524e+001 -5.349359953581e+001
  2.551219128028e+002 -3.964659250427e+001 -5.348644411287e+001
  2.552225069699e+002 -3.914792022154e+001 -5.352491131056e+001
  2.552916499896e+002 -3.866570848502e+001 -5.354331349258e+001
  2.552615373614e+002 -3.863536883659e+001 -5.345732621151e+001
  2.554569246678e+002 -3.762736337405e+001 -5.358061893655e+001
  2.554526706651e+002 -3.754803628062e+001 -5.356133376434e+001
  2.554494376096e+002 -3.748404788125e+001 -5.354813659185e+001
  2.554344281773e+002 -3.739962385293e+001 -5.355993062679e+001
  2.554244018977e+002 -3.734593162919e+001 -5.355585061117e+001
  2.553822349120e+002 -3.727380968326e+001 -5.354662990302e+001
  2.553940927497e+002 -3.722149362303e+001 -5.357134033082e+001
  2.553786746785e+002 -3.715134227449e+001 -5.352537451409e+001
  2.553571557626e+002 -3.710566987250e+001 -5.354375785817e+001
  2.553577600095e+002 -3.702737592234e+001 -5.355105835364e+001
  2.554513717126e+002 -3.666175094722e+001 -5.355615084068e+001
  2.555297507548e+002 -3.627113061140e+001 -5.370252399337e+001
  2.556819265020e+002 -3.579735339097e+001 -5.376331781794e+001
  2.557527494965e+002 -3.555052139299e+001 -5.377199251332e+001
  2.557897138954e+002 -3.546612625589e+001 -5.372170419005e+001
  2.557607857491e+002 -3.540945014005e+001 -5.373046489425e+001
  2.556886618997e+002 -3.537548751143e+001 -5.371661448449e+001
  2.556560798032e+002 -3.528175973498e+001 -5.373303414564e+001
  2.556709406995e+002 -3.517184179971e+001 -5.372338916291e+001
  2.556093769742e+002 -3.510033517558e+001 -5.376923294158e+001
  2.555137547924e+002 -3.500870581028e+001 -5.378713966146e+001
  2.554439207149e+002 -3.492759764117e+001 -5.379795396006e+001
  2.553129584356e+002 -3.487597960677e+001 -5.382407122026e+001
  2.551688856641e+002 -3.479445682030e+001 -5.385378349665e+001
  2.550276509448e+002 -3.469103735280e+001 -5.387679935103e+001
  2.549574040172e+002 -3.457959985409e+001 -5.389980249765e+001
  2.548463491865e+002 -3.443426576688e+001 -5.391243607291e+001
  2.547438360741e+002 -3.428620560071e+001 -5.393679766825e+001
  2.546216380749e+002 -3.411791207628e+001 -5.397187935492e+001
  2.545410908433e+002 -3.400976430268e+001 -5.400301648032e+001
  2.544449279357e+002 -3.387688135125e+001 -5.403609775986e+001
  2.543363342804e+002 -3.369227219780e+001 -5.408257938858e+001
  2.542469841700e+002 -3.351688227481e+001 -5.411257224655e+001
  2.541415750760e+002 -3.311178116490e+001 -5.408871819348e+001
  2.540746877804e+002 -3.297955480715e+001 -5.412864832678e+001
  2.540066771872e+002 -3.286179565760e+001 -5.413696677294e+001
  2.539596776232e+002 -3.272630780850e+001 -5.417070702886e+001
  2.538916733827e+002 -3.258305125696e+001 -5.414991732226e+001
  2.538542708554e+002 -3.248714875779e+001 -5.415597434558e+001
  2.537956903424e+002 -3.237773124372e+001 -5.418809409047e+001
  2.538093677777e+002 -3.194447155826e+001 -5.420022989637e+001
  2.537813832616e+002 -3.181306955992e+001 -5.418782484147e+001
  2.536820425490e+002 -3.176166460405e+001 -5.419043424140e+001
  2.536297763000e+002 -3.159732963632e+001 -5.419113719058e+001
  2.535627294566e+002 -3.165401598506e+001 -5.423691167391e+001
  2.534818678657e+002 -3.178448759057e+001 -5.423103068646e+001
  2.534362928196e+002 -3.179234090983e+001 -5.425022290401e+001
  2.533875249786e+002 -3.162804466788e+001 -5.423513875754e+001
  2.533255814652e+002 -3.161948460582e+001 -5.426699620447e+001
  2.532592963441e+002 -3.154291876115e+001 -5.427135518225e+001
  2.531972368988e+002 -3.149700247697e+001 -5.430139501086e+001
  2.530741909897e+002 -3.151140015014e+001 -5.429798728933e+001
  2.530141537092e+002 -3.161038005375e+001 -5.429719191338e+001
  2.529496557831e+002 -3.159808005894e+001 -5.428900739356e+001
  2.529105849981e+002 -3.152287263287e+001 -5.425861063125e+001
  2.527913052806e+002 -3.157788177615e+001 -5.423881937876e+001
  2.527542413669e+002 -3.152759046373e+001 -5.422434468028e+001
  2.526104772644e+002 -3.157321765061e+001 -5.420236455071e+001
  2.525029821639e+002 -3.159175484639e+001 -5.417173867723e+001
  2.524904669787e+002 -3.147467520511e+001 -5.411446886348e+001
  2.524055370755e+002 -3.148642533640e+001 -5.406744043212e+001
  2.522287819059e+002 -3.163736120870e+001 -5.405062960179e+001
  2.520918020712e+002 -3.172980189287e+001 -5.402695968479e+001
  2.519822120076e+002 -3.173904509654e+001 -5.397658119750e+001
  2.518502623558e+002 -3.175186017181e+001 -5.394320375980e+001
  2.517225530867e+002 -3.182722468341e+001 -5.391235629577e+001
  2.515223987969e+002 -3.207622095309e+001 -5.388092319533e+001
  2.514295848326e+002 -3.208569923781e+001 -5.384266515957e+001
  2.512079506382e+002 -3.252515794075e+001 -5.387426195706e+001
  2.510297299596e+002 -3.275479667987e+001 -5.387187194584e+001
  2.509509567318e+002 -3.263773875997e+001 -5.378350850350e+001
  2.510361012984e+002 -3.220811782456e+001 -5.385813483041e+001
  2.511146792215e+002 -3.170612716254e+001 -5.389121941335e+001
  2.511185854409e+002 -3.151359642397e+001 -5.393810317515e+001
  2.509874988542e+002 -3.173960608389e+001 -5.397547822426e+001
  2.510355621682e+002 -3.128148547832e+001 -5.399619755354e+001
  2.509571965707e+002 -3.127934214160e+001 -5.403679490602e+001
  2.510360783663e+002 -3.066148489018e+001 -5.404494675451e+001
  2.509553543464e+002 -3.065877606404e+001 -5.400262616441e+001
  2.509111705631e+002 -3.059916044611e+001 -5.401680171128e+001
  2.509336874380e+002 -3.025608158454e+001 -5.405343623156e+001
  2.509226452817e+002 -3.016142806948e+001 -5.406981167634e+001
  2.509024871376e+002 -3.008277740822e+001 -5.405840993463e+001
  2.505774789058e+002 -3.090866613781e+001 -5.406535856142e+001
  2.507060125817e+002 -3.009978605180e+001 -5.377647401486e+001
  2.506967453148e+002 -3.004043669773e+001 -5.378598413472e+001
  2.506629378556e+002 -2.997142284031e+001 -5.379289863306e+001
  2.508961553642e+002 -2.938166525490e+001 -5.395876717151e+001
  2.506758497396e+002 -2.955072531040e+001 -5.393491245419e+001
  2.504834726272e+002 -2.971311733945e+001 -5.393988333106e+001
  2.503713539463e+002 -2.966312101423e+001 -5.396223959648e+001
  2.503845242601e+002 -2.948081223086e+001 -5.395792429047e+001
  2.503835227269e+002 -2.930974247777e+001 -5.398326905333e+001
  2.503379182282e+002 -2.921378263293e+001 -5.401737303620e+001
  2.503050021548e+002 -2.915114508497e+001 -5.404086543865e+001
  2.501955715250e+002 -2.912669578363e+001 -5.404786104174e+001
  2.501130120258e+002 -2.911631431784e+001 -5.403424623902e+001
  2.500642819323e+002 -2.903349904847e+001 -5.396748885109e+001
  2.500571729030e+002 -2.890782181841e+001 -5.391361862754e+001
  2.500190353136e+002 -2.879784534024e+001 -5.386565302170e+001
  2.500291371789e+002 -2.872482652858e+001 -5.381380864044e+001
  2.499777308221e+002 -2.861841567175e+001 -5.378223831410e+001
  2.499659666639e+002 -2.850954910856e+001 -5.371519672235e+001
  2.499389627024e+002 -2.843857561877e+001 -5.370293967183e+001
  2.499302737719e+002 -2.834363023093e+001 -5.369845152253e+001
  2.498812931591e+002 -2.832371604504e+001 -5.364700453296e+001
  2.498410795156e+002 -2.825621828550e+001 -5.361069495132e+001
  2.497730807577e+002 -2.821266904548e+001 -5.358509924794e+001
  2.497544185798e+002 -2.794574350660e+001 -5.348187574405e+001
  2.497034582580e+002 -2.788512462564e+001 -5.347074721567e+001
  2.496522187277e+002 -2.783402042441e+001 -5.346724129769e+001
  2.495903383310e+002 -2.773917517090e+001 -5.345404548180e+001
  2.495226687682e+002 -2.767288673661e+001 -5.345328657988e+001
  2.494902390714e+002 -2.760109294021e+001 -5.346822154130e+001
  2.494632047459e+002 -2.754998613369e+001 -5.349870510412e+001
  2.494637663003e+002 -2.749854358370e+001 -5.351337675647e+001
  2.494414233161e+002 -2.746285889255e+001 -5.353467116834e+001
  2.493865836481e+002 -2.740693973641e+001 -5.354424017292e+001
  2.493581673866e+002 -2.736992768508e+001 -5.354087210830e+001
  2.493614536148e+002 -2.728041939367e+001 -5.353507511596e+001
  2.493334063684e+002 -2.724949669364e+001 -5.356744076659e+001
  2.492668667674e+002 -2.707878066644e+001 -5.358103321142e+001
  2.492279177388e+002 -2.698850170923e+001 -5.360964357198e+001
  2.491595861309e+002 -2.698294720678e+001 -5.364590080268e+001
  2.489730826867e+002 -2.755797304454e+001 -5.361783162349e+001
  2.488338606036e+002 -2.801050428927e+001 -5.364211360732e+001
  2.487695422464e+002 -2.842234829538e+001 -5.362993686254e+001
  2.487208362013e+002 -2.878195200599e+001 -5.359099124549e+001
  2.486584644059e+002 -2.882535032636e+001 -5.358019733930e+001
  2.486240973396e+002 -2.925665121001e+001 -5.352234652769e+001
  2.486115229317e+002 -2.953267375337e+001 -5.342216004590e+001
  2.485768186583e+002 -2.984853935545e+001 -5.335769188376e+001
  2.485689352863e+002 -3.023488672403e+001 -5.327846194171e+001
  2.485308334881e+002 -3.059136042736e+001 -5.317429568816e+001
  2.485213541261e+002 -3.090762926753e+001 -5.313600141645e+001
  2.485083257368e+002 -3.119122008843e+001 -5.306028574327e+001
  2.484612170840e+002 -3.122592427216e+001 -5.303075856303e+001
  2.484540586443e+002 -3.127502519090e+001 -5.301446879497e+001
  2.484489934370e+002 -3.132274906660e+001 -5.295845597269e+001
  2.484356362647e+002 -3.131814779030e+001 -5.297811618895e+001
  2.484225907412e+002 -3.130018346033e+001 -5.298004336594e+001
  2.482540463064e+002 -3.117474580215e+001 -5.273281562179e+001
  2.482557388179e+002 -3.113183030919e+001 -5.273970099809e+001
  2.482489230572e+002 -3.104787957359e+001 -5.277794561158e+001
  2.482653605387e+002 -3.091829765531e+001 -5.279994072387e+001
  2.482882690378e+002 -3.081069589409e+001 -5.281616613359e+001
  2.483241020798e+002 -3.067554353533e+001 -5.285242736599e+001
  2.483677270211e+002 -3.054756451849e+001 -5.287098890905e+001
  2.482396724871e+002 -3.054927970947e+001 -5.289448270033e+001
  2.480581279102e+002 -3.060213237771e+001 -5.293501238163e+001
  2.478435224752e+002 -3.071390705787e+001 -5.299028001280e+001
  2.476590743972e+002 -3.081028306551e+001 -5.301790029337e+001
  2.476030957174e+002 -3.074954551125e+001 -5.302604349332e+001
  2.474738917496e+002 -3.078686855252e+001 -5.305492418869e+001
  2.473433458738e+002 -3.079219297873e+001 -5.307563257607e+001
  2.472918341193e+002 -3.073397303356e+001 -5.316218803750e+001
  2.471743754245e+002 -3.079047446477e+001 -5.320871538508e+001
  2.470273094668e+002 -3.078461388265e+001 -5.323104538519e+001
  2.469320812889e+002 -3.064899595719e+001 -5.321730212233e+001
  2.468932793677e+002 -3.062160694243e+001 -5.323296453364e+001
  2.467947661551e+002 -3.058334055515e+001 -5.324432607996e+001
  2.467211824436e+002 -3.056987412179e+001 -5.325392979911e+001
  2.466680910939e+002 -3.042739920951e+001 -5.327908270435e+001
  2.466106284305e+002 -3.044111024850e+001 -5.326723409452e+001
  2.466068904027e+002 -3.033199125986e+001 -5.330028612937e+001
  2.465841281737e+002 -3.024530804143e+001 -5.333735160352e+001
  2.464228278161e+002 -3.036653192120e+001 -5.338600295895e+001
  2.465023992243e+002 -3.020595560659e+001 -5.339789804331e+001
  2.464461522742e+002 -3.028863393363e+001 -5.342457334319e+001
  2.463952827810e+002 -3.033928037042e+001 -5.348151562009e+001
  2.466314815896e+002 -3.043874462823e+001 -5.367930388998e+001
  2.466059601408e+002 -3.038662317751e+001 -5.369130483136e+001
  2.466174194077e+002 -3.036942830058e+001 -5.373706086481e+001
  2.466087033543e+002 -3.040515760386e+001 -5.381800841991e+001
  2.465736191991e+002 -3.039021280509e+001 -5.388024901654e+001
  2.465375769057e+002 -3.033752113975e+001 -5.388994849164e+001
  2.464878104991e+002 -3.028761520053e+001 -5.387990717949e+001
  2.464465212980e+002 -3.028848529835e+001 -5.388566051113e+001
  2.468035481469e+002 -2.998245231385e+001 -5.401908747508e+001
  2.468756405620e+002 -2.986483594438e+001 -5.404672804101e+001
  2.468741276350e+002 -2.977421147886e+001 -5.404966002619e+001
  2.468667814205e+002 -2.966376419683e+001 -5.403284243999e+001
  2.468890482226e+002 -2.956723674791e+001 -5.400184384632e+001
  2.468306276138e+002 -2.950077208293e+001 -5.397055592193e+001
  2.467791791566e+002 -2.943349284464e+001 -5.395695933201e+001
  2.466827889896e+002 -2.935155431156e+001 -5.395732032234e+001
  2.465835440819e+002 -2.925875565398e+001 -5.395791642291e+001
  2.464819753374e+002 -2.915777301229e+001 -5.393517766224e+001
  2.463674896083e+002 -2.907472343980e+001 -5.392402561012e+001
  2.462682547123e+002 -2.902422018196e+001 -5.394795167183e+001
  2.461629524246e+002 -2.900423601785e+001 -5.394095878752e+001
  2.460756997437e+002 -2.894677291206e+001 -5.395103027379e+001
  2.460237652213e+002 -2.889987052459e+001 -5.393676657999e+001
  2.458782297819e+002 -2.890382118562e+001 -5.395209935556e+001
  2.457745454055e+002 -2.889532667916e+001 -5.397258349053e+001
  2.456911408189e+002 -2.887665132326e+001 -5.403881206971e+001
  2.455577403358e+002 -2.887393919117e+001 -5.405986090819e+001
  2.454421059615e+002 -2.884786446852e+001 -5.404288396096e+001
  2.453200481138e+002 -2.886090107914e+001 -5.406169620675e+001
  2.452613225609e+002 -2.879635967379e+001 -5.406871077544e+001
  2.451731607416e+002 -2.876714354201e+001 -5.406089749715e+001
  2.450527820126e+002 -2.876445541503e+001 -5.409724418512e+001
  2.449180595036e+002 -2.871440505955e+001 -5.411637877540e+001
  2.448627527729e+002 -2.866025539304e+001 -5.411739023063e+001
  2.447525247212e+002 -2.860476349154e+001 -5.410747746639e+001
  2.446730693485e+002 -2.855954825590e+001 -5.409935271779e+001
  2.446454017418e+002 -2.853663035027e+001 -5.406555161017e+001
  2.445765037712e+002 -2.849604800479e+001 -5.407176562485e+001
  2.444360487002e+002 -2.823467900091e+001 -5.409637551814e+001
  2.443641734125e+002 -2.816129385399e+001 -5.411663835640e+001
  2.442889853072e+002 -2.807201521666e+001 -5.413455439941e+001
  2.442650997779e+002 -2.805328626004e+001 -5.413701864262e+001
  2.443032901582e+002 -2.785948228768e+001 -5.407763937250e+001
  2.442616983994e+002 -2.779200201979e+001 -5.410936896356e+001
  2.442624717436e+002 -2.758476694159e+001 -5.411646316015e+001
  2.442501985679e+002 -2.753279677513e+001 -5.412697453925e+001
  2.442242061480e+002 -2.751753815631e+001 -5.415418398875e+001
  2.442353093725e+002 -2.738264604801e+001 -5.418907335915e+001
  2.442335143010e+002 -2.712119222762e+001 -5.418882670127e+001
  2.442169568492e+002 -2.697293487238e+001 -5.418545070409e+001
  2.441723321185e+002 -2.697169821623e+001 -5.417289876170e+001
  2.441200282436e+002 -2.692497509227e+001 -5.418094187899e+001
  2.440970458620e+002 -2.689960901199e+001 -5.417652264521e+001
  2.440695991413e+002 -2.702465079600e+001 -5.424562369289e+001
  2.440192068723e+002 -2.698536357488e+001 -5.427124233081e+001
  2.439863159461e+002 -2.693828165533e+001 -5.426634054320e+001
  2.439521274967e+002 -2.689332764525e+001 -5.429603694282e+001
  2.437497381471e+002 -2.754045257806e+001 -5.447265409627e+001
  2.435466567603e+002 -2.799119849947e+001 -5.463033557324e+001
  2.435240718423e+002 -2.794304996776e+001 -5.462667984063e+001
  2.434056077944e+002 -2.800575088553e+001 -5.463781498732e+001
  2.433488791741e+002 -2.796891596705e+001 -5.464617990315e+001
  2.432420541768e+002 -2.800240467872e+001 -5.458609908357e+001
  2.432115927272e+002 -2.784059731253e+001 -5.455708457482e+001
  2.432723186267e+002 -2.754806247174e+001 -5.447767368812e+001
  2.433850937902e+002 -2.723164799775e+001 -5.445626630750e+001
  2.433668165415e+002 -2.711694739318e+001 -5.444747970943e+001
  2.433301816481e+002 -2.704581767174e+001 -5.444561763288e+001
  2.432970837535e+002 -2.692860226819e+001 -5.444642050489e+001
  2.432764759233e+002 -2.683689657802e+001 -5.438666754481e+001
  2.432007629179e+002 -2.679601795572e+001 -5.434491835065e+001
  2.431608707213e+002 -2.668459424495e+001 -5.435215564562e+001
  2.431083998048e+002 -2.663324301039e+001 -5.436991258529e+001
  2.430661215584e+002 -2.651719355026e+001 -5.433179382935e+001
  2.430240250437e+002 -2.649515551264e+001 -5.436459708981e+001
  2.429918073210e+002 -2.638873645239e+001 -5.434183968186e+001
  2.430698876917e+002 -2.661825275530e+001 -5.439691920878e+001
  2.429409094163e+002 -2.654343514190e+001 -5.443175057305e+001
  2.428826368556e+002 -2.648196122969e+001 -5.444068546158e+001
  2.427689533878e+002 -2.643851623583e+001 -5.447242464025e+001
  2.426614259388e+002 -2.641049780661e+001 -5.450361342787e+001
  2.425555311805e+002 -2.640301705727e+001 -5.449253093921e+001
  2.424577650595e+002 -2.640284270577e+001 -5.446311836094e+001
  2.423399627640e+002 -2.646261159547e+001 -5.444266574769e+001
  2.422786032399e+002 -2.646395614370e+001 -5.444863595901e+001
  2.422328004344e+002 -2.647897210092e+001 -5.443778632567e+001
  2.421657644030e+002 -2.647952945535e+001 -5.448317675878e+001
  2.421447851348e+002 -2.643481398625e+001 -5.450851209603e+001
  2.420502036355e+002 -2.643977450988e+001 -5.454310046317e+001
  2.419737770372e+002 -2.646020710197e+001 -5.456006516688e+001
  2.419101004364e+002 -2.645143043801e+001 -5.457187750790e+001
  2.419583456421e+002 -2.650924994199e+001 -5.461243609454e+001
  2.420210542552e+002 -2.659490000311e+001 -5.460751215672e+001
  2.420813588252e+002 -2.669600211377e+001 -5.461731654985e+001
  2.421272323970e+002 -2.673644898754e+001 -5.460065266029e+001
  2.421297416835e+002 -2.674118820833e+001 -5.460512143015e+001
  2.421286248387e+002 -2.674022395244e+001 -5.459524259778e+001
  2.421550086705e+002 -2.675259419743e+001 -5.461810342988e+001
  2.422156470127e+002 -2.684209984908e+001 -5.462414551763e+001
  2.422799041440e+002 -2.687944244345e+001 -5.460437271718e+001
  2.423106038195e+002 -2.691703094899e+001 -5.458729292945e+001
  2.423518388819e+002 -2.691901840286e+001 -5.459603122151e+001
  2.424715266456e+002 -2.708718123956e+001 -5.461720254016e+001
  2.424682642297e+002 -2.712300201587e+001 -5.464468456845e+001
  2.424606431572e+002 -2.712047053532e+001 -5.469112362208e+001
  2.425275255102e+002 -2.714698974590e+001 -5.469014075730e+001
  2.426095304828e+002 -2.705426621191e+001 -5.464654956968e+001
  2.426829148161e+002 -2.691366503382e+001 -5.457270564834e+001
  2.427319784974e+002 -2.672815651584e+001 -5.456323089918e+001
  2.427966651232e+002 -2.655968556632e+001 -5.453965103821e+001
  2.428089297301e+002 -2.645260944070e+001 -5.453048896144e+001
  2.428951309483e+002 -2.628645045570e+001 -5.450560841979e+001
  2.429773048200e+002 -2.609137811401e+001 -5.449569782265e+001
  2.429891697598e+002 -2.596397648586e+001 -5.450184608340e+001
  2.428389634434e+002 -2.598099157917e+001 -5.452149243665e+001
  2.426591188836e+002 -2.601692797735e+001 -5.458002059524e+001
  2.424974257066e+002 -2.598066588826e+001 -5.457743443753e+001
  2.423242833855e+002 -2.600331512927e+001 -5.463572996395e+001
  2.423187858958e+002 -2.586895183192e+001 -5.465946863380e+001
  2.422537486806e+002 -2.579747482938e+001 -5.465194777340e+001
  2.422670440648e+002 -2.571782870047e+001 -5.463357842419e+001
  2.421951300123e+002 -2.563296400537e+001 -5.464586344029e+001
  2.422347281596e+002 -2.560430326793e+001 -5.463631983848e+001
  2.422488904860e+002 -2.550170179197e+001 -5.463637488126e+001
  2.423351243248e+002 -2.547923686994e+001 -5.461342868484e+001
  2.423908036167e+002 -2.535803251792e+001 -5.461053775334e+001
  2.421946791446e+002 -2.511780913047e+001 -5.463302982536e+001
  2.421533138303e+002 -2.509868613384e+001 -5.462915387446e+001
  2.421179908572e+002 -2.502676889413e+001 -5.461610936549e+001
  2.421340290011e+002 -2.497225162063e+001 -5.458797181977e+001
  2.421800301425e+002 -2.479683546658e+001 -5.457670621583e+001
  2.421235438471e+002 -2.474430930436e+001 -5.462518438122e+001
  2.421578576857e+002 -2.463908044863e+001 -5.461442137602e+001
  2.421353850577e+002 -2.459809060286e+001 -5.461794943119e+001
  2.420950003323e+002 -2.451299168138e+001 -5.461375185089e+001
  2.420310805173e+002 -2.444518520056e+001 -5.459600720543e+001
  2.420987126908e+002 -2.409668911920e+001 -5.452507169009e+001
  2.420419289687e+002 -2.406104222392e+001 -5.454819684742e+001
  2.419818831895e+002 -2.406145263013e+001 -5.456946325538e+001
  2.419714979633e+002 -2.392294658193e+001 -5.456011027644e+001
  2.419764797136e+002 -2.378074113166e+001 -5.450886728489e+001
  2.420018022981e+002 -2.334260479989e+001 -5.444448129899e+001
  2.420190700059e+002 -2.310702906136e+001 -5.445189922862e+001
  2.419345998639e+002 -2.301634098205e+001 -5.447064181160e+001
  2.418952317458e+002 -2.191238566721e+001 -5.469119060931e+001
  2.416632191361e+002 -2.164970492532e+001 -5.437042752716e+001
  2.416112439067e+002 -2.158970804361e+001 -5.436542515412e+001
  2.413917781453e+002 -2.049571653696e+001 -5.398994295469e+001
  2.412175601887e+002 -1.932113863224e+001 -5.385677261737e+001
  2.411520007009e+002 -1.924464960231e+001 -5.389183298751e+001
  2.411514492476e+002 -1.922629912127e+001 -5.388550320193e+001
  2.411696896295e+002 -1.893802867794e+001 -5.373109110631e+001
  2.411413669874e+002 -1.885164124729e+001 -5.371299759080e+001
  2.411135605075e+002 -1.880616528769e+001 -5.371712302054e+001
  2.411036217616e+002 -1.874287485450e+001 -5.371705155885e+001
  2.410807098792e+002 -1.867670717113e+001 -5.372868912250e+001
  2.410728406421e+002 -1.859893764898e+001 -5.374988426557e+001
  2.410404594540e+002 -1.851758552117e+001 -5.376043198491e+001
