  0.000000000000e+000
  0.000000000000e+000
  0.000000000000e+000
  0.000000000000e+000
  0.000000000000e+000
  0.000000000000e+000
  0.000000000000e+000
  0.000000000000e+000
  0.000000000000e+000
  0.000000000000e+000
  0.000000000000e+000
  0.000000000000e+000
  0.000000000000e+000
  0.000000000000e+000
  0.000000000000e+000
  0.000000000000e+000
  0.000000000000e+000
  0.000000000000e+000
  0.000000000000e+000
  9.888999938965e+001
  9.880695419591e+001
  9.886413010522e+001
  9.893510695249e+001
  9.904688928152e+001
  9.895529024240e+001
  9.900013998579e+001
  9.898325871685e+001
  9.903253891954e+001
  9.917955689304e+001
  9.907182747139e+001
  9.909792836863e+001
  9.915594464917e+001
  9.905427157480e+001
  9.911955368099e+001
  9.912237014396e+001
  9.930497450818e+001
  9.921524380686e+001
  9.933667680971e+001
  9.939408617283e+001
  9.950700530233e+001
  9.956665277514e+001
  9.948835679308e+001
  9.946726481081e+001
  9.948105544209e+001
  9.954141511197e+001
  9.952329564961e+001
  9.944299347073e+001
  9.947611885487e+001
  9.945036484235e+001
  9.964707501345e+001
  9.971620054240e+001
  9.973214017087e+001
  9.973221725652e+001
  9.966495459464e+001
  9.964929291130e+001
  9.968287308868e+001
  9.967861780877e+001
  9.971162327048e+001
  9.980243157086e+001
  9.987627553642e+001
  9.993120810149e+001
  1.001477673841e+002
  1.001945664278e+002
  1.002684517677e+002
  1.001921820309e+002
  1.002371247325e+002
  1.002181526236e+002
  1.005029117803e+002
  1.002240806179e+002
  1.002176710527e+002
  1.001120761797e+002
  1.001372608499e+002
  1.002812986121e+002
  1.002219465343e+002
  1.002308188041e+002
  1.001580147463e+002
  1.001853388576e+002
  1.001310475173e+002
  1.001039606960e+002
  1.001356901434e+002
  9.995677237537e+001
  9.999702669897e+001
  1.000806676052e+002
  1.003105926508e+002
  1.004739016042e+002
  1.006360305686e+002
  1.007109430449e+002
  1.007435212593e+002
  1.006513460607e+002
  1.008367616470e+002
  1.009226423768e+002
  1.010199534287e+002
  1.011136605080e+002
  1.012846279797e+002
  1.010957131552e+002
  1.002712623279e+002
  1.001848077645e+002
  1.002709690146e+002
  1.003361663311e+002
  1.002941434882e+002
  1.003669231373e+002
  1.003400818991e+002
  1.002868365627e+002
  1.001818461483e+002
  1.001791970573e+002
  1.000474002488e+002
  1.001889597351e+002
  1.002188834462e+002
  1.002344257941e+002
  1.003330376201e+002
  1.003683910490e+002
  1.004490330575e+002
  1.003629779299e+002
  1.004301222320e+002
  1.007547424870e+002
  1.008196166478e+002
  1.005518867216e+002
  1.003353456194e+002
  1.002407822550e+002
  1.001767969837e+002
  1.000424373944e+002
  1.000529167067e+002
  9.992927770677e+001
  9.917104387881e+001
  9.915447104841e+001
  9.905662683324e+001
  9.908281105823e+001
  9.908881081655e+001
  9.919418714585e+001
  9.910218565873e+001
  9.901542498133e+001
  9.897458113448e+001
  9.882668021147e+001
  9.886426345407e+001
  9.877859833580e+001
  9.860684617229e+001
  9.861435501798e+001
  9.867022499450e+001
  9.862042335592e+001
  9.860763050823e+001
  9.857535256823e+001
  9.860803835447e+001
  9.854070542277e+001
  9.855535462508e+001
  9.861443921384e+001
  9.869328112995e+001
  9.857921757954e+001
  9.846060798705e+001
  9.844951123040e+001
  9.832815472491e+001
  9.824912882998e+001
  9.814692152745e+001
  9.821248816752e+001
  9.822680833446e+001
  9.822012054050e+001
  9.836883925924e+001
  9.763355056803e+001
  9.755687352970e+001
  9.759477151139e+001
  9.756473462108e+001
  9.740367347421e+001
  9.740760834466e+001
  9.751398148738e+001
  9.754161423704e+001
  9.737955141550e+001
  9.737011504574e+001
  9.747115127022e+001
  9.757818862755e+001
  9.773329184449e+001
  9.776998550910e+001
  9.804645121638e+001
  9.818752291369e+001
  9.826684161806e+001
  9.837164084515e+001
  9.841476843683e+001
  9.851545022579e+001
  9.875450367555e+001
  9.894467821886e+001
  9.869674112174e+001
  9.873851551113e+001
  9.884118770321e+001
  9.896285460343e+001
  9.887968903316e+001
  9.869222502064e+001
  9.863626265605e+001
  9.852558458222e+001
  9.851170422171e+001
  9.853917454248e+001
  9.849853432001e+001
  9.836795648879e+001
  9.837870655307e+001
  9.849599333521e+001
  9.843044201688e+001
  9.841348344957e+001
  9.889423693115e+001
  9.897028552587e+001
  9.877241624343e+001
  9.869779195263e+001
  9.862273183939e+001
  9.861539587898e+001
  9.854455006545e+001
  9.854358849980e+001
  9.857802346132e+001
  9.859220399396e+001
  9.856451454545e+001
  9.851578306078e+001
  9.835849932952e+001
  9.842400936565e+001
  9.841931806201e+001
  9.835091692580e+001
  9.832486095109e+001
  9.827661206853e+001
  9.820311957995e+001
  9.818720628460e+001
  9.806618654028e+001
  9.787286541003e+001
  9.777111499813e+001
  9.753866433678e+001
  9.762515443513e+001
  9.743280128792e+001
  9.742758111812e+001
  9.707386030220e+001
  9.710937505332e+001
  9.685723388735e+001
  9.664706486209e+001
  9.685542695514e+001
  9.702609722398e+001
  9.716500423125e+001
  9.758660898076e+001
  9.806099984513e+001
  9.824816414952e+001
  9.875015656833e+001
  9.931504269193e+001
  9.977286306166e+001
  1.000348815119e+002
  1.006471851917e+002
  1.011209284511e+002
  1.017339853657e+002
  1.021724390843e+002
  1.030189006830e+002
  1.054596755254e+002
  1.055871466113e+002
  1.061468081012e+002
  1.066344133452e+002
  1.071334328910e+002
  1.075108135709e+002
  1.081294770008e+002
  1.086547427111e+002
  1.088941285189e+002
  1.089056589764e+002
  1.087108905359e+002
  1.087907977204e+002
  1.085889467586e+002
  1.086562226509e+002
  1.088532137469e+002
  1.088813617585e+002
  1.089734761883e+002
  1.090568208052e+002
  1.091076156118e+002
  1.098794252238e+002
  1.123493835517e+002
  1.129192373477e+002
  1.124722625085e+002
  1.125761762993e+002
  1.122739535748e+002
  1.124174177105e+002
  1.123395178055e+002
  1.120345701885e+002
  1.118831547609e+002
  1.117033170467e+002
  1.114057807725e+002
  1.112901799507e+002
  1.110539274296e+002
  1.110197206700e+002
  1.108997035110e+002
  1.108788198337e+002
  1.107868805613e+002
  1.107969198748e+002
  1.107390915584e+002
  1.108692500354e+002
  1.109274919277e+002
  1.110412745739e+002
  1.111514705327e+002
  1.111572264077e+002
  1.108682500587e+002
  1.111661173460e+002
  1.116714674950e+002
  1.120520164543e+002
  1.125745828342e+002
  1.130483418411e+002
  1.134385633150e+002
  1.138607990483e+002
  1.144036565165e+002
  1.145431600365e+002
  1.149221126565e+002
  1.152455121773e+002
  1.153332392875e+002
  1.156590185354e+002
  1.158151975193e+002
  1.159186258788e+002
  1.161103006303e+002
  1.162195668690e+002
  1.162352832678e+002
  1.163468255578e+002
  1.165169928560e+002
  1.165883126160e+002
  1.169788147093e+002
  1.169153957096e+002
  1.173622009178e+002
  1.177672163603e+002
  1.177205254562e+002
  1.185593291257e+002
  1.186774000687e+002
  1.187395280323e+002
  1.189404433371e+002
  1.189781211056e+002
  1.191041285789e+002
  1.191125825713e+002
  1.189721899338e+002
  1.190768790725e+002
  1.192240712255e+002
  1.196141653560e+002
  1.201647952081e+002
  1.206828296097e+002
  1.207549984332e+002
  1.197001715093e+002
  1.197693987598e+002
  1.198572578481e+002
  1.200198086287e+002
  1.201568448322e+002
  1.201894492086e+002
  1.203008557873e+002
  1.203354798241e+002
  1.204224837872e+002
  1.204452501276e+002
  1.206888359300e+002
  1.209485698001e+002
  1.214243503649e+002
  1.215669022939e+002
  1.217963185495e+002
  1.220918824513e+002
  1.223019651320e+002
  1.228205583752e+002
  1.233528989934e+002
  1.211215662081e+002
  1.212903718471e+002
  1.216114093647e+002
  1.216833768831e+002
  1.218960628881e+002
  1.219983998619e+002
  1.222936672067e+002
  1.227234532356e+002
  1.230214128798e+002
  1.229571020203e+002
  1.232161901994e+002
  1.230992493954e+002
  1.230081256053e+002
  1.230122678226e+002
  1.230937471503e+002
  1.228847946127e+002
  1.228291907096e+002
  1.227859887253e+002
  1.225863275032e+002
  1.230061363805e+002
  1.230306456279e+002
  1.230100352162e+002
  1.227424409141e+002
  1.226676793741e+002
  1.223451214635e+002
  1.221271754422e+002
  1.223659029353e+002
  1.221025764237e+002
  1.214841567121e+002
  1.210572592766e+002
  1.207552036541e+002
  1.205027257921e+002
  1.201143463271e+002
  1.192103728478e+002
  1.189890659213e+002
  1.178411923117e+002
  1.171498983075e+002
  1.171630772920e+002
  1.179335985720e+002
  1.187591997393e+002
  1.189655660400e+002
  1.182211718812e+002
  1.161541519648e+002
  1.161514017330e+002
  1.171867554966e+002
  1.171832447721e+002
  1.172214873722e+002
  1.176706766115e+002
  1.175349048945e+002
  1.174222538573e+002
  1.158064703223e+002
  1.173547963405e+002
  1.174398103743e+002
  1.173884090868e+002
  1.184583979557e+002
  1.179688222997e+002
  1.170869253379e+002
  1.168271675268e+002
  1.169820227464e+002
  1.169708071515e+002
  1.170348428053e+002
  1.169553657639e+002
  1.169134140895e+002
  1.167334214159e+002
  1.166989254916e+002
  1.166475883222e+002
  1.167174309191e+002
  1.169100572079e+002
  1.168134029938e+002
  1.169693776455e+002
  1.169434418851e+002
  1.170755334284e+002
  1.170209003360e+002
  1.166981097702e+002
  1.165310365653e+002
  1.158279996577e+002
  1.157693547552e+002
  1.156722150306e+002
  1.156558499301e+002
  1.154966377191e+002
  1.155711054365e+002
  1.156109684741e+002
  1.157142227247e+002
  1.158181379970e+002
  1.158060280266e+002
  1.158717510383e+002
  1.159328924864e+002
  1.160228603512e+002
  1.161439558630e+002
  1.163917411558e+002
  1.163824853286e+002
  1.158541179792e+002
  1.152421859328e+002
  1.147467468044e+002
  1.143435200841e+002
  1.141589074640e+002
  1.137443664834e+002
  1.146546060683e+002
  1.146564926121e+002
  1.145837378882e+002
  1.145425211562e+002
  1.144590846656e+002
  1.143529545207e+002
  1.146307596600e+002
  1.147974971587e+002
  1.148926458145e+002
  1.152321709368e+002
  1.151803449198e+002
  1.132937208336e+002
  1.135222807892e+002
  1.133884118038e+002
  1.132841884771e+002
  1.130997297117e+002
  1.129671369310e+002
  1.128444175540e+002
  1.130857300283e+002
  1.135254606071e+002
  1.138894418218e+002
  1.142360182921e+002
  1.142412178958e+002
  1.144107745251e+002
  1.144511963732e+002
  1.145755269049e+002
  1.145440674368e+002
  1.144538676380e+002
  1.143098603248e+002
  1.140771573386e+002
  1.139675049912e+002
  1.139523071709e+002
  1.137824365125e+002
  1.137334196937e+002
  1.134268537733e+002
  1.134537015746e+002
  1.131276480996e+002
  1.134832222412e+002
  1.132813147581e+002
  1.131300787398e+002
  1.129960183899e+002
  1.129442291755e+002
  1.128462423387e+002
  1.127933977056e+002
  1.127628624406e+002
  1.127164750033e+002
  1.125949438278e+002
  1.125474947247e+002
  1.124728300721e+002
  1.124126471795e+002
  1.122762274357e+002
  1.121912604092e+002
  1.120628104251e+002
  1.119237387032e+002
  1.118846158839e+002
  1.117523265303e+002
  1.116030246173e+002
  1.115237604507e+002
  1.115503236313e+002
  1.114187047901e+002
  1.114468104902e+002
  1.113987560599e+002
  1.112800235877e+002
  1.112997927424e+002
  1.113132755172e+002
  1.114421886089e+002
  1.114961751807e+002
  1.114223526758e+002
  1.114642158727e+002
  1.115391354178e+002
  1.114471712546e+002
  1.113969777378e+002
  1.113065801451e+002
  1.112587020631e+002
  1.113178201276e+002
  1.112398470823e+002
  1.111264147052e+002
  1.112253581525e+002
  1.106923593713e+002
  1.108423617098e+002
  1.109475737515e+002
  1.110567173914e+002
  1.114205449844e+002
  1.116348868229e+002
  1.119584590928e+002
  1.121441331793e+002
  1.124182466166e+002
  1.126162011818e+002
  1.127329206300e+002
  1.127304899011e+002
  1.129652454658e+002
  1.130376670599e+002
  1.130704424408e+002
  1.133948503233e+002
  1.134249744015e+002
  1.133995625348e+002
  1.136785463113e+002
  1.132631462385e+002
  1.124671983423e+002
  1.126505632618e+002
  1.124263699899e+002
  1.123678711347e+002
  1.121570570629e+002
  1.125754698365e+002
  1.133404637370e+002
  1.140754904033e+002
  1.142394741178e+002
  1.144153399449e+002
  1.144900411748e+002
  1.146081754866e+002
  1.146322111160e+002
  1.147045962766e+002
  1.146381180498e+002
  1.146264307412e+002
  1.147440240838e+002
  1.149890327044e+002
  1.144089734874e+002
  1.144638073281e+002
  1.144783387371e+002
  1.145662654983e+002
  1.146635941019e+002
  1.146897092015e+002
  1.148458050552e+002
  1.151850217614e+002
  1.154033850174e+002
  1.156655573581e+002
  1.158956203794e+002
  1.158349034634e+002
  1.157341285795e+002
  1.158920080103e+002
  1.162691765542e+002
  1.161915393508e+002
  1.159608955591e+002
  1.156432278697e+002
  1.155492043977e+002
  1.154006535013e+002
  1.152060826172e+002
  1.149858979584e+002
  1.146094036180e+002
  1.141989258434e+002
  1.136769124923e+002
  1.134129774613e+002
  1.130598179084e+002
  1.130893184634e+002
  1.131329884014e+002
  1.132817948793e+002
  1.134442626517e+002
  1.139030219591e+002
  1.142093220489e+002
  1.146830725546e+002
  1.148227266359e+002
  1.153040202676e+002
  1.159849471601e+002
  1.163635472382e+002
  1.161282945326e+002
  1.158545198957e+002
  1.156068808376e+002
  1.151229194427e+002
  1.154794653216e+002
  1.154419836379e+002
  1.158272868575e+002
  1.160473127100e+002
  1.163545210127e+002
  1.168643095085e+002
  1.173102318218e+002
  1.177480522295e+002
  1.174531747501e+002
  1.177800633226e+002
  1.181049921165e+002
  1.184945877254e+002
  1.189171459437e+002
  1.190470411988e+002
  1.193439175060e+002
  1.194106130856e+002
  1.193266833152e+002
  1.192546018050e+002
  1.196114092247e+002
  1.194334781886e+002
  1.196683094592e+002
  1.198314353819e+002
  1.199412668070e+002
  1.199111805661e+002
  1.198770782642e+002
  1.199856177216e+002
  1.186136367970e+002
  1.165533358300e+002
  1.165965487305e+002
  1.166117876081e+002
  1.169958675833e+002
  1.170960125216e+002
  1.171105513722e+002
  1.176788685244e+002
  1.175337011929e+002
  1.173779005624e+002
  1.173438521957e+002
  1.172946188699e+002
  1.174592407444e+002
  1.174170336357e+002
