  2.618698548968e+002 -6.420061734152e+001 -5.337923165878e+001
  2.618133802491e+002 -6.425398371491e+001 -5.327658513866e+001
  2.617534094258e+002 -6.430435039146e+001 -5.324680260969e+001
  2.616613973657e+002 -6.436046515767e+001 -5.314647665479e+001
  2.615633453852e+002 -6.440648257413e+001 -5.302984908367e+001
  2.615308948832e+002 -6.440408252720e+001 -5.286550303276e+001
  2.614865669797e+002 -6.439268834236e+001 -5.275896786513e+001
  2.614569169797e+002 -6.435691134236e+001 -5.268740486513e+001
  2.613446731467e+002 -6.434153611676e+001 -5.255949948534e+001
  2.614259553488e+002 -6.422112094439e+001 -5.258381613450e+001
  2.614496029074e+002 -6.411214979250e+001 -5.247561771249e+001
  2.614080653866e+002 -6.402414473134e+001 -5.241716490163e+001
  2.613755445378e+002 -6.392238976511e+001 -5.239006925069e+001
  2.613939368283e+002 -6.379383839006e+001 -5.235182440795e+001
  2.613605745279e+002 -6.368965325654e+001 -5.238882262010e+001
  2.613333764641e+002 -6.358478138559e+001 -5.237096696924e+001
  2.613131201391e+002 -6.348324942355e+001 -5.240193405938e+001
  2.613191097530e+002 -6.337502191381e+001 -5.239961086809e+001
  2.613210951842e+002 -6.327887683216e+001 -5.248110542588e+001
  2.613075951842e+002 -6.319892583216e+001 -5.250349242588e+001
  2.612828951842e+002 -6.313335283216e+001 -5.252795542588e+001
  2.613355958335e+002 -6.303840887876e+001 -5.260319860731e+001
  2.612567564089e+002 -6.301370028519e+001 -5.265932914546e+001
  2.611805265618e+002 -6.299115288184e+001 -5.270591526523e+001
  2.611062217168e+002 -6.296774148852e+001 -5.269794216635e+001
  2.610985639735e+002 -6.291220829522e+001 -5.266182089984e+001
  2.610572157493e+002 -6.287118566908e+001 -5.271271215820e+001
  2.610078965179e+002 -6.282731562741e+001 -5.276664598827e+001
  2.609284854199e+002 -6.279452970776e+001 -5.282654605307e+001
  2.609015892921e+002 -6.272606130179e+001 -5.282373159298e+001
  2.608391756812e+002 -6.267129343383e+001 -5.279764479760e+001
  2.607545800528e+002 -6.261761277303e+001 -5.281364744571e+001
  2.607256580460e+002 -6.253317337386e+001 -5.276030315882e+001
  2.607351321129e+002 -6.242512382199e+001 -5.277518729181e+001
  2.607479388132e+002 -6.231582170558e+001 -5.280043609657e+001
  2.607450362101e+002 -6.221239107991e+001 -5.280534233297e+001
  2.607239088455e+002 -6.211911376838e+001 -5.280419015149e+001
  2.607385376484e+002 -6.201061905041e+001 -5.277593036535e+001
  2.607407240456e+002 -6.191244202629e+001 -5.275823979140e+001
  2.606846736503e+002 -6.184865643474e+001 -5.270624515494e+001
  2.607292458295e+002 -6.173885714962e+001 -5.264312688843e+001
  2.606832366360e+002 -6.167937202339e+001 -5.268151089714e+001
  2.606746666360e+002 -6.160619602339e+001 -5.268240489714e+001
  2.606347634947e+002 -6.155354119556e+001 -5.269721502025e+001
  2.606080216758e+002 -6.149487644738e+001 -5.269304352714e+001
  2.605770515674e+002 -6.143892142254e+001 -5.265602530400e+001
  2.605284576945e+002 -6.139072001573e+001 -5.270264363921e+001
  2.605306723516e+002 -6.131976608762e+001 -5.268390213570e+001
  2.605319577834e+002 -6.124452729921e+001 -5.272874394207e+001
  2.605018676622e+002 -6.118268727437e+001 -5.274214654790e+001
  2.604723769265e+002 -6.112086798577e+001 -5.274598270623e+001
  2.604219689469e+002 -6.106518683888e+001 -5.271238672059e+001
  2.604305707759e+002 -6.098088920809e+001 -5.271683877328e+001
  2.603769545371e+002 -6.092324464449e+001 -5.268484902237e+001
  2.603949861188e+002 -6.083635319734e+001 -5.274652842522e+001
  2.603501139867e+002 -6.077788474848e+001 -5.269882913447e+001
  2.603362754190e+002 -6.070685656484e+001 -5.268830797614e+001
  2.603132610340e+002 -6.064432495326e+001 -5.272268361375e+001
  2.603223968087e+002 -6.056914062981e+001 -5.275223247621e+001
  2.603039958056e+002 -6.050956087770e+001 -5.277498222538e+001
  2.602527581756e+002 -6.046892829416e+001 -5.271890036402e+001
  2.602189152270e+002 -6.042153786503e+001 -5.275548639639e+001
  2.601549558090e+002 -6.038732874764e+001 -5.272903461142e+001
  2.601001574353e+002 -6.034684106836e+001 -5.277219149812e+001
  2.600625576704e+002 -6.029575194657e+001 -5.282126148596e+001
  2.599886996416e+002 -6.025476405761e+001 -5.287766914840e+001
  2.599857396874e+002 -6.017114909392e+001 -5.291284568716e+001
  2.599088563480e+002 -6.012194414359e+001 -5.300336868489e+001
  2.598123170460e+002 -6.006838536565e+001 -5.304424156287e+001
  2.598236624023e+002 -5.995475875098e+001 -5.308475079763e+001
  2.598045873740e+002 -5.984822010537e+001 -5.308512028482e+001
  2.598066444300e+002 -5.972547108271e+001 -5.318393103290e+001
  2.597524056353e+002 -5.962565509654e+001 -5.321885522421e+001
  2.597075166398e+002 -5.952105882131e+001 -5.327989043580e+001
  2.596516398876e+002 -5.942026663836e+001 -5.333728068093e+001
  2.596936116742e+002 -5.927376085414e+001 -5.337204060226e+001
  2.597017011675e+002 -5.914853792304e+001 -5.340420134160e+001
  2.596714019497e+002 -5.904897790965e+001 -5.332903806186e+001
  2.596972393507e+002 -5.893067884267e+001 -5.332407329601e+001
  2.597038887700e+002 -5.883157918165e+001 -5.331021791275e+001
  2.596772111360e+002 -5.875786782581e+001 -5.323436186882e+001
  2.596852011360e+002 -5.867691182581e+001 -5.318058386882e+001
  2.596379397072e+002 -5.863307622031e+001 -5.311891206886e+001
  2.596920909177e+002 -5.854265728147e+001 -5.305854238053e+001
  2.596857049065e+002 -5.848924253866e+001 -5.301272001167e+001
  2.596628209480e+002 -5.844487141615e+001 -5.299737905561e+001
  2.596413409480e+002 -5.839826241615e+001 -5.296407905561e+001
  2.596490869948e+002 -5.833073159492e+001 -5.295792166086e+001
  2.595921934244e+002 -5.829309205961e+001 -5.292018664172e+001
  2.595440442355e+002 -5.824625409591e+001 -5.293371858619e+001
  2.595068935282e+002 -5.818451605232e+001 -5.297256619535e+001
  2.594617939877e+002 -5.811931167727e+001 -5.301077607055e+001
  2.593890511980e+002 -5.805862764168e+001 -5.304325799081e+001
  2.593492468603e+002 -5.797392468991e+001 -5.305640729708e+001
  2.593289060862e+002 -5.787473779833e+001 -5.305370661276e+001
  2.592640191811e+002 -5.779685531606e+001 -5.315134220692e+001
  2.591992678304e+002 -5.771825193491e+001 -5.314362762425e+001
  2.591431332164e+002 -5.763589011364e+001 -5.318342625315e+001
  2.590927372780e+002 -5.755633017990e+001 -5.321049706243e+001
  2.590526612662e+002 -5.747595171302e+001 -5.322464535769e+001
  2.590140151465e+002 -5.740144978000e+001 -5.320235125657e+001
  2.589872551465e+002 -5.732854478000e+001 -5.319881825657e+001
  2.589992648770e+002 -5.724475878683e+001 -5.321035234446e+001
  2.589278296783e+002 -5.720741981821e+001 -5.320573204153e+001
  2.589018896783e+002 -5.715243881821e+001 -5.318138104153e+001
  2.588990051876e+002 -5.708900845929e+001 -5.308948823519e+001
  2.588734051876e+002 -5.703764645929e+001 -5.306169823519e+001
  2.588228341798e+002 -5.699721471503e+001 -5.298620780102e+001
  2.587979741798e+002 -5.694036871503e+001 -5.296386280102e+001
  2.587100573933e+002 -5.691058036599e+001 -5.295285307971e+001
  2.586543953352e+002 -5.685707639810e+001 -5.297107197739e+001
  2.586012576150e+002 -5.679904109410e+001 -5.304499707341e+001
  2.585781376150e+002 -5.671341709410e+001 -5.304809907341e+001
  2.585690060015e+002 -5.661307574462e+001 -5.301914647692e+001
  2.585200875436e+002 -5.652604861793e+001 -5.308923712552e+001
  2.584999748300e+002 -5.642294112766e+001 -5.311986618212e+001
  2.584422346273e+002 -5.633746126914e+001 -5.319082013530e+001
  2.584479871919e+002 -5.621440342844e+001 -5.317635275549e+001
  2.583926226985e+002 -5.612574039822e+001 -5.317750974284e+001
  2.583712339434e+002 -5.602521412228e+001 -5.318485838441e+001
  2.583415549937e+002 -5.593503558259e+001 -5.319593250586e+001
  2.582726420531e+002 -5.587007136097e+001 -5.316616066147e+001
  2.582422359685e+002 -5.579255057065e+001 -5.318956654816e+001
  2.581701352693e+002 -5.574246387117e+001 -5.316715953777e+001
  2.580895894474e+002 -5.570492889671e+001 -5.321200110887e+001
  2.580462387097e+002 -5.565102342591e+001 -5.324457168106e+001
  2.579820547169e+002 -5.560953564704e+001 -5.324091325277e+001
  2.579182194427e+002 -5.556821982459e+001 -5.323961052214e+001
  2.579083166907e+002 -5.549299881851e+001 -5.323481642099e+001
  2.578781390162e+002 -5.542561837721e+001 -5.324691346327e+001
  2.578009878165e+002 -5.537417311319e+001 -5.321461530996e+001
  2.578621085406e+002 -5.525063864747e+001 -5.345517284431e+001
  2.578298585406e+002 -5.516070064747e+001 -5.346287184431e+001
  2.577047708197e+002 -5.510819054865e+001 -5.333199584530e+001
  2.577099004788e+002 -5.498394147310e+001 -5.340572944429e+001
  2.576347308709e+002 -5.489087522696e+001 -5.324152352615e+001
  2.576713091389e+002 -5.474145455489e+001 -5.341428221608e+001
  2.575270324366e+002 -5.467892685015e+001 -5.306864074025e+001
  2.576148387374e+002 -5.450393085382e+001 -5.332089211982e+001
  2.577124356735e+002 -5.434473909788e+001 -5.380594961652e+001
  2.577209356735e+002 -5.422131509788e+001 -5.381551061652e+001
  2.575400450356e+002 -5.419133460528e+001 -5.324263580912e+001
  2.576420509087e+002 -5.404414711317e+001 -5.355079803710e+001
  2.575759698396e+002 -5.399478402693e+001 -5.345683376888e+001
  2.575054523376e+002 -5.396119038185e+001 -5.338612896708e+001
  2.575259323376e+002 -5.388915838185e+001 -5.336127196708e+001
  2.576477318869e+002 -5.376957230071e+001 -5.336373813073e+001
  2.576669418869e+002 -5.371589730071e+001 -5.332865813073e+001
  2.576865979721e+002 -5.366790411587e+001 -5.327884080642e+001
  2.577094437058e+002 -5.362119947971e+001 -5.329993271115e+001
  2.576712902175e+002 -5.360027196588e+001 -5.316127131673e+001
  2.577565586997e+002 -5.351378357955e+001 -5.328975162912e+001
  2.577135793983e+002 -5.348083057737e+001 -5.319267864689e+001
  2.577041793983e+002 -5.342224257737e+001 -5.316536464689e+001
  2.576712434296e+002 -5.336191367777e+001 -5.306615975432e+001
  2.575204129769e+002 -5.335264057248e+001 -5.290175992534e+001
  2.575575730307e+002 -5.322828185779e+001 -5.300186811734e+001
  2.575617426508e+002 -5.310976139574e+001 -5.305923028207e+001
  2.574958290871e+002 -5.301665095106e+001 -5.300870161041e+001
  2.574511334316e+002 -5.290256527788e+001 -5.303976413867e+001
  2.573550367575e+002 -5.280979705088e+001 -5.309151279776e+001
  2.572798738951e+002 -5.270094863224e+001 -5.306891570057e+001
  2.571874520721e+002 -5.260173561492e+001 -5.313232825080e+001
  2.571155452923e+002 -5.249190812931e+001 -5.313595628495e+001
  2.570478021927e+002 -5.238432783510e+001 -5.316538032017e+001
  2.569396457066e+002 -5.231336516429e+001 -5.335976484867e+001
  2.568403613237e+002 -5.224365807735e+001 -5.340785548914e+001
  2.567815003981e+002 -5.215868668548e+001 -5.344525039842e+001
  2.567130745681e+002 -5.208991818970e+001 -5.346143206935e+001
  2.566647386876e+002 -5.202102541539e+001 -5.353892999493e+001
  2.565568464335e+002 -5.199828928701e+001 -5.362128453249e+001
  2.565882671759e+002 -5.190427152275e+001 -5.368951868630e+001
  2.566222313264e+002 -5.182251605093e+001 -5.386832940328e+001
  2.565055118344e+002 -5.181493153028e+001 -5.373829817937e+001
  2.565023971328e+002 -5.175789153100e+001 -5.383142067951e+001
  2.564051940184e+002 -5.174734839758e+001 -5.379675319155e+001
  2.563960940244e+002 -5.169155241992e+001 -5.386274616106e+001
  2.563904925141e+002 -5.162706633548e+001 -5.375977444174e+001
  2.563202772257e+002 -5.159518984647e+001 -5.373471843198e+001
  2.564481988345e+002 -5.145188416081e+001 -5.379538937886e+001
  2.564779508838e+002 -5.135452248033e+001 -5.380884475867e+001
  2.565540267360e+002 -5.122702302685e+001 -5.379632857944e+001
  2.566539331359e+002 -5.107778175606e+001 -5.372729962516e+001
  2.566761880213e+002 -5.097077378160e+001 -5.370962721993e+001
  2.566962411189e+002 -5.086032967519e+001 -5.365733724642e+001
  2.566990028105e+002 -5.076390173525e+001 -5.380843304968e+001
  2.567915418135e+002 -5.060211800953e+001 -5.367820555295e+001
  2.568223418135e+002 -5.047733300953e+001 -5.365365455295e+001
  2.568335809613e+002 -5.036345948858e+001 -5.364860562986e+001
  2.568965746051e+002 -5.021649931225e+001 -5.365802890687e+001
  2.568093238445e+002 -5.015981478006e+001 -5.379475203137e+001
  2.567070135299e+002 -5.009923576772e+001 -5.366394352765e+001
  2.565900796165e+002 -5.003908233996e+001 -5.341900690711e+001
  2.563346992319e+002 -5.005898576815e+001 -5.304751602135e+001
  2.564750530259e+002 -4.990318253392e+001 -5.407791018541e+001
  2.561031506951e+002 -4.996376107641e+001 -5.344823159967e+001
  2.560671235710e+002 -4.987114332176e+001 -5.366287775896e+001
  2.559052069366e+002 -4.984630241550e+001 -5.372017503369e+001
  2.556851737138e+002 -4.985043620245e+001 -5.364823010815e+001
  2.555280003427e+002 -4.982616395183e+001 -5.365058706194e+001
  2.553998060063e+002 -4.978895142408e+001 -5.362373748034e+001
  2.553031485669e+002 -4.974640804582e+001 -5.366927321685e+001
  2.552336134747e+002 -4.968488470123e+001 -5.350852282574e+001
  2.551766457018e+002 -4.964699640428e+001 -5.370957371863e+001
  2.550957662737e+002 -4.963253857154e+001 -5.381464425931e+001
  2.552706172741e+002 -4.949906257629e+001 -5.413497263994e+001
  2.552628776265e+002 -4.943209726798e+001 -5.362924326824e+001
  2.554147943193e+002 -4.932981061522e+001 -5.380433064663e+001
  2.556069177314e+002 -4.920447558358e+001 -5.378603226907e+001
  2.557784601243e+002 -4.910989692672e+001 -5.385941109579e+001
  2.559849851242e+002 -4.900144216003e+001 -5.389724779062e+001
  2.562516243846e+002 -4.886045792016e+001 -5.391761128432e+001
  2.564662684858e+002 -4.874691728359e+001 -5.386806250227e+001
  2.566695850461e+002 -4.862501054050e+001 -5.357648119363e+001
  2.568654250461e+002 -4.851599654050e+001 -5.358874319363e+001
  2.570240877331e+002 -4.843966549278e+001 -5.402027127608e+001
  2.571374477331e+002 -4.835169049278e+001 -5.402311527608e+001
  2.572463515704e+002 -4.824992490188e+001 -5.408615549414e+001
  2.572677322051e+002 -4.817842827934e+001 -5.409209157316e+001
  2.572247947246e+002 -4.811786847420e+001 -5.405326378986e+001
  2.569986580682e+002 -4.810383636129e+001 -5.303245438807e+001
  2.569102319700e+002 -4.805162071354e+001 -5.377689775820e+001
  2.566350125185e+002 -4.803845936463e+001 -5.308808137137e+001
  2.564361820200e+002 -4.798748064704e+001 -5.314294761800e+001
  2.561550489452e+002 -4.797725826199e+001 -5.343429802623e+001
  2.560619274657e+002 -4.789685848691e+001 -5.436081426201e+001
  2.557985167746e+002 -4.785053686830e+001 -5.435675564236e+001
  2.554220669989e+002 -4.783215881181e+001 -5.389648506441e+001
  2.551826569989e+002 -4.777064781181e+001 -5.389228106441e+001
  2.549919829381e+002 -4.767959649671e+001 -5.378046790691e+001
  2.547103560821e+002 -4.765377190347e+001 -5.368024539862e+001
  2.546110662028e+002 -4.753716163459e+001 -5.365719309796e+001
  2.544022033356e+002 -4.749788788874e+001 -5.348927530458e+001
  2.544335617424e+002 -4.735272995378e+001 -5.380333714149e+001
  2.543071428174e+002 -4.730469303446e+001 -5.376770930871e+001
  2.542371335854e+002 -4.724168519323e+001 -5.377061855443e+001
  2.543394325164e+002 -4.709150361094e+001 -5.366880628414e+001
  2.543307353809e+002 -4.702311506105e+001 -5.358960716613e+001
  2.544230369551e+002 -4.692180119646e+001 -5.366652922256e+001
  2.546171488191e+002 -4.680493114500e+001 -5.415162287514e+001
  2.547322888191e+002 -4.670842314500e+001 -5.413424687514e+001
  2.545909372765e+002 -4.671534332814e+001 -5.308268974571e+001
  2.548109552993e+002 -4.657778549789e+001 -5.334536307647e+001
  2.549731421916e+002 -4.647060676310e+001 -5.340786253209e+001
  2.551568545096e+002 -4.635854303228e+001 -5.366371611414e+001
  2.552608524287e+002 -4.627997777140e+001 -5.369463314098e+001
  2.553489674597e+002 -4.620259739562e+001 -5.373473210249e+001
  2.554178030808e+002 -4.612677393508e+001 -5.378129626024e+001
  2.553911190934e+002 -4.608343885335e+001 -5.364161943667e+001
  2.555238021820e+002 -4.596656265022e+001 -5.411575876254e+001
  2.553853159165e+002 -4.594833651861e+001 -5.378664472314e+001
  2.553741919350e+002 -4.584275577424e+001 -5.340012161254e+001
  2.554193281603e+002 -4.573345177209e+001 -5.407446031224e+001
  2.552547969373e+002 -4.570342291806e+001 -5.408042217611e+001
  2.550722376804e+002 -4.566050446259e+001 -5.382015204442e+001
  2.549694049478e+002 -4.560897074577e+001 -5.437746699064e+001
  2.547960882666e+002 -4.551191759926e+001 -5.352681299746e+001
  2.547390673294e+002 -4.543441395321e+001 -5.435826373771e+001
  2.545102586896e+002 -4.539549897807e+001 -5.395078708141e+001
  2.544147553845e+002 -4.530260963598e+001 -5.387976601347e+001
  2.542810934881e+002 -4.526277229094e+001 -5.407311481709e+001
  2.541734799614e+002 -4.521206470155e+001 -5.404830880610e+001
  2.542093645364e+002 -4.512036790273e+001 -5.440977360810e+001
  2.539896833770e+002 -4.512587205129e+001 -5.346962535472e+001
  2.540007743396e+002 -4.507650333681e+001 -5.368791638383e+001
  2.540998887671e+002 -4.499945587742e+001 -5.400196146537e+001
  2.541866787266e+002 -4.493893082261e+001 -5.406349474513e+001
  2.543361513586e+002 -4.486678197835e+001 -5.430787180169e+001
  2.544295662805e+002 -4.481969199719e+001 -5.426389946445e+001
  2.545616019016e+002 -4.475730760386e+001 -5.429314081418e+001
  2.546441649297e+002 -4.471424049932e+001 -5.410961697324e+001
  2.548641220668e+002 -4.459429324326e+001 -5.427099803229e+001
  2.549269905975e+002 -4.455104399775e+001 -5.432730098994e+001
  2.550278142017e+002 -4.446534068374e+001 -5.447410036182e+001
  2.550155898207e+002 -4.441179886603e+001 -5.437906294826e+001
  2.550073298207e+002 -4.433028586603e+001 -5.439525494826e+001
  2.550231611001e+002 -4.420926754513e+001 -5.457514154858e+001
  2.549056755509e+002 -4.413072526775e+001 -5.455927672562e+001
  2.546478804149e+002 -4.407765761853e+001 -5.377190919004e+001
  2.544578204149e+002 -4.398827261853e+001 -5.371383119004e+001
  2.543248260830e+002 -4.388334053807e+001 -5.448401297277e+001
  2.540648343841e+002 -4.380095390511e+001 -5.434055682449e+001
  2.538256297007e+002 -4.370526227824e+001 -5.421297106594e+001
  2.535785631884e+002 -4.362582004075e+001 -5.418478820484e+001
  2.533995569872e+002 -4.351693371730e+001 -5.415233022563e+001
  2.532363638411e+002 -4.345175057803e+001 -5.454175059636e+001
  2.530529189535e+002 -4.335540754415e+001 -5.410388434262e+001
  2.529883254693e+002 -4.324270852445e+001 -5.401285877711e+001
  2.529731172587e+002 -4.313407936829e+001 -5.402128604475e+001
  2.530016592525e+002 -4.308209491045e+001 -5.459859736517e+001
  2.530167294951e+002 -4.301462371463e+001 -5.461054845694e+001
  2.529952513235e+002 -4.291822558892e+001 -5.356329932847e+001
  2.530994313235e+002 -4.283782458892e+001 -5.361693632847e+001
  2.533562428119e+002 -4.270983993418e+001 -5.434189496345e+001
  2.533975153973e+002 -4.266087659248e+001 -5.411418139987e+001
  2.535388763426e+002 -4.256680841844e+001 -5.427054732026e+001
  2.535753302447e+002 -4.250228364705e+001 -5.396106883795e+001
  2.534300303512e+002 -4.254929937802e+001 -5.391291466317e+001
  2.535768818472e+002 -4.240929102319e+001 -5.437811825485e+001
  2.534589451373e+002 -4.238434589755e+001 -5.437786369471e+001
  2.533813019151e+002 -4.231036036634e+001 -5.444418995787e+001
  2.532383419117e+002 -4.224862066055e+001 -5.446374757076e+001
  2.530307790486e+002 -4.219369681863e+001 -5.437943443071e+001
  2.528230458689e+002 -4.212354310651e+001 -5.432892170401e+001
  2.525103019891e+002 -4.210379083697e+001 -5.423522659698e+001
  2.522971217155e+002 -4.203470909552e+001 -5.438249658538e+001
  2.520741631923e+002 -4.194784709288e+001 -5.421654836420e+001
  2.518437340835e+002 -4.191127702821e+001 -5.446044200425e+001
  2.516592447709e+002 -4.182512502917e+001 -5.425187685007e+001
  2.514877263896e+002 -4.174440089355e+001 -5.380675677454e+001
  2.513583342877e+002 -4.170915605249e+001 -5.399417991026e+001
  2.513908556714e+002 -4.162265342930e+001 -5.438748909978e+001
  2.513353598429e+002 -4.156265225392e+001 -5.386263188795e+001
  2.513992882652e+002 -4.149790034037e+001 -5.380842435200e+001
  2.515216353937e+002 -4.144708211683e+001 -5.400787830169e+001
  2.517478413370e+002 -4.135591301323e+001 -5.408003324916e+001
  2.519776990587e+002 -4.128345976069e+001 -5.402858171604e+001
  2.522195046757e+002 -4.122126604520e+001 -5.397990240840e+001
  2.525444296387e+002 -4.113132188247e+001 -5.404817479471e+001
  2.527889884126e+002 -4.108545391276e+001 -5.388870677978e+001
  2.532230566592e+002 -4.094139581421e+001 -5.417347715728e+001
  2.534857319662e+002 -4.088169781645e+001 -5.417411273576e+001
  2.536961714850e+002 -4.083689261567e+001 -5.412560292415e+001
  2.539126462930e+002 -4.075770421491e+001 -5.399360438042e+001
  2.541275210133e+002 -4.066974298366e+001 -5.425653202134e+001
  2.543383250056e+002 -4.054879725511e+001 -5.444336941999e+001
  2.543971372403e+002 -4.043978212176e+001 -5.384289613153e+001
  2.544967683053e+002 -4.034055177943e+001 -5.453748238528e+001
  2.542992446317e+002 -4.032401059781e+001 -5.412253043059e+001
  2.542397400993e+002 -4.020381867900e+001 -5.402005675588e+001
  2.540465450157e+002 -4.014349752331e+001 -5.416680197050e+001
  2.539273504773e+002 -4.004910428026e+001 -5.493846325557e+001
  2.535330971648e+002 -3.999620776089e+001 -5.394319321464e+001
  2.532667199053e+002 -3.991039529192e+001 -5.416266594030e+001
  2.529000002219e+002 -3.986467795781e+001 -5.407431431595e+001
  2.525780610290e+002 -3.979404763747e+001 -5.415693284730e+001
  2.522653628261e+002 -3.978993494318e+001 -5.506996291529e+001
  2.519424043226e+002 -3.967120784874e+001 -5.428649135857e+001
  2.515522982283e+002 -3.968248029589e+001 -5.437041106522e+001
  2.513224528767e+002 -3.964642484799e+001 -5.484434748354e+001
  2.511783145886e+002 -3.954972916553e+001 -5.487592217160e+001
  2.508516005188e+002 -3.955182285409e+001 -5.434302031735e+001
  2.508159126228e+002 -3.944707448961e+001 -5.443341711353e+001
  2.507456528154e+002 -3.938909783525e+001 -5.437874892901e+001
  2.507138488575e+002 -3.932371487758e+001 -5.414693641637e+001
  2.508032305229e+002 -3.923953246581e+001 -5.444557235503e+001
  2.508706248673e+002 -3.916344664833e+001 -5.430439912522e+001
  2.510421908704e+002 -3.906805140540e+001 -5.459302084080e+001
  2.512492760254e+002 -3.893021725422e+001 -5.449067514039e+001
  2.514498216486e+002 -3.885010950828e+001 -5.496350446604e+001
  2.515971682237e+002 -3.871713524702e+001 -5.429949710158e+001
  2.519000753171e+002 -3.856525008908e+001 -5.492846300842e+001
  2.519682747167e+002 -3.847953787629e+001 -5.434527372064e+001
  2.520975747167e+002 -3.837867987629e+001 -5.439749672064e+001
  2.521916247167e+002 -3.828249887629e+001 -5.444187372064e+001
  2.522918309266e+002 -3.818779481427e+001 -5.491657641109e+001
  2.523062118355e+002 -3.809638963792e+001 -5.485621152996e+001
  2.522743418355e+002 -3.802055863792e+001 -5.487090752996e+001
  2.521545332789e+002 -3.799816899181e+001 -5.507284850208e+001
  2.520317348379e+002 -3.793732112481e+001 -5.496276289599e+001
  2.518882248379e+002 -3.788502412481e+001 -5.495093689599e+001
  2.517189048379e+002 -3.783968612481e+001 -5.493291589599e+001
  2.514857715711e+002 -3.782194754314e+001 -5.475476853320e+001
  2.512212494266e+002 -3.783130065331e+001 -5.471497481646e+001
  2.510224794266e+002 -3.779975565331e+001 -5.468747681646e+001
  2.509150220621e+002 -3.772943523010e+001 -5.488440895867e+001
  2.507354879527e+002 -3.770437490223e+001 -5.494069569066e+001
  2.505891154373e+002 -3.766393107954e+001 -5.487050453794e+001
  2.503709721133e+002 -3.768432733898e+001 -5.478209338742e+001
  2.503295707753e+002 -3.764559866467e+001 -5.521144595723e+001
  2.502750098127e+002 -3.756830700062e+001 -5.489660584055e+001
  2.502653815711e+002 -3.749569155955e+001 -5.477495225527e+001
  2.502661472292e+002 -3.743307038161e+001 -5.461878538437e+001
  2.502828255564e+002 -3.738648218506e+001 -5.465798376026e+001
  2.503624976158e+002 -3.732267226606e+001 -5.483349508113e+001
  2.503915066847e+002 -3.726650132567e+001 -5.453044029983e+001
  2.505190866847e+002 -3.717122332567e+001 -5.451781829983e+001
  2.506443829700e+002 -3.707635644089e+001 -5.445305526915e+001
  2.508509939610e+002 -3.695511225612e+001 -5.480125074531e+001
  2.509581638485e+002 -3.686713090615e+001 -5.479235656551e+001
  2.510361824634e+002 -3.677361005822e+001 -5.456265418908e+001
  2.510568876950e+002 -3.672300410942e+001 -5.457728405381e+001
  2.511885181094e+002 -3.660416176585e+001 -5.492145220175e+001
  2.511225579995e+002 -3.653886363070e+001 -5.448552788821e+001
  2.510914388207e+002 -3.645629545051e+001 -5.441621498517e+001
  2.510262208067e+002 -3.637329462783e+001 -5.435321703867e+001
  2.509613916624e+002 -3.629129395759e+001 -5.470713333215e+001
  2.507751697929e+002 -3.624391712031e+001 -5.470569713269e+001
  2.505976971280e+002 -3.617398095366e+001 -5.475241443976e+001
  2.502870501897e+002 -3.615446698523e+001 -5.450703088642e+001
  2.500542027086e+002 -3.609165633488e+001 -5.460206919777e+001
  2.497100070160e+002 -3.608375281033e+001 -5.453594216650e+001
  2.493781662460e+002 -3.606444571754e+001 -5.448822648151e+001
  2.491065226823e+002 -3.601244877275e+001 -5.456979121831e+001
  2.487730138841e+002 -3.600386950433e+001 -5.461512671222e+001
  2.484665060317e+002 -3.596869211206e+001 -5.435225457535e+001
  2.482657492453e+002 -3.590041686721e+001 -5.446319407405e+001
  2.480333042418e+002 -3.587106445586e+001 -5.448783750487e+001
  2.478787435816e+002 -3.580460533240e+001 -5.443528953136e+001
  2.477908853649e+002 -3.572547653350e+001 -5.450613277512e+001
  2.476166223014e+002 -3.570877859143e+001 -5.421351969422e+001
  2.477170464253e+002 -3.556043088348e+001 -5.441281749108e+001
  2.476428009137e+002 -3.553596943992e+001 -5.421971869366e+001
  2.477863804060e+002 -3.542460288396e+001 -5.462396058353e+001
  2.478528671063e+002 -3.536275826950e+001 -5.470779098365e+001
  2.479796810338e+002 -3.524885847589e+001 -5.440834312058e+001
  2.480559495226e+002 -3.520491892385e+001 -5.440397070133e+001
  2.482154548635e+002 -3.513238582002e+001 -5.472287006336e+001
  2.483463350829e+002 -3.507067372459e+001 -5.483209246963e+001
  2.484744101792e+002 -3.498569086809e+001 -5.468929706222e+001
  2.487408263672e+002 -3.484162021863e+001 -5.506547503210e+001
  2.487741482520e+002 -3.478448873100e+001 -5.460890008032e+001
  2.488646253363e+002 -3.471979624802e+001 -5.476217827186e+001
  2.489648007816e+002 -3.462801002706e+001 -5.483937891464e+001
  2.490566033922e+002 -3.453993408859e+001 -5.513635966213e+001
  2.490237713455e+002 -3.446611619715e+001 -5.470223883289e+001
  2.490283599846e+002 -3.439515306358e+001 -5.491986854405e+001
  2.489524732829e+002 -3.434612484638e+001 -5.487367199433e+001
  2.488794256535e+002 -3.427590194869e+001 -5.476881040686e+001
  2.488124387140e+002 -3.419765373581e+001 -5.478850093942e+001
  2.486777238676e+002 -3.415643129843e+001 -5.479075155340e+001
  2.486055019342e+002 -3.406355479230e+001 -5.477133256548e+001
  2.484548750714e+002 -3.403086676626e+001 -5.480625212992e+001
  2.483240164753e+002 -3.397788905975e+001 -5.474984140158e+001
  2.482087426771e+002 -3.392423285007e+001 -5.474400941650e+001
  2.481148425565e+002 -3.387201169103e+001 -5.482467335310e+001
  2.480068035642e+002 -3.384128263695e+001 -5.493660747651e+001
  2.479378758917e+002 -3.378913453031e+001 -5.491533268615e+001
  2.478898386053e+002 -3.373635413771e+001 -5.494948085606e+001
  2.478895797371e+002 -3.366280613282e+001 -5.496083965489e+001
  2.478749212125e+002 -3.361080650058e+001 -5.498688749823e+001
  2.479079950949e+002 -3.353385579767e+001 -5.501909958340e+001
  2.479325417298e+002 -3.346854995720e+001 -5.502877691930e+001
  2.479856642939e+002 -3.338753762910e+001 -5.508567723577e+001
  2.479590434839e+002 -3.336412787219e+001 -5.514503896562e+001
  2.480698431526e+002 -3.322302765586e+001 -5.504724843036e+001
  2.480546584597e+002 -3.317320562790e+001 -5.507100182284e+001
  2.480772018247e+002 -3.308773040116e+001 -5.513457130153e+001
  2.480570457441e+002 -3.300647643673e+001 -5.508473674141e+001
  2.480727293180e+002 -3.288594427889e+001 -5.503390941713e+001
  2.480239889432e+002 -3.279373797082e+001 -5.494678039470e+001
  2.479364511481e+002 -3.272152731791e+001 -5.497717642706e+001
  2.478910250028e+002 -3.259704152150e+001 -5.486645857347e+001
  2.478348961716e+002 -3.247960284976e+001 -5.490382118020e+001
  2.477312286999e+002 -3.238437401513e+001 -5.486478629353e+001
  2.476038657127e+002 -3.231628295986e+001 -5.497438210026e+001
  2.474916294294e+002 -3.223462168904e+001 -5.498644187002e+001
  2.473725347015e+002 -3.217159906121e+001 -5.501284173534e+001
  2.472629976544e+002 -3.212376369810e+001 -5.522451479284e+001
  2.471857576544e+002 -3.205894269810e+001 -5.525586979284e+001
  2.471841664413e+002 -3.195725329476e+001 -5.525610896850e+001
  2.471351797895e+002 -3.193593891676e+001 -5.557439870217e+001
  2.470563861387e+002 -3.191777384407e+001 -5.535089375811e+001
  2.469987811257e+002 -3.191978248737e+001 -5.533199612064e+001
  2.471736465195e+002 -3.179636705609e+001 -5.562102187537e+001
  2.472103865181e+002 -3.174960980650e+001 -5.545552282261e+001
  2.472595268124e+002 -3.172526437568e+001 -5.552306123476e+001
  2.473130054024e+002 -3.169192879488e+001 -5.548197774894e+001
  2.473616409385e+002 -3.166650961934e+001 -5.545457598534e+001
  2.474717413569e+002 -3.160104536063e+001 -5.557284096282e+001
  2.475676392686e+002 -3.150787923595e+001 -5.535757073086e+001
  2.475454925512e+002 -3.150076082493e+001 -5.533803738287e+001
  2.476056772056e+002 -3.141150507210e+001 -5.525962994812e+001
  2.475235734354e+002 -3.141461633403e+001 -5.526283193877e+001
  2.476854680809e+002 -3.124433450429e+001 -5.551432771740e+001
  2.475536555920e+002 -3.122866239580e+001 -5.538372975202e+001
  2.474359941624e+002 -3.116419332777e+001 -5.502009882751e+001
  2.473981082920e+002 -3.112089512203e+001 -5.564393291017e+001
  2.472539539177e+002 -3.106714287029e+001 -5.549056793828e+001
  2.470883467215e+002 -3.100979475811e+001 -5.524526911012e+001
  2.469900524060e+002 -3.094222778463e+001 -5.543187142093e+001
  2.468959590363e+002 -3.086491246479e+001 -5.558573222483e+001
  2.467428911541e+002 -3.083129786596e+001 -5.570433451004e+001
  2.465705450275e+002 -3.081176682415e+001 -5.576966373320e+001
  2.465037989848e+002 -3.071296818917e+001 -5.579264579207e+001
  2.463999339114e+002 -3.064313894712e+001 -5.573700550321e+001
  2.463176619684e+002 -3.057740009279e+001 -5.579728071370e+001
  2.462550213204e+002 -3.048767928251e+001 -5.570655668266e+001
  2.461797236363e+002 -3.043696287558e+001 -5.581486569174e+001
  2.461609020135e+002 -3.033619786998e+001 -5.577779865115e+001
  2.461528706157e+002 -3.023678574186e+001 -5.578482217890e+001
  2.461060237063e+002 -3.017545320609e+001 -5.586264912205e+001
  2.460725224863e+002 -3.007848700594e+001 -5.562456194783e+001
  2.460677424863e+002 -2.998380700594e+001 -5.561012294783e+001
  2.460674986760e+002 -2.990501728405e+001 -5.576459851085e+001
  2.460633586760e+002 -2.981417328405e+001 -5.575236151085e+001
  2.460657000518e+002 -2.970406532226e+001 -5.559328747160e+001
  2.460147547384e+002 -2.966090900643e+001 -5.563673252093e+001
  2.460269833076e+002 -2.956588283737e+001 -5.564000830316e+001
  2.460122633076e+002 -2.949414283737e+001 -5.564062230316e+001
  2.459994604095e+002 -2.941368475116e+001 -5.554565161898e+001
  2.459871853280e+002 -2.935411108430e+001 -5.562772779906e+001
  2.459108687428e+002 -2.932863226362e+001 -5.556154239189e+001
  2.459109004020e+002 -2.926151285492e+001 -5.564149783260e+001
  2.458563813398e+002 -2.922091284763e+001 -5.557843717577e+001
  2.457865769696e+002 -2.919132809729e+001 -5.552778386357e+001
  2.457571800301e+002 -2.913241931354e+001 -5.554288265844e+001
  2.456896537925e+002 -2.909352011019e+001 -5.552616455839e+001
  2.455717596823e+002 -2.908971795950e+001 -5.556479028058e+001
  2.455329998783e+002 -2.901463153790e+001 -5.554605867199e+001
  2.454642498783e+002 -2.895180953790e+001 -5.553055167199e+001
  2.453819020483e+002 -2.888831188153e+001 -5.552137642459e+001
  2.453017952279e+002 -2.882316297312e+001 -5.553529259930e+001
  2.452054116238e+002 -2.875663088691e+001 -5.553239594450e+001
  2.451351457736e+002 -2.866657056739e+001 -5.550592630796e+001
  2.450381984082e+002 -2.860008250971e+001 -5.552863114904e+001
  2.450074187223e+002 -2.847892006422e+001 -5.550067934653e+001
  2.449578387223e+002 -2.838138806422e+001 -5.552126534653e+001
  2.448828546505e+002 -2.832009226053e+001 -5.565996465287e+001
  2.448611592563e+002 -2.821989779197e+001 -5.566674708624e+001
  2.448206448760e+002 -2.814276405213e+001 -5.566222156466e+001
  2.448456784296e+002 -2.804352835291e+001 -5.578012336881e+001
  2.449303631569e+002 -2.790891727855e+001 -5.585756195856e+001
  2.449257537341e+002 -2.784342080639e+001 -5.581767638822e+001
  2.449213269473e+002 -2.779035630163e+001 -5.575456368378e+001
  2.449615252085e+002 -2.771333520789e+001 -5.571202918420e+001
  2.450040576835e+002 -2.765431558832e+001 -5.580467525156e+001
  2.450500376835e+002 -2.758429458832e+001 -5.580026325156e+001
  2.450835545469e+002 -2.751803576026e+001 -5.575418127914e+001
  2.450724311333e+002 -2.749066115799e+001 -5.582638274665e+001
  2.450654267955e+002 -2.743421055476e+001 -5.571655183653e+001
  2.450257140374e+002 -2.739818741911e+001 -5.573562364070e+001
  2.449727351747e+002 -2.733333136310e+001 -5.552137384019e+001
  2.448661773200e+002 -2.734642412347e+001 -5.580525451223e+001
  2.447436564800e+002 -2.729350207603e+001 -5.552950348935e+001
  2.446058173281e+002 -2.727594134100e+001 -5.562400003042e+001
  2.444586396927e+002 -2.722743760068e+001 -5.547513728764e+001
  2.443222862758e+002 -2.719213376132e+001 -5.570485623129e+001
  2.441405927147e+002 -2.714611836272e+001 -5.551581651503e+001
  2.439415410876e+002 -2.714051173538e+001 -5.561426694841e+001
  2.437794972955e+002 -2.708957250623e+001 -5.554340332906e+001
  2.436772121784e+002 -2.700022474050e+001 -5.551408316926e+001
  2.435730376769e+002 -2.694012114111e+001 -5.564825316393e+001
  2.434767946163e+002 -2.686805131698e+001 -5.560446487936e+001
  2.433761248075e+002 -2.682283859910e+001 -5.560351574751e+001
  2.433547917483e+002 -2.673136939206e+001 -5.561969963589e+001
  2.432832792737e+002 -2.668917486103e+001 -5.551139641471e+001
  2.433814632141e+002 -2.656233974252e+001 -5.576398378780e+001
  2.434066312403e+002 -2.647595518848e+001 -5.570670632510e+001
  2.434855625230e+002 -2.636214681462e+001 -5.562808269367e+001
  2.435055185374e+002 -2.631088304435e+001 -5.562797380130e+001
  2.435712495001e+002 -2.622510939921e+001 -5.562691258969e+001
  2.436706338434e+002 -2.611352950704e+001 -5.560253764522e+001
  2.436513046293e+002 -2.608204455345e+001 -5.545013870717e+001
  2.437112954425e+002 -2.599559567980e+001 -5.548285011603e+001
  2.437143164812e+002 -2.594948924779e+001 -5.552906231327e+001
  2.437459586505e+002 -2.586472850321e+001 -5.555451213943e+001
  2.437278655544e+002 -2.579477388123e+001 -5.545339509797e+001
  2.436576476419e+002 -2.576765152910e+001 -5.552043845952e+001
  2.435593825534e+002 -2.576389893221e+001 -5.571520166017e+001
  2.435138488416e+002 -2.566814628217e+001 -5.555040965139e+001
  2.434578833385e+002 -2.559849209067e+001 -5.564475314590e+001
  2.433883072142e+002 -2.552397246595e+001 -5.565290706899e+001
  2.432994379519e+002 -2.546694549641e+001 -5.569113366101e+001
  2.431959927605e+002 -2.542136908387e+001 -5.573879679286e+001
  2.431221658600e+002 -2.535310779599e+001 -5.578751600445e+001
  2.430248117209e+002 -2.530337356637e+001 -5.578056256520e+001
  2.429720756753e+002 -2.523052555324e+001 -5.580808761082e+001
  2.429513186988e+002 -2.513382906977e+001 -5.580004132173e+001
  2.429227724956e+002 -2.505438986009e+001 -5.580275363789e+001
  2.429011283113e+002 -2.497847607346e+001 -5.580850632232e+001
  2.428773761359e+002 -2.491423866558e+001 -5.585012525353e+001
  2.428815821842e+002 -2.483310747777e+001 -5.590603935555e+001
  2.428627458320e+002 -2.476138620312e+001 -5.580407452686e+001
  2.428468878469e+002 -2.469338441768e+001 -5.582173151194e+001
  2.428570545102e+002 -2.461709229174e+001 -5.594161574245e+001
  2.428047740782e+002 -2.457301514497e+001 -5.594009554574e+001
  2.427447812143e+002 -2.452162045528e+001 -5.589931076412e+001
  2.426547784264e+002 -2.448996882458e+001 -5.589136352998e+001
  2.425641946268e+002 -2.444452402706e+001 -5.584098196896e+001
  2.424487655759e+002 -2.440669853560e+001 -5.580654049562e+001
  2.423562236836e+002 -2.435069375794e+001 -5.586356488136e+001
  2.422564529251e+002 -2.427567588894e+001 -5.580603689466e+001
  2.421511980746e+002 -2.421704119605e+001 -5.591272597694e+001
  2.420451874980e+002 -2.414266604381e+001 -5.592034196764e+001
  2.419531187807e+002 -2.405971705302e+001 -5.596972352278e+001
  2.418483120784e+002 -2.398407782652e+001 -5.597617403025e+001
  2.417206523511e+002 -2.393287784119e+001 -5.598417598797e+001
  2.416176682100e+002 -2.386492960082e+001 -5.595706684458e+001
  2.415570671207e+002 -2.378934374497e+001 -5.610063650876e+001
  2.414898772904e+002 -2.370134961445e+001 -5.594587177084e+001
  2.414785737201e+002 -2.361000257591e+001 -5.605986458462e+001
  2.414506756184e+002 -2.354196933844e+001 -5.614774480248e+001
  2.414684649470e+002 -2.343817803180e+001 -5.611240729970e+001
  2.414748428074e+002 -2.336200626488e+001 -5.613171800607e+001
  2.414852028074e+002 -2.328858326488e+001 -5.610446600607e+001
  2.415003328074e+002 -2.321842926488e+001 -5.607641200607e+001
  2.414955881064e+002 -2.317089429853e+001 -5.607797086429e+001
  2.414844170512e+002 -2.313642490162e+001 -5.611817487131e+001
  2.415042171631e+002 -2.306779763345e+001 -5.613340757602e+001
  2.414935891046e+002 -2.300698776645e+001 -5.605040346412e+001
  2.414681371212e+002 -2.296312034758e+001 -5.609482177407e+001
  2.414227759590e+002 -2.291929367617e+001 -5.608401219138e+001
  2.414019760244e+002 -2.285749914472e+001 -5.623125351151e+001
  2.412943923499e+002 -2.281203288400e+001 -5.600355419354e+001
  2.412090292992e+002 -2.280002091793e+001 -5.634599909589e+001
  2.411360477929e+002 -2.272224788748e+001 -5.632068847261e+001
  2.410655679479e+002 -2.263653560640e+001 -5.633483848752e+001
  2.410084435254e+002 -2.253962841787e+001 -5.639336465516e+001
  2.409156089085e+002 -2.246574869189e+001 -5.643573109333e+001
  2.407899156511e+002 -2.241521101760e+001 -5.646015463600e+001
  2.407131415787e+002 -2.232711569270e+001 -5.650225856614e+001
  2.406223023519e+002 -2.225457221078e+001 -5.651527893949e+001
  2.405716712626e+002 -2.216067981890e+001 -5.656546796910e+001
  2.405193712626e+002 -2.207316981890e+001 -5.657666496910e+001
  2.404880165671e+002 -2.198103636589e+001 -5.661524411308e+001
  2.404333314127e+002 -2.191976492099e+001 -5.660582719116e+001
  2.403855231856e+002 -2.187517020743e+001 -5.672044119631e+001
  2.403302311834e+002 -2.180491250805e+001 -5.647209256925e+001
  2.403159647862e+002 -2.174077077814e+001 -5.648582105021e+001
  2.402759505574e+002 -2.170727186685e+001 -5.651304951350e+001
  2.402650147908e+002 -2.164143867103e+001 -5.642451307220e+001
  2.402448902549e+002 -2.158800600177e+001 -5.639067768138e+001
  2.402227045988e+002 -2.153753832010e+001 -5.634486794145e+001
  2.401843927791e+002 -2.150032748332e+001 -5.630908482109e+001
  2.401433285983e+002 -2.145564291221e+001 -5.625312507950e+001
  2.400824641445e+002 -2.142306514241e+001 -5.619687407521e+001
  2.400382269382e+002 -2.137216744127e+001 -5.614063439305e+001
  2.399908742981e+002 -2.132254437990e+001 -5.616014187067e+001
  2.399069301150e+002 -2.129434456628e+001 -5.613381067879e+001
  2.398506886148e+002 -2.123007055338e+001 -5.601147042066e+001
  2.397908216800e+002 -2.117406547254e+001 -5.597274768073e+001
  2.397001188248e+002 -2.113587897091e+001 -5.586133857758e+001
  2.396527639003e+002 -2.107478676829e+001 -5.587473000135e+001
  2.395827584703e+002 -2.103430096123e+001 -5.588761095346e+001
  2.394852930637e+002 -2.100394427213e+001 -5.569145169113e+001
  2.394524646131e+002 -2.094044824609e+001 -5.567350263619e+001
  2.394026235209e+002 -2.090257061611e+001 -5.571121479057e+001
  2.394001235689e+002 -2.081522739833e+001 -5.561821981876e+001
  2.394269201536e+002 -2.072513698521e+001 -5.565207960038e+001
  2.394034391120e+002 -2.067827288002e+001 -5.563563457558e+001
  2.394048652646e+002 -2.062073214354e+001 -5.570189840936e+001
  2.394110005381e+002 -2.055064808897e+001 -5.565096102022e+001
  2.394133727983e+002 -2.049050569221e+001 -5.561846985683e+001
  2.394302246880e+002 -2.042388731788e+001 -5.565704798756e+001
  2.394096777483e+002 -2.037693614723e+001 -5.558799277282e+001
  2.394400131204e+002 -2.027104469733e+001 -5.538364095459e+001
  2.394322388795e+002 -2.022579558365e+001 -5.547684628256e+001
  2.730648146456e+002 -3.717376434155e+001 -4.880145055243e+001
