  0.000000000000e+000  0.000000000000e+000  0.000000000000e+000
  0.000000000000e+000  0.000000000000e+000  0.000000000000e+000
  0.000000000000e+000  0.000000000000e+000  0.000000000000e+000
  0.000000000000e+000  0.000000000000e+000  0.000000000000e+000
  0.000000000000e+000  0.000000000000e+000  0.000000000000e+000
  0.000000000000e+000  0.000000000000e+000  0.000000000000e+000
  0.000000000000e+000  0.000000000000e+000  0.000000000000e+000
  0.000000000000e+000  0.000000000000e+000  0.000000000000e+000
  0.000000000000e+000  0.000000000000e+000  0.000000000000e+000
  0.000000000000e+000  0.000000000000e+000  0.000000000000e+000
  0.000000000000e+000  0.000000000000e+000  0.000000000000e+000
  0.000000000000e+000  0.000000000000e+000  0.000000000000e+000
  0.000000000000e+000  0.000000000000e+000  0.000000000000e+000
  0.000000000000e+000  0.000000000000e+000  0.000000000000e+000
  0.000000000000e+000  0.000000000000e+000  0.000000000000e+000
  0.000000000000e+000  0.000000000000e+000  0.000000000000e+000
  0.000000000000e+000  0.000000000000e+000  0.000000000000e+000
  0.000000000000e+000  0.000000000000e+000  0.000000000000e+000
  0.000000000000e+000  0.000000000000e+000  0.000000000000e+000
  0.000000000000e+000  0.000000000000e+000  0.000000000000e+000
  0.000000000000e+000  0.000000000000e+000  0.000000000000e+000
  0.000000000000e+000  0.000000000000e+000  0.000000000000e+000
  0.000000000000e+000  0.000000000000e+000  0.000000000000e+000
  0.000000000000e+000  0.000000000000e+000  0.000000000000e+000
  0.000000000000e+000  0.000000000000e+000  0.000000000000e+000
  0.000000000000e+000  0.000000000000e+000  0.000000000000e+000
  0.000000000000e+000  0.000000000000e+000  0.000000000000e+000
  0.000000000000e+000  0.000000000000e+000  0.000000000000e+000
  0.000000000000e+000  0.000000000000e+000  0.000000000000e+000
  0.000000000000e+000  0.000000000000e+000  0.000000000000e+000
  0.000000000000e+000  0.000000000000e+000  0.000000000000e+000
  0.000000000000e+000  0.000000000000e+000  0.000000000000e+000
  0.000000000000e+000  0.000000000000e+000  0.000000000000e+000
  0.000000000000e+000  0.000000000000e+000  0.000000000000e+000
  0.000000000000e+000  0.000000000000e+000  0.000000000000e+000
  0.000000000000e+000  0.000000000000e+000  0.000000000000e+000
  0.000000000000e+000  0.000000000000e+000  0.000000000000e+000
  0.000000000000e+000  0.000000000000e+000  0.000000000000e+000
  0.000000000000e+000  0.000000000000e+000  0.000000000000e+000
  0.000000000000e+000  0.000000000000e+000  0.000000000000e+000
  0.000000000000e+000  0.000000000000e+000  0.000000000000e+000
  0.000000000000e+000  0.000000000000e+000  0.000000000000e+000
  0.000000000000e+000  0.000000000000e+000  0.000000000000e+000
  0.000000000000e+000  0.000000000000e+000  0.000000000000e+000
  0.000000000000e+000  0.000000000000e+000  0.000000000000e+000
  0.000000000000e+000  0.000000000000e+000  0.000000000000e+000
  0.000000000000e+000  0.000000000000e+000  0.000000000000e+000
  0.000000000000e+000  0.000000000000e+000  0.000000000000e+000
  0.000000000000e+000  0.000000000000e+000  0.000000000000e+000
  0.000000000000e+000  0.000000000000e+000  0.000000000000e+000
  0.000000000000e+000  0.000000000000e+000  0.000000000000e+000
  0.000000000000e+000  0.000000000000e+000  0.000000000000e+000
  0.000000000000e+000  0.000000000000e+000  0.000000000000e+000
  0.000000000000e+000  0.000000000000e+000  0.000000000000e+000
  0.000000000000e+000  0.000000000000e+000  0.000000000000e+000
  0.000000000000e+000  0.000000000000e+000  0.000000000000e+000
  0.000000000000e+000  0.000000000000e+000  0.000000000000e+000
  0.000000000000e+000  0.000000000000e+000  0.000000000000e+000
  0.000000000000e+000  0.000000000000e+000  0.000000000000e+000
  0.000000000000e+000  0.000000000000e+000  0.000000000000e+000
  0.000000000000e+000  0.000000000000e+000  0.000000000000e+000
  0.000000000000e+000  0.000000000000e+000  0.000000000000e+000
  0.000000000000e+000  0.000000000000e+000  0.000000000000e+000
  0.000000000000e+000  0.000000000000e+000  0.000000000000e+000
  0.000000000000e+000  0.000000000000e+000  0.000000000000e+000
  0.000000000000e+000  0.000000000000e+000  0.000000000000e+000
  0.000000000000e+000  0.000000000000e+000  0.000000000000e+000
  0.000000000000e+000  0.000000000000e+000  0.000000000000e+000
  0.000000000000e+000  0.000000000000e+000  0.000000000000e+000
  0.000000000000e+000  0.000000000000e+000  0.000000000000e+000
  0.000000000000e+000  0.000000000000e+000  0.000000000000e+000
  0.000000000000e+000  0.000000000000e+000  0.000000000000e+000
  0.000000000000e+000  0.000000000000e+000  0.000000000000e+000
  0.000000000000e+000  0.000000000000e+000  0.000000000000e+000
  0.000000000000e+000  0.000000000000e+000  0.000000000000e+000
  0.000000000000e+000  0.000000000000e+000  0.000000000000e+000
  0.000000000000e+000  0.000000000000e+000  0.000000000000e+000
  0.000000000000e+000  0.000000000000e+000  0.000000000000e+000
  0.000000000000e+000  0.000000000000e+000  0.000000000000e+000
  0.000000000000e+000  0.000000000000e+000  0.000000000000e+000
  0.000000000000e+000  0.000000000000e+000  0.000000000000e+000
  0.000000000000e+000  0.000000000000e+000  0.000000000000e+000
  0.000000000000e+000  0.000000000000e+000  0.000000000000e+000
  0.000000000000e+000  0.000000000000e+000  0.000000000000e+000
  0.000000000000e+000  0.000000000000e+000  0.000000000000e+000
  0.000000000000e+000  0.000000000000e+000  0.000000000000e+000
  0.000000000000e+000  0.000000000000e+000  0.000000000000e+000
  0.000000000000e+000  0.000000000000e+000  0.000000000000e+000
  0.000000000000e+000  0.000000000000e+000  0.000000000000e+000
  0.000000000000e+000  0.000000000000e+000  0.000000000000e+000
  0.000000000000e+000  0.000000000000e+000  0.000000000000e+000
  0.000000000000e+000  0.000000000000e+000  0.000000000000e+000
  0.000000000000e+000  0.000000000000e+000  0.000000000000e+000
  0.000000000000e+000  0.000000000000e+000  0.000000000000e+000
  0.000000000000e+000  0.000000000000e+000  0.000000000000e+000
  0.000000000000e+000  0.000000000000e+000  0.000000000000e+000
  0.000000000000e+000  0.000000000000e+000  0.000000000000e+000
  0.000000000000e+000  0.000000000000e+000  0.000000000000e+000
  0.000000000000e+000  0.000000000000e+000  0.000000000000e+000
  0.000000000000e+000  0.000000000000e+000  0.000000000000e+000
  0.000000000000e+000  0.000000000000e+000  0.000000000000e+000
  0.000000000000e+000  0.000000000000e+000  0.000000000000e+000
  0.000000000000e+000  0.000000000000e+000  0.000000000000e+000
  0.000000000000e+000  0.000000000000e+000  0.000000000000e+000
  0.000000000000e+000  0.000000000000e+000  0.000000000000e+000
  0.000000000000e+000  0.000000000000e+000  0.000000000000e+000
  0.000000000000e+000  0.000000000000e+000  0.000000000000e+000
  0.000000000000e+000  0.000000000000e+000  0.000000000000e+000
  0.000000000000e+000  0.000000000000e+000  0.000000000000e+000
  0.000000000000e+000  0.000000000000e+000  0.000000000000e+000
  0.000000000000e+000  0.000000000000e+000  0.000000000000e+000
  0.000000000000e+000  0.000000000000e+000  0.000000000000e+000
  0.000000000000e+000  0.000000000000e+000  0.000000000000e+000
  0.000000000000e+000  0.000000000000e+000  0.000000000000e+000
  0.000000000000e+000  0.000000000000e+000  0.000000000000e+000
  0.000000000000e+000  0.000000000000e+000  0.000000000000e+000
  0.000000000000e+000  0.000000000000e+000  0.000000000000e+000
  0.000000000000e+000  0.000000000000e+000  0.000000000000e+000
  0.000000000000e+000  0.000000000000e+000  0.000000000000e+000
  0.000000000000e+000  0.000000000000e+000  0.000000000000e+000
  0.000000000000e+000  0.000000000000e+000  0.000000000000e+000
  0.000000000000e+000  0.000000000000e+000  0.000000000000e+000
  0.000000000000e+000  0.000000000000e+000  0.000000000000e+000
  0.000000000000e+000  0.000000000000e+000  0.000000000000e+000
  0.000000000000e+000  0.000000000000e+000  0.000000000000e+000
  0.000000000000e+000  0.000000000000e+000  0.000000000000e+000
  0.000000000000e+000  0.000000000000e+000  0.000000000000e+000
  0.000000000000e+000  0.000000000000e+000  0.000000000000e+000
  0.000000000000e+000  0.000000000000e+000  0.000000000000e+000
  0.000000000000e+000  0.000000000000e+000  0.000000000000e+000
  0.000000000000e+000  0.000000000000e+000  0.000000000000e+000
  0.000000000000e+000  0.000000000000e+000  0.000000000000e+000
  0.000000000000e+000  0.000000000000e+000  0.000000000000e+000
  0.000000000000e+000  0.000000000000e+000  0.000000000000e+000
  0.000000000000e+000  0.000000000000e+000  0.000000000000e+000
  0.000000000000e+000  0.000000000000e+000  0.000000000000e+000
  0.000000000000e+000  0.000000000000e+000  0.000000000000e+000
  0.000000000000e+000  0.000000000000e+000  0.000000000000e+000
  0.000000000000e+000  0.000000000000e+000  0.000000000000e+000
  0.000000000000e+000  0.000000000000e+000  0.000000000000e+000
  0.000000000000e+000  0.000000000000e+000  0.000000000000e+000
  0.000000000000e+000  0.000000000000e+000  0.000000000000e+000
  0.000000000000e+000  0.000000000000e+000  0.000000000000e+000
  0.000000000000e+000  0.000000000000e+000  0.000000000000e+000
  0.000000000000e+000  0.000000000000e+000  0.000000000000e+000
  0.000000000000e+000  0.000000000000e+000  0.000000000000e+000
  0.000000000000e+000  0.000000000000e+000  0.000000000000e+000
  0.000000000000e+000  0.000000000000e+000  0.000000000000e+000
  0.000000000000e+000  0.000000000000e+000  0.000000000000e+000
  0.000000000000e+000  0.000000000000e+000  0.000000000000e+000
  0.000000000000e+000  0.000000000000e+000  0.000000000000e+000
  0.000000000000e+000  0.000000000000e+000  0.000000000000e+000
  0.000000000000e+000  0.000000000000e+000  0.000000000000e+000
  0.000000000000e+000  0.000000000000e+000  0.000000000000e+000
  0.000000000000e+000  0.000000000000e+000  0.000000000000e+000
  0.000000000000e+000  0.000000000000e+000  0.000000000000e+000
  0.000000000000e+000  0.000000000000e+000  0.000000000000e+000
  0.000000000000e+000  0.000000000000e+000  0.000000000000e+000
  0.000000000000e+000  0.000000000000e+000  0.000000000000e+000
  0.000000000000e+000  0.000000000000e+000  0.000000000000e+000
  0.000000000000e+000  0.000000000000e+000  0.000000000000e+000
  0.000000000000e+000  0.000000000000e+000  0.000000000000e+000
  0.000000000000e+000  0.000000000000e+000  0.000000000000e+000
  0.000000000000e+000  0.000000000000e+000  0.000000000000e+000
  0.000000000000e+000  0.000000000000e+000  0.000000000000e+000
  0.000000000000e+000  0.000000000000e+000  0.000000000000e+000
  0.000000000000e+000  0.000000000000e+000  0.000000000000e+000
  0.000000000000e+000  0.000000000000e+000  0.000000000000e+000
  0.000000000000e+000  0.000000000000e+000  0.000000000000e+000
  0.000000000000e+000  0.000000000000e+000  0.000000000000e+000
  0.000000000000e+000  0.000000000000e+000  0.000000000000e+000
  0.000000000000e+000  0.000000000000e+000  0.000000000000e+000
  0.000000000000e+000  0.000000000000e+000  0.000000000000e+000
  0.000000000000e+000  0.000000000000e+000  0.000000000000e+000
  0.000000000000e+000  0.000000000000e+000  0.000000000000e+000
  0.000000000000e+000  0.000000000000e+000  0.000000000000e+000
  0.000000000000e+000  0.000000000000e+000  0.000000000000e+000
  0.000000000000e+000  0.000000000000e+000  0.000000000000e+000
  0.000000000000e+000  0.000000000000e+000  0.000000000000e+000
  0.000000000000e+000  0.000000000000e+000  0.000000000000e+000
  0.000000000000e+000  0.000000000000e+000  0.000000000000e+000
  0.000000000000e+000  0.000000000000e+000  0.000000000000e+000
  0.000000000000e+000  0.000000000000e+000  0.000000000000e+000
  0.000000000000e+000  0.000000000000e+000  0.000000000000e+000
  0.000000000000e+000  0.000000000000e+000  0.000000000000e+000
  0.000000000000e+000  0.000000000000e+000  0.000000000000e+000
  0.000000000000e+000  0.000000000000e+000  0.000000000000e+000
  0.000000000000e+000  0.000000000000e+000  0.000000000000e+000
  0.000000000000e+000  0.000000000000e+000  0.000000000000e+000
  0.000000000000e+000  0.000000000000e+000  0.000000000000e+000
  0.000000000000e+000  0.000000000000e+000  0.000000000000e+000
  0.000000000000e+000  0.000000000000e+000  0.000000000000e+000
  0.000000000000e+000  0.000000000000e+000  0.000000000000e+000
  0.000000000000e+000  0.000000000000e+000  0.000000000000e+000
  0.000000000000e+000  0.000000000000e+000  0.000000000000e+000
  0.000000000000e+000  0.000000000000e+000  0.000000000000e+000
  0.000000000000e+000  0.000000000000e+000  0.000000000000e+000
  0.000000000000e+000  0.000000000000e+000  0.000000000000e+000
  0.000000000000e+000  0.000000000000e+000  0.000000000000e+000
  0.000000000000e+000  0.000000000000e+000  0.000000000000e+000
  0.000000000000e+000  0.000000000000e+000  0.000000000000e+000
  0.000000000000e+000  0.000000000000e+000  0.000000000000e+000
  0.000000000000e+000  0.000000000000e+000  0.000000000000e+000
  0.000000000000e+000  0.000000000000e+000  0.000000000000e+000
  0.000000000000e+000  0.000000000000e+000  0.000000000000e+000
  0.000000000000e+000  0.000000000000e+000  0.000000000000e+000
  0.000000000000e+000  0.000000000000e+000  0.000000000000e+000
  0.000000000000e+000  0.000000000000e+000  0.000000000000e+000
  0.000000000000e+000  0.000000000000e+000  0.000000000000e+000
  0.000000000000e+000  0.000000000000e+000  0.000000000000e+000
  0.000000000000e+000  0.000000000000e+000  0.000000000000e+000
  0.000000000000e+000  0.000000000000e+000  0.000000000000e+000
  0.000000000000e+000  0.000000000000e+000  0.000000000000e+000
  0.000000000000e+000  0.000000000000e+000  0.000000000000e+000
  0.000000000000e+000  0.000000000000e+000  0.000000000000e+000
  0.000000000000e+000  0.000000000000e+000  0.000000000000e+000
  0.000000000000e+000  0.000000000000e+000  0.000000000000e+000
  0.000000000000e+000  0.000000000000e+000  0.000000000000e+000
  0.000000000000e+000  0.000000000000e+000  0.000000000000e+000
  0.000000000000e+000  0.000000000000e+000  0.000000000000e+000
  0.000000000000e+000  0.000000000000e+000  0.000000000000e+000
  0.000000000000e+000  0.000000000000e+000  0.000000000000e+000
  0.000000000000e+000  0.000000000000e+000  0.000000000000e+000
  0.000000000000e+000  0.000000000000e+000  0.000000000000e+000
  0.000000000000e+000  0.000000000000e+000  0.000000000000e+000
  0.000000000000e+000  0.000000000000e+000  0.000000000000e+000
  0.000000000000e+000  0.000000000000e+000  0.000000000000e+000
  0.000000000000e+000  0.000000000000e+000  0.000000000000e+000
  0.000000000000e+000  0.000000000000e+000  0.000000000000e+000
  0.000000000000e+000  0.000000000000e+000  0.000000000000e+000
  0.000000000000e+000  0.000000000000e+000  0.000000000000e+000
  0.000000000000e+000  0.000000000000e+000  0.000000000000e+000
  0.000000000000e+000  0.000000000000e+000  0.000000000000e+000
  0.000000000000e+000  0.000000000000e+000  0.000000000000e+000
  0.000000000000e+000  0.000000000000e+000  0.000000000000e+000
  0.000000000000e+000  0.000000000000e+000  0.000000000000e+000
  0.000000000000e+000  0.000000000000e+000  0.000000000000e+000
  0.000000000000e+000  0.000000000000e+000  0.000000000000e+000
  0.000000000000e+000  0.000000000000e+000  0.000000000000e+000
  0.000000000000e+000  0.000000000000e+000  0.000000000000e+000
  0.000000000000e+000  0.000000000000e+000  0.000000000000e+000
  0.000000000000e+000  0.000000000000e+000  0.000000000000e+000
  0.000000000000e+000  0.000000000000e+000  0.000000000000e+000
  0.000000000000e+000  0.000000000000e+000  0.000000000000e+000
  0.000000000000e+000  0.000000000000e+000  0.000000000000e+000
  0.000000000000e+000  0.000000000000e+000  0.000000000000e+000
  0.000000000000e+000  0.000000000000e+000  0.000000000000e+000
  0.000000000000e+000  0.000000000000e+000  0.000000000000e+000
  0.000000000000e+000  0.000000000000e+000  0.000000000000e+000
  0.000000000000e+000  0.000000000000e+000  0.000000000000e+000
  0.000000000000e+000  0.000000000000e+000  0.000000000000e+000
  0.000000000000e+000  0.000000000000e+000  0.000000000000e+000
  0.000000000000e+000  0.000000000000e+000  0.000000000000e+000
  2.552017146189e+002 -4.568922736567e+001 -5.403200048471e+001
  2.551699666522e+002 -4.562179914412e+001 -5.402850921319e+001
  2.551503260372e+002 -4.554418705572e+001 -5.403034642623e+001
  2.551365379751e+002 -4.548083111452e+001 -5.403376625294e+001
  2.550864928702e+002 -4.540894707989e+001 -5.403876843049e+001
  2.550606874979e+002 -4.531817770103e+001 -5.403495126295e+001
  2.536258660695e+002 -4.564438430790e+001 -5.412363320727e+001
  2.535843469032e+002 -4.558969481528e+001 -5.407334127490e+001
  2.528528327794e+002 -4.560084912597e+001 -5.421513499044e+001
  2.524809855205e+002 -4.553069573233e+001 -5.428749431758e+001
  2.522354615972e+002 -4.548888018186e+001 -5.433187650478e+001
  2.520165715566e+002 -4.540986740437e+001 -5.437503574725e+001
  2.518627730783e+002 -4.531003700567e+001 -5.439413251638e+001
  2.517026025064e+002 -4.519735484391e+001 -5.439970324353e+001
  2.516146842620e+002 -4.512959474583e+001 -5.441671378716e+001
  2.515228038350e+002 -4.504633042843e+001 -5.439518937007e+001
  2.514271646409e+002 -4.496541692645e+001 -5.439183730422e+001
  2.513376301336e+002 -4.490152147487e+001 -5.437572114365e+001
  2.512719309952e+002 -4.482927505748e+001 -5.435722560288e+001
  2.512770992041e+002 -4.477077062429e+001 -5.434271304308e+001
  2.512628460050e+002 -4.469837479448e+001 -5.433646967192e+001
  2.512673291852e+002 -4.460469244160e+001 -5.432902796811e+001
  2.512544345695e+002 -4.451830660953e+001 -5.432811435849e+001
  2.512991794095e+002 -4.442128129417e+001 -5.433348383901e+001
  2.513313053850e+002 -4.428487750195e+001 -5.426727718643e+001
  2.514017705143e+002 -4.417224838382e+001 -5.424902517241e+001
  2.515185129719e+002 -4.404863440936e+001 -5.424014539511e+001
  2.516325974925e+002 -4.395750633453e+001 -5.419925022501e+001
  2.517003730686e+002 -4.383184804282e+001 -5.419588337083e+001
  2.517906640648e+002 -4.366141627337e+001 -5.412393780873e+001
  2.518591942530e+002 -4.350445312659e+001 -5.407892169063e+001
  2.519009311770e+002 -4.326408522161e+001 -5.404764548260e+001
  2.519832653005e+002 -4.312884063411e+001 -5.402631752054e+001
  2.519966698972e+002 -4.287926956061e+001 -5.400846975306e+001
  2.520003838248e+002 -4.264050756659e+001 -5.399956482404e+001
  2.520853321411e+002 -4.254315014763e+001 -5.396655852883e+001
  2.521168062460e+002 -4.240546806034e+001 -5.395982808073e+001
  2.521684475383e+002 -4.224071954157e+001 -5.393189866100e+001
  2.521568844009e+002 -4.207091144373e+001 -5.394895379207e+001
  2.521630479726e+002 -4.198115502677e+001 -5.398755183183e+001
  2.521858611554e+002 -4.189497976053e+001 -5.397774953779e+001
  2.521898688370e+002 -4.180413553168e+001 -5.397787484259e+001
  2.521935027347e+002 -4.171965295207e+001 -5.395124300115e+001
  2.521919742544e+002 -4.163067856015e+001 -5.393231458036e+001
  2.521914946372e+002 -4.155985105475e+001 -5.391031050414e+001
  2.521952600226e+002 -4.149026747985e+001 -5.387810104232e+001
  2.521881505436e+002 -4.139660578778e+001 -5.387181411035e+001
  2.521452182298e+002 -4.132367985718e+001 -5.384744975123e+001
  2.520573885432e+002 -4.116439419712e+001 -5.380051283516e+001
  2.520983965882e+002 -4.113648834455e+001 -5.378220945127e+001
  2.521037077242e+002 -4.106570029184e+001 -5.377539608173e+001
  2.520797204653e+002 -4.094714792683e+001 -5.377653288670e+001
  2.520776937323e+002 -4.087692318481e+001 -5.378721444372e+001
  2.520725321568e+002 -4.081070603868e+001 -5.380184399555e+001
  2.520768210324e+002 -4.073208701967e+001 -5.377529197762e+001
  2.521207040971e+002 -4.063904726376e+001 -5.378277738399e+001
  2.521568165694e+002 -4.051588985124e+001 -5.379006234835e+001
  2.522189119744e+002 -4.039005685466e+001 -5.378031205447e+001
  2.522722987401e+002 -4.026428968345e+001 -5.379801292107e+001
  2.522304404795e+002 -4.019726473237e+001 -5.380100820248e+001
  2.521995212829e+002 -4.012896310508e+001 -5.379870062917e+001
  2.521588015954e+002 -4.007118917367e+001 -5.382091980656e+001
  2.521309850951e+002 -4.001590325426e+001 -5.382374173742e+001
  2.520984291181e+002 -3.994133808054e+001 -5.384964376649e+001
  2.520750800179e+002 -3.987831243077e+001 -5.386474630505e+001
  2.520279391039e+002 -3.980894365149e+001 -5.384083290571e+001
  2.519902187188e+002 -3.975015557537e+001 -5.386183925634e+001
  2.519649537851e+002 -3.966794454766e+001 -5.386993937637e+001
  2.520709899776e+002 -3.953119040046e+001 -5.384057809207e+001
  2.521187701028e+002 -3.940473043701e+001 -5.380832809168e+001
  2.521412376585e+002 -3.929899825862e+001 -5.376602481064e+001
  2.521533256673e+002 -3.922735029551e+001 -5.374890061969e+001
  2.521473541075e+002 -3.917113987984e+001 -5.373995110669e+001
  2.521138821343e+002 -3.907016005951e+001 -5.371112834302e+001
  2.521051134862e+002 -3.900186627301e+001 -5.371893263782e+001
  2.520931827003e+002 -3.890690435399e+001 -5.371334031750e+001
  2.520771801470e+002 -3.883643469216e+001 -5.371015948650e+001
  2.520816748829e+002 -3.877311628150e+001 -5.372336747624e+001
  2.520812860679e+002 -3.868957596057e+001 -5.371347024191e+001
  2.520983006477e+002 -3.860248400653e+001 -5.371855767510e+001
  2.521138493204e+002 -3.853043097533e+001 -5.371491407058e+001
  2.521048486939e+002 -3.843883988819e+001 -5.372949571029e+001
  2.521143572992e+002 -3.834418730443e+001 -5.373084132540e+001
  2.521621499544e+002 -3.827043111120e+001 -5.373485157096e+001
  2.521509123521e+002 -3.818476527592e+001 -5.373526981217e+001
  2.521283300886e+002 -3.810719672542e+001 -5.373526931218e+001
  2.521014770991e+002 -3.804234794033e+001 -5.374350162193e+001
  2.520695503093e+002 -3.796524647890e+001 -5.375148924768e+001
  2.520238293552e+002 -3.790826738772e+001 -5.375125794026e+001
  2.519538743878e+002 -3.781253651740e+001 -5.375720667195e+001
  2.519151427358e+002 -3.776421803119e+001 -5.376400083321e+001
  2.518750299619e+002 -3.767380292312e+001 -5.376644922447e+001
  2.518344563606e+002 -3.760989262849e+001 -5.378848302335e+001
  2.517646915877e+002 -3.753649531205e+001 -5.380050829281e+001
  2.516897930446e+002 -3.745756488565e+001 -5.383512005981e+001
  2.516631554049e+002 -3.740554383551e+001 -5.382358144329e+001
  2.515767306644e+002 -3.737026818801e+001 -5.384075349559e+001
  2.514955546220e+002 -3.732868446969e+001 -5.386233841410e+001
  2.514037955265e+002 -3.722072674993e+001 -5.387495742034e+001
  2.513521828361e+002 -3.723753573180e+001 -5.389628357889e+001
  2.512400498726e+002 -3.719141898763e+001 -5.392228023774e+001
  2.511435751899e+002 -3.713442664211e+001 -5.395590636940e+001
  2.510147379537e+002 -3.704762026913e+001 -5.398469989870e+001
  2.508820901671e+002 -3.698602446766e+001 -5.401004102275e+001
  2.507627530617e+002 -3.696697679514e+001 -5.404849412999e+001
  2.506188475568e+002 -3.682544390072e+001 -5.406574599452e+001
  2.505320078685e+002 -3.680680386599e+001 -5.408113309786e+001
  2.504328381306e+002 -3.674388046744e+001 -5.408040651602e+001
  2.503221449705e+002 -3.667118075726e+001 -5.410194047169e+001
  2.502013258756e+002 -3.664928015204e+001 -5.410442401846e+001
  2.501039557671e+002 -3.660818054728e+001 -5.413530986393e+001
  2.499911911312e+002 -3.656326231372e+001 -5.416330765081e+001
  2.499319040703e+002 -3.661894653589e+001 -5.419802788812e+001
  2.498317161100e+002 -3.655908125987e+001 -5.419678243259e+001
  2.497776565424e+002 -3.650542057360e+001 -5.422338196488e+001
  2.496873960118e+002 -3.645815564804e+001 -5.423300261020e+001
  2.496342072173e+002 -3.639490341282e+001 -5.424665152228e+001
  2.495825299758e+002 -3.633214988697e+001 -5.424645471432e+001
  2.495352124090e+002 -3.627674490838e+001 -5.424670266027e+001
  2.494820744679e+002 -3.622926720111e+001 -5.425934715953e+001
  2.494315057840e+002 -3.614756503765e+001 -5.424699941158e+001
  2.493925690551e+002 -3.607693849657e+001 -5.424442838371e+001
  2.493975041566e+002 -3.600258764984e+001 -5.427516482428e+001
  2.493422050555e+002 -3.594343957529e+001 -5.427550114518e+001
  2.493068588314e+002 -3.585642363272e+001 -5.427048957705e+001
  2.492939679441e+002 -3.581105454310e+001 -5.427511901425e+001
  2.492891001217e+002 -3.576834605608e+001 -5.427479301353e+001
  2.492702541464e+002 -3.571271115859e+001 -5.429285073534e+001
  2.492363910968e+002 -3.564300634406e+001 -5.430132864438e+001
  2.492269488590e+002 -3.557429748841e+001 -5.432637759280e+001
  2.491928043402e+002 -3.547501939987e+001 -5.431526654876e+001
  2.491826554445e+002 -3.540009364288e+001 -5.430051166192e+001
  2.491983345665e+002 -3.533775752735e+001 -5.431131078110e+001
  2.491609422180e+002 -3.517058126549e+001 -5.432847719392e+001
  2.491556806959e+002 -3.502977890174e+001 -5.434349260892e+001
  2.491572843588e+002 -3.488750385518e+001 -5.435885013878e+001
  2.491757821589e+002 -3.473575084350e+001 -5.437149100271e+001
  2.491094167404e+002 -3.466634005964e+001 -5.438441579384e+001
  2.491246307945e+002 -3.446289826062e+001 -5.439182111441e+001
  2.490952816129e+002 -3.437253228832e+001 -5.439150293101e+001
  2.490412505387e+002 -3.431145219122e+001 -5.436995389529e+001
  2.490457843007e+002 -3.417672735453e+001 -5.438238709448e+001
  2.490321841001e+002 -3.405661500554e+001 -5.438427540990e+001
  2.489923234178e+002 -3.399063120773e+001 -5.440095616863e+001
  2.489520566071e+002 -3.392243155449e+001 -5.441261312531e+001
  2.488785280030e+002 -3.382285618212e+001 -5.442091487034e+001
  2.488581495607e+002 -3.387109586273e+001 -5.445264178339e+001
  2.487749990099e+002 -3.375290288224e+001 -5.443555967931e+001
  2.486846881848e+002 -3.362124738801e+001 -5.443302376399e+001
  2.486259836548e+002 -3.351864918048e+001 -5.442270221942e+001
  2.485562469642e+002 -3.341713576323e+001 -5.442910353219e+001
  2.484925089724e+002 -3.330573060039e+001 -5.443508847074e+001
  2.484654752491e+002 -3.321398125995e+001 -5.442618866813e+001
  2.483947106244e+002 -3.313291241416e+001 -5.441457532046e+001
  2.483631723535e+002 -3.305237134008e+001 -5.439893191427e+001
  2.483564726467e+002 -3.297438996070e+001 -5.438213043751e+001
  2.481932313118e+002 -3.257130605081e+001 -5.439470580155e+001
  2.481706278131e+002 -3.246790349521e+001 -5.438209760948e+001
  2.481619511148e+002 -3.240141466775e+001 -5.438474332248e+001
  2.481366244999e+002 -3.229883943381e+001 -5.439337300605e+001
  2.481034963382e+002 -3.220156722368e+001 -5.436448963600e+001
  2.480784111449e+002 -3.211346161500e+001 -5.435417797755e+001
  2.480770797114e+002 -3.197602638923e+001 -5.434203757484e+001
  2.480396068510e+002 -3.189368366481e+001 -5.432863143373e+001
  2.479923331872e+002 -3.180224610521e+001 -5.434098531819e+001
  2.479845615189e+002 -3.168450909781e+001 -5.435499239296e+001
  2.480006171870e+002 -3.157625106559e+001 -5.434680082575e+001
  2.480288533107e+002 -3.145746108522e+001 -5.433964762713e+001
  2.480393859621e+002 -3.137864392923e+001 -5.434585120895e+001
  2.480378147432e+002 -3.126253560935e+001 -5.433426127009e+001
  2.480189923865e+002 -3.117222919976e+001 -5.433399352857e+001
  2.479994242610e+002 -3.109968377856e+001 -5.433666404952e+001
  2.479567105957e+002 -3.103888488291e+001 -5.433796053093e+001
  2.479122450436e+002 -3.097186403970e+001 -5.434594075853e+001
  2.478529046348e+002 -3.091278495571e+001 -5.434409930664e+001
  2.477739722291e+002 -3.083094435566e+001 -5.435038531891e+001
  2.477331505061e+002 -3.072269969842e+001 -5.435245170387e+001
  2.477048582729e+002 -3.065505952388e+001 -5.434560601401e+001
  2.476616342556e+002 -3.056397078976e+001 -5.435686843450e+001
  2.476784997919e+002 -3.069667932709e+001 -5.431609743343e+001
  2.476237550157e+002 -3.061700462733e+001 -5.434322147600e+001
  2.475507101708e+002 -3.053767298112e+001 -5.437485997000e+001
  2.474846531368e+002 -3.046234648438e+001 -5.438982479503e+001
  2.474146687062e+002 -3.038983051594e+001 -5.441153717429e+001
  2.473858332598e+002 -3.030105713850e+001 -5.442375286718e+001
  2.473403505426e+002 -3.020709972096e+001 -5.442796796936e+001
  2.472856824183e+002 -3.011416860984e+001 -5.441888601665e+001
  2.472083349183e+002 -3.005361323171e+001 -5.444660725818e+001
  2.471577588742e+002 -2.998203865100e+001 -5.446905988856e+001
  2.471209420138e+002 -2.990684548043e+001 -5.448111520690e+001
  2.470935039632e+002 -2.982820310515e+001 -5.449367002975e+001
  2.470421123699e+002 -2.973479111003e+001 -5.451035491265e+001
  2.470081121653e+002 -2.964668157959e+001 -5.454180592680e+001
  2.469609656130e+002 -2.958425429598e+001 -5.456055798377e+001
  2.469452371858e+002 -2.953150950758e+001 -5.457964199014e+001
  2.469145623265e+002 -2.942882837306e+001 -5.459479693146e+001
  2.468853418686e+002 -2.932834231834e+001 -5.459370995502e+001
  2.468441215330e+002 -2.925146967677e+001 -5.459799310207e+001
  2.467851926991e+002 -2.918852519309e+001 -5.460359963202e+001
  2.467628749903e+002 -2.910522855106e+001 -5.463176281917e+001
  2.467357861233e+002 -2.902549223454e+001 -5.462857953795e+001
  2.466927431841e+002 -2.892812433864e+001 -5.464651801721e+001
  2.466935916383e+002 -2.881858236675e+001 -5.464312599809e+001
  2.466826639801e+002 -2.873990047853e+001 -5.464749309359e+001
  2.466315641192e+002 -2.864453966943e+001 -5.465438935619e+001
  2.465977281769e+002 -2.857333660131e+001 -5.466069853896e+001
  2.465608556957e+002 -2.849242471009e+001 -5.465489655672e+001
  2.464769457343e+002 -2.838656590197e+001 -5.467435941769e+001
  2.464176812256e+002 -2.819675032483e+001 -5.472058063136e+001
  2.463884396879e+002 -2.812390261252e+001 -5.471022870143e+001
  2.463719566684e+002 -2.803177045703e+001 -5.472865002707e+001
  2.463128923730e+002 -2.793935456719e+001 -5.473673361876e+001
  2.462465226146e+002 -2.784393290905e+001 -5.473975164562e+001
  2.461805373830e+002 -2.779014772559e+001 -5.475535163582e+001
  2.461704913894e+002 -2.771149854080e+001 -5.477705412289e+001
  2.461237900492e+002 -2.762406755252e+001 -5.479241462193e+001
  2.460376049342e+002 -2.750485220942e+001 -5.480159124620e+001
  2.459943092453e+002 -2.751201139900e+001 -5.483881551820e+001
  2.459554550887e+002 -2.740030628802e+001 -5.484189665713e+001
  2.459083992499e+002 -2.733841465774e+001 -5.485801485919e+001
  2.458231694880e+002 -2.713103102033e+001 -5.490242975283e+001
  2.457703179374e+002 -2.709569690490e+001 -5.487811655336e+001
  2.457040090365e+002 -2.703414906063e+001 -5.486016898949e+001
  2.456607336351e+002 -2.693558235747e+001 -5.486281716052e+001
  2.456303878021e+002 -2.682029392115e+001 -5.485615660861e+001
  2.455783370903e+002 -2.671372848666e+001 -5.483891893225e+001
  2.455368904250e+002 -2.665873358167e+001 -5.484205819230e+001
  2.454727191635e+002 -2.647802585314e+001 -5.484700636537e+001
  2.454265642666e+002 -2.636566277750e+001 -5.484868427359e+001
  2.453986745776e+002 -2.628219706513e+001 -5.486091092456e+001
  2.453420532390e+002 -2.619420891478e+001 -5.488173977294e+001
  2.453059965233e+002 -2.609095941517e+001 -5.489807031995e+001
  2.452757393670e+002 -2.602668600022e+001 -5.492781864867e+001
  2.452351515757e+002 -2.595813672560e+001 -5.491800579482e+001
  2.451931242723e+002 -2.589318354567e+001 -5.492278808233e+001
  2.451638361737e+002 -2.584732824170e+001 -5.492793720685e+001
  2.450317253880e+002 -2.578710576777e+001 -5.492149346561e+001
  2.449327979732e+002 -2.568122362960e+001 -5.491794601716e+001
  2.448439897695e+002 -2.558448822886e+001 -5.493507706787e+001
  2.446760967263e+002 -2.545137950058e+001 -5.494465369191e+001
  2.445533956352e+002 -2.534106229062e+001 -5.497173390056e+001
  2.444589455279e+002 -2.525693841289e+001 -5.496602301419e+001
  2.443866086937e+002 -2.518882036286e+001 -5.498703785805e+001
  2.443613661230e+002 -2.514355896065e+001 -5.502038370556e+001
  2.443386448914e+002 -2.507242280238e+001 -5.502900082506e+001
  2.442562241144e+002 -2.498457661210e+001 -5.504026119935e+001
  2.441806470062e+002 -2.488190811994e+001 -5.503516666307e+001
  2.441268300892e+002 -2.480621080199e+001 -5.506782521886e+001
  2.440841254877e+002 -2.477029190371e+001 -5.507100566393e+001
  2.440486641818e+002 -2.470599829721e+001 -5.507839084113e+001
  2.440400569876e+002 -2.464118943620e+001 -5.508090796164e+001
  2.439894455746e+002 -2.458079760505e+001 -5.507834977780e+001
  2.439598280544e+002 -2.450663341478e+001 -5.508520730650e+001
  2.439392257730e+002 -2.442633368743e+001 -5.508654893081e+001
  2.438882641594e+002 -2.438077958380e+001 -5.509927022032e+001
  2.438739797242e+002 -2.431592209613e+001 -5.508087615673e+001
  2.437757779068e+002 -2.417655553882e+001 -5.508670570524e+001
  2.437144724486e+002 -2.409938676839e+001 -5.508822659506e+001
  2.436642538968e+002 -2.402923195213e+001 -5.509943707523e+001
  2.436394126787e+002 -2.396369941427e+001 -5.509285565288e+001
  2.435835773517e+002 -2.386371210647e+001 -5.508955684720e+001
  2.435392812988e+002 -2.380301933151e+001 -5.510952975054e+001
  2.434683938279e+002 -2.373461881983e+001 -5.511969569602e+001
  2.433754135614e+002 -2.365350744209e+001 -5.513780121575e+001
  2.432734298282e+002 -2.358381733481e+001 -5.512982416389e+001
  2.432241611945e+002 -2.348088230254e+001 -5.513382742789e+001
  2.431736033049e+002 -2.339764072442e+001 -5.515646610591e+001
  2.430952966402e+002 -2.324971413401e+001 -5.513833413563e+001
  2.429631823829e+002 -2.309924317583e+001 -5.518589327411e+001
  2.429135371050e+002 -2.312117155433e+001 -5.520540527378e+001
  2.429219808029e+002 -2.308784798552e+001 -5.520406454275e+001
  2.428862828782e+002 -2.301275737544e+001 -5.520478334928e+001
  2.428373522657e+002 -2.293574168417e+001 -5.520429254185e+001
  2.428072592722e+002 -2.288737700419e+001 -5.519601558936e+001
  2.427714638512e+002 -2.283641336817e+001 -5.520100201118e+001
  2.427150928410e+002 -2.279589299957e+001 -5.522424908099e+001
  2.426546962293e+002 -2.272905039254e+001 -5.521639087218e+001
  2.425921018003e+002 -2.265108581440e+001 -5.521370601480e+001
  2.426121701530e+002 -2.261854958236e+001 -5.519467599492e+001
  2.425680759955e+002 -2.254815323329e+001 -5.520362027471e+001
  2.425344889875e+002 -2.248906407082e+001 -5.519533423597e+001
  2.425006479704e+002 -2.220697171428e+001 -5.521877305985e+001
  2.424530324790e+002 -2.212919733776e+001 -5.524299928901e+001
  2.424093963756e+002 -2.207894287424e+001 -5.523370895476e+001
  2.423699273663e+002 -2.201755797693e+001 -5.524347742106e+001
  2.423193236436e+002 -2.200819123302e+001 -5.523074856452e+001
  2.422817813804e+002 -2.193888568836e+001 -5.521423473913e+001
  2.422550606465e+002 -2.186502981504e+001 -5.521461216680e+001
  2.422376654114e+002 -2.178702507175e+001 -5.522144160376e+001
  2.422257549314e+002 -2.168425794983e+001 -5.523435168880e+001
  2.420877801506e+002 -2.162361986338e+001 -5.521664208046e+001
  2.419726722296e+002 -2.153006964043e+001 -5.523875237333e+001
  2.418821234223e+002 -2.143900277745e+001 -5.526432384184e+001
  2.417628707794e+002 -2.133897579058e+001 -5.527365167847e+001
  2.417077677279e+002 -2.122110478856e+001 -5.527875284074e+001
  2.416342501503e+002 -2.112623833800e+001 -5.530131804028e+001
  2.415962936578e+002 -2.100635241504e+001 -5.530108205455e+001
  2.415594580394e+002 -2.089645649470e+001 -5.528715981544e+001
  2.415156343379e+002 -2.079111990428e+001 -5.528054661921e+001
  2.414944187350e+002 -2.070213961490e+001 -5.527770781009e+001
  2.414845619480e+002 -2.062366411317e+001 -5.527096204425e+001
  2.414023201655e+002 -2.054778275824e+001 -5.528067604044e+001
  2.413237823891e+002 -2.046089868574e+001 -5.530211676879e+001
  2.412075852384e+002 -2.036764591102e+001 -5.530853893507e+001
  2.411280490239e+002 -2.027054313542e+001 -5.532418088839e+001
  2.410302575712e+002 -2.009935723115e+001 -5.536176723466e+001
  2.409730177162e+002 -2.001206227348e+001 -5.536285180701e+001
  2.409077961260e+002 -1.991782274950e+001 -5.536909496288e+001
  2.408605179818e+002 -1.985146344995e+001 -5.536644829389e+001
  2.408366642282e+002 -1.977676269440e+001 -5.534950020649e+001
  2.407831650355e+002 -1.970700394955e+001 -5.536314047223e+001
  2.407471953656e+002 -1.962635997905e+001 -5.536469753377e+001
  2.406479212434e+002 -1.957697139610e+001 -5.537575669729e+001
  2.405698034174e+002 -1.954619424785e+001 -5.538281001909e+001
  2.405176730440e+002 -1.953303025100e+001 -5.537282485385e+001
  2.404970393433e+002 -1.944273552104e+001 -5.537101949546e+001
  2.404628152540e+002 -1.936035834829e+001 -5.538187741725e+001
  2.403819707685e+002 -1.929384220765e+001 -5.536813285908e+001
  2.403384771438e+002 -1.919725180001e+001 -5.536352845732e+001
  2.402741423377e+002 -1.912829963073e+001 -5.535545989710e+001
  2.402261045079e+002 -1.904965765992e+001 -5.535039781967e+001
  2.401849205100e+002 -1.898107462744e+001 -5.533950162148e+001
  2.401628799273e+002 -1.891577413346e+001 -5.531171446304e+001
  2.401284632043e+002 -1.883515015135e+001 -5.533036559184e+001
  2.400893357262e+002 -1.874411707264e+001 -5.533224839344e+001
  2.400670533970e+002 -1.865326578518e+001 -5.533647037385e+001
  2.400064191066e+002 -1.857887732462e+001 -5.534137748036e+001
  2.399570481206e+002 -1.849411232321e+001 -5.535476011549e+001
  2.398908122983e+002 -1.840057473807e+001 -5.535793605955e+001
  2.398302195318e+002 -1.831066549430e+001 -5.535378119853e+001
  2.397707213091e+002 -1.822754510901e+001 -5.536478370578e+001
  2.396947869136e+002 -1.814994076322e+001 -5.538561451006e+001
  2.396415039754e+002 -1.807005009499e+001 -5.541678430362e+001
  2.395898785630e+002 -1.797873259276e+001 -5.543259160272e+001
  2.395634036376e+002 -1.784915364551e+001 -5.545636265708e+001
  2.394995548647e+002 -1.775561632210e+001 -5.547744730803e+001
  2.393864488491e+002 -1.762170149753e+001 -5.548304163700e+001
  2.393914829704e+002 -1.750554533460e+001 -5.549237065132e+001
  2.393804062110e+002 -1.740742167218e+001 -5.550289639748e+001
  2.393613072428e+002 -1.731335532171e+001 -5.552631487692e+001
  2.393036554502e+002 -1.723172987693e+001 -5.554052973929e+001
  2.392190301789e+002 -1.718208371166e+001 -5.556226712183e+001
  2.392435059742e+002 -1.710896517065e+001 -5.556602237037e+001
  2.391902900000e+002 -1.702244748122e+001 -5.558890300422e+001
  2.391319422569e+002 -1.693645947812e+001 -5.560673747764e+001
  2.390409517425e+002 -1.684762077718e+001 -5.562777318799e+001
  2.389164484232e+002 -1.672264299985e+001 -5.564552976030e+001
  2.387435145440e+002 -1.637948882858e+001 -5.569062060884e+001
  2.386968997597e+002 -1.628670232766e+001 -5.569777123364e+001
  2.386080149221e+002 -1.615111689201e+001 -5.570913298170e+001
  2.385117950827e+002 -1.613398812712e+001 -5.573673721141e+001
  2.383780072700e+002 -1.601774922452e+001 -5.574956650399e+001
  2.383022603181e+002 -1.603405760003e+001 -5.575933188117e+001
  2.382090173378e+002 -1.597397962450e+001 -5.579206164945e+001
  2.381982695765e+002 -1.587830971553e+001 -5.579533683701e+001
  2.381414589115e+002 -1.578062031975e+001 -5.578847175845e+001
  2.380805285874e+002 -1.567645451806e+001 -5.577844290502e+001
  2.380149717721e+002 -1.566061344010e+001 -5.576078010137e+001
  2.378208448416e+002 -1.546224695609e+001 -5.576514826140e+001
  2.377406921391e+002 -1.539214452361e+001 -5.577331348219e+001
  2.376783174303e+002 -1.544636995133e+001 -5.576728113560e+001
  2.376522476244e+002 -1.538436206999e+001 -5.576795723366e+001
  2.376170352615e+002 -1.528626832844e+001 -5.578010891450e+001
  2.375926317263e+002 -1.520865491498e+001 -5.578904524022e+001
  2.375553075745e+002 -1.507144692315e+001 -5.584131970358e+001
  2.375072202556e+002 -1.500646597461e+001 -5.586317775559e+001
  2.374552218257e+002 -1.486042357857e+001 -5.587204955877e+001
  2.374099328222e+002 -1.476569730959e+001 -5.587716169983e+001
  2.373549797777e+002 -1.470514838747e+001 -5.587371306312e+001
  2.373280972284e+002 -1.476352945664e+001 -5.585097201367e+001
  2.371081694311e+002 -1.430818287682e+001 -5.593587327668e+001
  2.367623415186e+002 -1.349871416628e+001 -5.610064905325e+001
  2.340728997367e+002 -8.283579992816e+000 -5.690181559772e+001
  2.340693581108e+002 -8.237766292167e+000 -5.688887960456e+001
  2.340241614202e+002 -8.175824548341e+000 -5.689462784745e+001
  2.337395912968e+002 -7.954535259530e+000 -5.679244365730e+001
  2.335818255502e+002 -7.835089657157e+000 -5.673884930922e+001
  2.335084562621e+002 -7.723083252856e+000 -5.674798058997e+001
  2.335136155243e+002 -7.719193567154e+000 -5.674355403540e+001
  2.335138557828e+002 -7.617811157959e+000 -5.671257041505e+001
  2.334994678083e+002 -7.544483412777e+000 -5.672398601671e+001
  2.334643248532e+002 -7.476188059363e+000 -5.673840808445e+001
  2.334441491271e+002 -7.413282228594e+000 -5.674847453187e+001
  2.334059017386e+002 -7.346468468564e+000 -5.675595174038e+001
  2.333854114736e+002 -7.294493718537e+000 -5.674216954659e+001
  2.333461379346e+002 -7.225674496313e+000 -5.675180576628e+001
