  0.000000000000e+000
  0.000000000000e+000
  0.000000000000e+000
  0.000000000000e+000
  0.000000000000e+000
  0.000000000000e+000
  0.000000000000e+000
  0.000000000000e+000
  0.000000000000e+000
  7.680000305176e+001
  7.684607156235e+001
  7.721169484017e+001
  7.765544906757e+001
  7.776505033029e+001
  7.775388886756e+001
  7.764067283475e+001
  7.759295852789e+001
  7.778393143092e+001
  7.758239181430e+001
  7.745168192221e+001
  7.738414956621e+001
  7.745449527974e+001
  7.750117056680e+001
  7.762083234324e+001
  7.755103152188e+001
  7.758966786095e+001
  7.752269220829e+001
  7.744870724582e+001
  7.757921724511e+001
  7.736827238033e+001
  7.782032706959e+001
  7.786197426794e+001
  7.813951082146e+001
  7.905737275326e+001
  7.913581120437e+001
  7.921043039557e+001
  7.892239285968e+001
  7.888835142677e+001
  7.870229314492e+001
  7.849355652434e+001
  7.809383193439e+001
  7.803313943637e+001
  7.798970375737e+001
  7.784009953638e+001
  7.778865460452e+001
  7.762150322210e+001
  7.743241934281e+001
  7.772963675936e+001
  7.886089654713e+001
  7.929999995309e+001
  8.034275973244e+001
  8.089253769329e+001
  8.182666136589e+001
  8.146060433709e+001
  8.245669159075e+001
  8.384188198069e+001
  8.430909824099e+001
  8.589953864242e+001
  8.683014081074e+001
  8.770498566145e+001
  8.795759938175e+001
  8.829515629890e+001
  8.837012045252e+001
  8.849251087737e+001
  8.860755373486e+001
  8.686165313578e+001
  8.591955990084e+001
  8.609009549291e+001
  8.679493050562e+001
  8.672064915728e+001
  8.697438761128e+001
  8.721195757535e+001
  8.773037868081e+001
  8.808254660934e+001
  8.822185874124e+001
  8.816397635569e+001
  8.817833050098e+001
  8.808902344466e+001
  8.824197296000e+001
  8.829951792917e+001
  8.823615731792e+001
  8.840631831876e+001
  8.944588090402e+001
  8.973072041510e+001
  9.002876557125e+001
  8.921776540407e+001
  8.828956247317e+001
  8.885688765022e+001
  9.080383934512e+001
  9.278137518899e+001
  9.417058567144e+001
  9.531464846681e+001
  9.565442739391e+001
  9.530687359088e+001
  9.549836019796e+001
  9.556635528615e+001
  9.565730330263e+001
  9.586472495312e+001
  9.644956437056e+001
  9.715771720661e+001
  9.716863165026e+001
  9.696580267919e+001
  9.692528202384e+001
  9.581344823292e+001
  9.547369311273e+001
  9.536337564376e+001
  9.535078472610e+001
  9.534807550403e+001
  9.544264666640e+001
  9.554483729806e+001
  9.544900631806e+001
  9.545648890117e+001
  9.558243015211e+001
  9.540757571286e+001
  9.366814521842e+001
  9.143106056396e+001
  9.047616441835e+001
  9.147638213832e+001
  9.030682160049e+001
  8.963521646766e+001
  8.967994578522e+001
  8.981423667801e+001
  9.012643001585e+001
  9.019407737647e+001
  9.007824875361e+001
  9.006832485000e+001
  9.015127124783e+001
  9.044813772352e+001
  9.062762242879e+001
  9.061872158487e+001
  9.032225283525e+001
  9.030369314964e+001
  9.021839187148e+001
  9.019401758356e+001
  9.007798563007e+001
  9.014322454427e+001
  9.008295351161e+001
  8.992948637894e+001
  9.022131258587e+001
  9.171181135803e+001
  9.398644964300e+001
  9.592150995046e+001
  9.665936363384e+001
  9.707306304210e+001
  9.777009814372e+001
  9.854814463969e+001
  9.909518202219e+001
  9.944200444228e+001
  9.950700918317e+001
  9.965417754772e+001
  9.961579889731e+001
  9.959974566398e+001
  9.964555585281e+001
  9.954238684850e+001
  9.910178482808e+001
  9.889729376938e+001
  9.885272047045e+001
  9.875521674135e+001
  9.883225820339e+001
  9.886591745754e+001
  9.888707441666e+001
  9.825273200999e+001
  9.832916228275e+001
  9.835971848102e+001
  9.815940677096e+001
