  3.3100000e+002  2.0100000e+002 -3.2066822e+001  1.0000000e+000  0.0000000e+000
  3.3650000e+002  2.0500000e+002  1.4872441e+001  1.0000000e+000  0.0000000e+000
  3.8600000e+002  2.1825000e+002 -2.1959538e+001  1.0000000e+000  0.0000000e+000
  3.5450000e+002  2.2100000e+002 -1.5070693e+001  1.0000000e+000  0.0000000e+000
  3.7850000e+002  2.2300000e+002  0.0000000e+000  1.0000000e+000  0.0000000e+000
  3.3675000e+002  2.2400000e+002 -1.3282526e+001  1.0000000e+000  0.0000000e+000
  3.4650000e+002  2.2725000e+002 -4.7311611e+000  1.0000000e+000  0.0000000e+000
  3.3125000e+002  2.2900000e+002 -1.5070693e+001  1.0000000e+000  0.0000000e+000
  2.9525000e+002  2.3650000e+002  0.0000000e+000  1.0000000e+000  0.0000000e+000
  3.7850000e+002  2.4000000e+002 -7.1613600e+000  1.0000000e+000  0.0000000e+000
  3.6250000e+002  2.4275000e+002 -4.7311611e+000  1.0000000e+000  0.0000000e+000
  3.1675000e+002  2.6200000e+002 -1.5070693e+001  1.0000000e+000  0.0000000e+000
  3.1775000e+002  2.8300000e+002 -9.4168765e+000  1.0000000e+000  0.0000000e+000
  3.2725000e+002  3.0775000e+002  2.8154966e+001  1.0000000e+000  0.0000000e+000
  3.0150000e+002  3.3500000e+002  1.3282526e+001  1.0000000e+000  0.0000000e+000
  2.8900000e+002  3.3625000e+002 -3.3690068e+001  1.0000000e+000  0.0000000e+000
  3.2325000e+002  3.4400000e+002  9.4168765e+000  1.0000000e+000  0.0000000e+000
  3.3650000e+002  3.5000000e+002 -7.1613600e+000  1.0000000e+000  0.0000000e+000
  3.5950000e+002  3.5725000e+002  0.0000000e+000  1.0000000e+000  0.0000000e+000
  3.4550000e+002  3.5950000e+002  0.0000000e+000  1.0000000e+000  0.0000000e+000
  3.7900000e+002  3.6225000e+002 -5.4645023e+001  1.0000000e+000  0.0000000e+000
  3.1925000e+002  3.6450000e+002  0.0000000e+000  1.0000000e+000  0.0000000e+000
  3.8400000e+002  3.6525000e+002 -3.7874984e+001  1.0000000e+000  0.0000000e+000
  3.7225000e+002  3.6600000e+002 -1.5070693e+001  1.0000000e+000  0.0000000e+000
  3.2975000e+002  3.7325000e+002  0.0000000e+000  1.0000000e+000  0.0000000e+000
  3.4150000e+002  3.7900000e+002 -2.6565051e+001  1.0000000e+000  0.0000000e+000
  3.7200000e+002  1.9700000e+002  0.0000000e+000  0.0000000e+000  1.0000000e+000
  3.6500000e+002  1.9800000e+002  0.0000000e+000  0.0000000e+000  1.0000000e+000
  3.6100000e+002  2.0200000e+002  0.0000000e+000  0.0000000e+000  1.0000000e+000
  3.2200000e+002  2.2600000e+002  0.0000000e+000  0.0000000e+000  1.0000000e+000
  3.2000000e+002  2.3000000e+002  0.0000000e+000  0.0000000e+000  1.0000000e+000
  3.8200000e+002  3.2800000e+002  0.0000000e+000  0.0000000e+000  1.0000000e+000
  3.8500000e+002  3.3100000e+002  0.0000000e+000  0.0000000e+000  1.0000000e+000
