  7.680000305176e+001
  7.692496488261e+001
  7.681697289496e+001
  7.663946064805e+001
  7.676528414918e+001
  7.649656502261e+001
  7.645378693146e+001
  7.621979368448e+001
  7.647109380064e+001
  7.657142812246e+001
  7.662499641141e+001
  7.671390844230e+001
  7.641159558419e+001
  7.611854727913e+001
  7.591735415018e+001
  7.580088912915e+001
  7.579839808619e+001
  7.566608545979e+001
  7.593301032894e+001
  7.584536013277e+001
  7.573807198297e+001
  7.586167232077e+001
  7.585448795132e+001
  7.672053130249e+001
  7.666220386335e+001
  7.637882316004e+001
  7.602217564615e+001
  7.525338052978e+001
  7.527013523850e+001
  7.462751324486e+001
  7.462234773333e+001
  7.463421930212e+001
  7.517403232924e+001
  7.559989822687e+001
  7.657169349314e+001
  7.719767085143e+001
  7.810276189156e+001
  7.852662959793e+001
  7.848741192059e+001
  7.821420722443e+001
  7.676833545532e+001
  7.519848877076e+001
  7.381990914739e+001
  7.212725616192e+001
  7.143225593475e+001
  7.101440926005e+001
  7.016399977848e+001
  6.984752935825e+001
  6.926728473116e+001
  6.912963961523e+001
  6.850400480750e+001
  6.789205527153e+001
  6.782945239743e+001
  6.726550745107e+001
  6.697951412395e+001
  6.784923279327e+001
  6.726318868865e+001
  6.716302107649e+001
  6.720419292707e+001
  6.732630559411e+001
  6.728034216587e+001
  6.734030794334e+001
  6.734556277915e+001
  6.698711330533e+001
  6.619654778342e+001
  6.595720322444e+001
  6.575247059469e+001
  6.510982079446e+001
  6.342612674078e+001
  6.259451006214e+001
  6.394129450372e+001
  6.473703820321e+001
  6.610786342619e+001
  6.778565001884e+001
  6.884282985840e+001
  6.880795234816e+001
  6.743437483962e+001
  6.697858294137e+001
  6.590275780525e+001
  6.515743964792e+001
  6.371278183512e+001
  6.125920683793e+001
  6.125597130627e+001
  5.991090039596e+001
  5.797790253013e+001
  5.668887210788e+001
  5.828275538618e+001
  5.848366610388e+001
  6.134144698701e+001
  6.122526106931e+001
  6.114577101861e+001
  5.998578658602e+001
  6.003382856782e+001
  6.003767883053e+001
  6.046025634456e+001
  6.060232764602e+001
  5.988148076514e+001
  5.820136234076e+001
  5.771993153053e+001
  5.950869122209e+001
  5.826603314734e+001
  5.788112846216e+001
  5.778987938412e+001
  5.780306360038e+001
  5.772028213006e+001
  5.760192752990e+001
  5.757461553804e+001
  5.745184442195e+001
  5.758929268200e+001
  5.784488230049e+001
  5.811151924294e+001
  5.866466272069e+001
  5.879118746747e+001
