  7.680000305176e+001
  7.689611296131e+001
  7.675556471005e+001
  7.657955254894e+001
  7.669530975525e+001
  7.668107608986e+001
  7.656834736598e+001
  7.663541924488e+001
  7.657663677306e+001
  7.666444084468e+001
  7.675657988455e+001
  7.678940365108e+001
  7.668740797978e+001
  7.676207712999e+001
  7.679061870320e+001
  7.658466518160e+001
  7.657957238817e+001
  7.653789428132e+001
  7.665266108126e+001
  7.658307194832e+001
  7.653008159130e+001
  7.651446731978e+001
  7.658136368591e+001
  7.670979123088e+001
  7.664888562035e+001
  7.624587863759e+001
  7.611785766597e+001
  7.611626490687e+001
  7.617762569601e+001
  7.560969442701e+001
  7.561178460903e+001
  7.582848230674e+001
  7.557546642815e+001
  7.652758752832e+001
  7.663140829056e+001
  7.724094217475e+001
  7.706029553289e+001
  7.672713455937e+001
  7.622427860060e+001
  7.586154153471e+001
  7.570215621425e+001
  7.562647047969e+001
  7.559245005530e+001
  7.660589774842e+001
  7.825422954074e+001
  8.131197245638e+001
  8.487950318339e+001
  8.859430892004e+001
  9.143629783718e+001
  9.327354589591e+001
  9.435362993153e+001
  9.483997712488e+001
  9.518762676011e+001
  9.542552215554e+001
  9.557373804477e+001
  9.578317263981e+001
  9.582931590499e+001
  9.589953016103e+001
  9.597207107264e+001
  9.607039831859e+001
  9.605101519796e+001
  9.609556186309e+001
  9.618702856491e+001
  9.622991769357e+001
  9.617001763292e+001
  9.612982350139e+001
  9.606888396876e+001
  9.541564674634e+001
  9.422713143748e+001
  9.309687549752e+001
  9.105676273298e+001
  8.948309534497e+001
  8.882065564924e+001
  8.799735261437e+001
  8.747348758672e+001
  8.757127936592e+001
  8.847636721018e+001
  8.915187615567e+001
  8.935991713424e+001
  8.927311166389e+001
  8.962361466877e+001
  9.027572490483e+001
  8.985234122049e+001
  8.939202581554e+001
  8.933950749209e+001
  8.920510946280e+001
  8.886704337343e+001
  8.859614393139e+001
  8.841250074451e+001
  8.835777391873e+001
  8.841409678148e+001
  8.848898770454e+001
  8.798438007558e+001
  8.806569099030e+001
  8.838010217199e+001
  8.829520053049e+001
  8.864417930140e+001
  8.877548812898e+001
  8.917230005855e+001
  8.928088143774e+001
  8.985313997178e+001
  9.000763683728e+001
  9.008825243984e+001
  9.022126579288e+001
  9.034306078560e+001
  9.024210016303e+001
  9.045315237124e+001
  9.066064174403e+001
  9.093525689124e+001
  9.150438801174e+001
  9.151197205388e+001
  9.159276840434e+001
  9.153781813079e+001
