  0.000000000000e+000
  0.000000000000e+000
  0.000000000000e+000
  0.000000000000e+000
  0.000000000000e+000
  0.000000000000e+000
  0.000000000000e+000
  0.000000000000e+000
  0.000000000000e+000
  7.680000305176e+001
  7.687596345887e+001
  7.684149035685e+001
  7.668407150396e+001
  7.664242948277e+001
  7.655747391027e+001
  7.651701495638e+001
  7.656927305453e+001
  7.659838323032e+001
  7.655605429459e+001
  7.647629263247e+001
  7.639555741875e+001
  7.649733789805e+001
  7.659948338549e+001
  7.674708940689e+001
  7.667732829998e+001
  7.668420288637e+001
  7.664841556055e+001
  7.670873459725e+001
  7.677766304375e+001
  7.698424610883e+001
  7.704628741297e+001
  7.665799650002e+001
  7.653384781193e+001
  7.640260396244e+001
  7.635174654423e+001
  7.660531686216e+001
  7.650273041087e+001
  7.693656365228e+001
  7.712574118439e+001
  7.712346380570e+001
  7.714476621102e+001
  7.701166067089e+001
  7.719407260712e+001
  7.682614687396e+001
  7.692278415122e+001
  7.669055665064e+001
  7.617383775915e+001
  7.627455613976e+001
  7.621576986766e+001
  7.673007904216e+001
  7.759827067974e+001
  7.699590965083e+001
  7.709001250958e+001
  7.690940645737e+001
  7.642361366405e+001
  7.564151783942e+001
  7.560371728685e+001
  7.554125904903e+001
  7.579899166174e+001
  7.666915274688e+001
  7.796737925182e+001
  7.845745936778e+001
  8.108094678213e+001
  8.589118034513e+001
  8.955013733605e+001
  8.996730572005e+001
  8.995967012732e+001
  8.913005292877e+001
  8.855963537791e+001
  8.747607503661e+001
  8.478057939767e+001
  8.125460585074e+001
  8.145851745174e+001
  8.144014496573e+001
  8.143599924225e+001
  8.141713866669e+001
  8.144936750976e+001
  8.144076001346e+001
  8.155271775723e+001
  8.151131090136e+001
  8.143003585938e+001
  8.155819819700e+001
  8.167250781721e+001
  8.189576990625e+001
  8.199788358750e+001
  8.201151607644e+001
  7.984977818716e+001
  7.923097804594e+001
  7.970290599929e+001
  7.934873287335e+001
  7.915198313829e+001
  7.931469089940e+001
  7.932625693985e+001
  7.968154935518e+001
  8.053794015487e+001
  8.102186370938e+001
  8.113802493707e+001
  8.098287948941e+001
  8.041253910663e+001
  8.030805274297e+001
  7.999951039106e+001
  7.984267678898e+001
  7.951737374359e+001
  7.915775284475e+001
  7.819464849106e+001
  7.626050583333e+001
  7.566651583349e+001
  7.464867494925e+001
  7.486042067121e+001
  7.490800035029e+001
  7.509894674498e+001
  7.604860394300e+001
  7.627849447838e+001
  7.723335553028e+001
  7.796850791122e+001
  7.809814295002e+001
  7.822053445561e+001
  7.803411475912e+001
  7.820578498204e+001
  7.822704862003e+001
  7.817960454603e+001
  7.933114275738e+001
  8.120921477723e+001
  8.240306847236e+001
  8.480418041151e+001
  8.480984104362e+001
  8.492049332044e+001
  8.491509571137e+001
  8.506123475411e+001
  8.506339283925e+001
  8.500670451574e+001
  8.495237732498e+001
  8.581733991573e+001
  8.630726328736e+001
  8.708734253990e+001
  8.758638461879e+001
  8.912767161479e+001
  8.926595840786e+001
  8.918960187831e+001
  8.945338936905e+001
  8.841050850760e+001
  8.663742847912e+001
  8.472922657788e+001
