  0.000000000000e+000
  0.000000000000e+000
  0.000000000000e+000
  0.000000000000e+000
  0.000000000000e+000
  0.000000000000e+000
  0.000000000000e+000
  0.000000000000e+000
  0.000000000000e+000
  7.680000305176e+001
  7.690343741006e+001
  7.653958020410e+001
  7.652151866266e+001
  7.665129519210e+001
  7.673177742664e+001
  7.678032446254e+001
  7.679501806387e+001
  7.681474873137e+001
  7.668695127592e+001
  7.660411355417e+001
  7.647764168361e+001
  7.635359809919e+001
  7.617411265550e+001
  7.627061104464e+001
  7.588908681997e+001
  7.592981868757e+001
  7.591263344533e+001
  7.575049532547e+001
  7.539244235297e+001
  7.498683751701e+001
  7.483466467241e+001
  7.504213477551e+001
  7.499692548325e+001
  7.505714397521e+001
  7.491133140523e+001
  7.469534906223e+001
  7.491254844408e+001
  7.470937094705e+001
  7.625766165135e+001
  7.830271563052e+001
  7.887098446355e+001
  8.073803090388e+001
  8.194681590609e+001
  8.279041245472e+001
  8.378688935453e+001
  8.557443554006e+001
  8.544675748279e+001
  8.555641218548e+001
  8.553685664883e+001
  8.574522755613e+001
  8.579849774140e+001
  8.576659159929e+001
  8.481167552935e+001
  8.317904136172e+001
  8.200964995578e+001
  8.108169345341e+001
  8.121565807516e+001
  8.130169564390e+001
  8.116467134353e+001
  8.103188022220e+001
  8.081020363167e+001
  8.038601256791e+001
  8.088287542759e+001
  8.224303868840e+001
  8.313989256214e+001
  8.386443624593e+001
  8.339020121727e+001
  8.282051571418e+001
  8.301510008284e+001
  8.311023239447e+001
  8.309198641915e+001
  8.326199736251e+001
  8.354218884371e+001
  8.363743169772e+001
  8.361454535260e+001
  8.417189227450e+001
  8.427418542519e+001
  8.429953127347e+001
  8.439323406593e+001
  8.375941107266e+001
  8.345419803785e+001
  8.157304282392e+001
  8.084835533112e+001
  8.091648341633e+001
  8.093443403951e+001
  8.089887658230e+001
  8.098475870286e+001
  8.092317651537e+001
  8.084503492571e+001
  8.090129776560e+001
  8.095093355221e+001
  8.098028477896e+001
  8.104561194417e+001
  8.014523018180e+001
  7.906523676154e+001
  7.826615092068e+001
  7.797950385975e+001
  7.620707203944e+001
  7.754076189068e+001
  7.827677647234e+001
  8.065971404732e+001
  8.228000088914e+001
  8.229111961966e+001
  8.210509142623e+001
  8.121599343480e+001
  8.052255838245e+001
  7.996040444037e+001
  7.964114257506e+001
  7.897321848944e+001
  8.060441143827e+001
  8.107800473589e+001
  8.105424753404e+001
  8.123054299480e+001
  8.228870110758e+001
  8.300185949908e+001
  8.336782838258e+001
  8.349072071934e+001
  8.321482964105e+001
  8.287934170090e+001
  8.276509324695e+001
  8.279708189232e+001
  8.235688746219e+001
  8.170219189148e+001
  8.038797033394e+001
  8.025046796513e+001
  8.094021446128e+001
  8.331341706997e+001
  8.647077471695e+001
  8.772314999466e+001
  8.794885148812e+001
  8.828932649079e+001
  8.897687396207e+001
  8.956063644482e+001
  8.817764047358e+001
  8.749760158782e+001
  8.681366365945e+001
  8.615150146861e+001
  8.594267273678e+001
  8.563068055649e+001
  8.569824872145e+001
  8.571152085224e+001
  8.609419534119e+001
  8.604472071717e+001
  8.599009360344e+001
  8.576176090872e+001
  8.564743205814e+001
  8.539950343427e+001
  8.496800559802e+001
  8.491611942007e+001
  8.500480394742e+001
  8.547725338427e+001
  8.534461470251e+001
  8.504406872912e+001
  8.471895874820e+001
  8.462557900561e+001
  8.542249879690e+001
  8.556658838787e+001
  8.531469823059e+001
  8.604425658560e+001
  8.671250950902e+001
  8.654976254837e+001
  8.636786660120e+001
  8.631685702992e+001
  8.608389967217e+001
  8.533059648212e+001
  8.458331310314e+001
  8.428963825779e+001
  8.430298145538e+001
  8.413349758800e+001
  8.416301006041e+001
  8.434119694982e+001
  8.436553996727e+001
  8.423011352332e+001
  8.424588214432e+001
  8.421449074139e+001
  8.434394499437e+001
  8.447153611956e+001
  8.465185107510e+001
  8.457478370744e+001
  8.445082166846e+001
  8.443980541755e+001
  8.482591250574e+001
  8.461529413896e+001
  8.452239089269e+001
  8.420122935730e+001
  8.388371986322e+001
  8.312499580404e+001
  8.342148070650e+001
  8.358914997296e+001
  8.287402004292e+001
  8.268045376986e+001
  8.652179034038e+001
  8.814999582769e+001
  8.815339223238e+001
  8.540599942033e+001
  8.331248476362e+001
  8.109620979309e+001
