  4.360000000000e+002  6.700000000000e+001  6.020000000000e+002  2.740000000000e+002
  4.340000000000e+002  6.800000000000e+001  6.000000000000e+002  2.765000000000e+002
  4.040000000000e+002  6.900000000000e+001  5.940000000000e+002  2.825000000000e+002
  3.940000000000e+002  6.900000000000e+001  5.920000000000e+002  2.850000000000e+002
  3.880000000000e+002  6.900000000000e+001  5.910000000000e+002  2.860000000000e+002
  3.740000000000e+002  7.000000000000e+001  5.890000000000e+002  2.880000000000e+002
  3.720000000000e+002  6.900000000000e+001  5.890000000000e+002  2.895000000000e+002
  3.640000000000e+002  7.000000000000e+001  5.890000000000e+002  2.900000000000e+002
  3.380000000000e+002  7.000000000000e+001  5.850000000000e+002  2.940000000000e+002
  3.400000000000e+002  7.000000000000e+001  5.860000000000e+002  2.940000000000e+002
  3.300000000000e+002  7.000000000000e+001  5.860000000000e+002  2.945000000000e+002
  3.240000000000e+002  7.200000000000e+001  5.850000000000e+002  2.960000000000e+002
  3.220000000000e+002  7.000000000000e+001  5.830000000000e+002  2.990000000000e+002
  2.960000000000e+002  7.000000000000e+001  5.795000000000e+002  3.030000000000e+002
  2.860000000000e+002  7.100000000000e+001  5.785000000000e+002  3.045000000000e+002
  2.660000000000e+002  7.100000000000e+001  5.775000000000e+002  3.060000000000e+002
  2.480000000000e+002  7.200000000000e+001  5.750000000000e+002  3.110000000000e+002
  2.420000000000e+002  7.200000000000e+001  5.730000000000e+002  3.120000000000e+002
  2.400000000000e+002  7.200000000000e+001  5.735000000000e+002  3.120000000000e+002
  2.260000000000e+002  7.200000000000e+001  5.730000000000e+002  3.130000000000e+002
  2.160000000000e+002  7.200000000000e+001  5.710000000000e+002  3.155000000000e+002
  1.980000000000e+002  7.200000000000e+001  5.715000000000e+002  3.170000000000e+002
  1.860000000000e+002  7.300000000000e+001  5.690000000000e+002  3.195000000000e+002
  1.760000000000e+002  7.300000000000e+001  5.690000000000e+002  3.195000000000e+002
  1.640000000000e+002  7.300000000000e+001  5.680000000000e+002  3.230000000000e+002
  1.380000000000e+002  7.400000000000e+001  5.670000000000e+002  3.245000000000e+002
  1.200000000000e+002  7.400000000000e+001  5.650000000000e+002  3.290000000000e+002
  1.020000000000e+002  7.500000000000e+001  5.655000000000e+002  3.285000000000e+002
  8.400000000000e+001  7.400000000000e+001  5.630000000000e+002  3.330000000000e+002
  7.200000000000e+001  7.600000000000e+001  5.640000000000e+002  3.315000000000e+002
  5.600000000000e+001  7.600000000000e+001  5.620000000000e+002  3.365000000000e+002
  4.000000000000e+001  7.600000000000e+001  5.615000000000e+002  3.370000000000e+002
  3.600000000000e+001  7.600000000000e+001  5.625000000000e+002  3.350000000000e+002
  2.400000000000e+001  6.900000000000e+001  5.620000000000e+002  3.360000000000e+002
  6.000000000000e+000  5.600000000000e+001  5.620000000000e+002  3.350000000000e+002
  1.000000000000e+000  5.600000000000e+001  5.615000000000e+002  3.365000000000e+002
  1.000000000000e+000  5.600000000000e+001  5.615000000000e+002  3.365000000000e+002
  1.000000000000e+000  5.600000000000e+001  5.615000000000e+002  3.365000000000e+002
  1.000000000000e+000  5.400000000000e+001  5.610000000000e+002  3.410000000000e+002
  1.000000000000e+000  5.600000000000e+001  5.600000000000e+002  3.415000000000e+002
  1.000000000000e+000  5.400000000000e+001  5.620000000000e+002  3.350000000000e+002
 -1.000000000000e+000 -1.000000000000e+000 -1.000000000000e+000 -1.000000000000e+000
 -1.000000000000e+000 -1.000000000000e+000 -1.000000000000e+000 -1.000000000000e+000
 -1.000000000000e+000 -1.000000000000e+000 -1.000000000000e+000 -1.000000000000e+000
 -1.000000000000e+000 -1.000000000000e+000 -1.000000000000e+000 -1.000000000000e+000
  5.080000000000e+002  6.600000000000e+001  6.260000000000e+002  2.680000000000e+002
  5.020000000000e+002  6.600000000000e+001  6.260000000000e+002  2.680000000000e+002
  4.840000000000e+002  6.700000000000e+001  6.210000000000e+002  2.740000000000e+002
  4.660000000000e+002  6.700000000000e+001  6.170000000000e+002  2.765000000000e+002
  4.580000000000e+002  6.600000000000e+001  6.170000000000e+002  2.790000000000e+002
  4.360000000000e+002  6.800000000000e+001  6.105000000000e+002  2.820000000000e+002
  4.160000000000e+002  6.800000000000e+001  6.080000000000e+002  2.870000000000e+002
  4.040000000000e+002  6.800000000000e+001  6.070000000000e+002  2.890000000000e+002
  3.840000000000e+002  6.800000000000e+001  6.020000000000e+002  2.940000000000e+002
  3.660000000000e+002  6.900000000000e+001  6.000000000000e+002  2.970000000000e+002
  3.460000000000e+002  6.900000000000e+001  5.970000000000e+002  2.995000000000e+002
  3.420000000000e+002  7.000000000000e+001  5.970000000000e+002  3.005000000000e+002
  3.320000000000e+002  7.000000000000e+001  5.955000000000e+002  3.010000000000e+002
  3.300000000000e+002  7.000000000000e+001  5.950000000000e+002  3.015000000000e+002
  3.080000000000e+002  7.000000000000e+001  5.935000000000e+002  3.040000000000e+002
  2.840000000000e+002  7.000000000000e+001  5.930000000000e+002  3.060000000000e+002
  2.780000000000e+002  7.100000000000e+001  5.895000000000e+002  3.085000000000e+002
  2.660000000000e+002  7.200000000000e+001  5.900000000000e+002  3.095000000000e+002
  2.400000000000e+002  7.200000000000e+001  5.875000000000e+002  3.130000000000e+002
  2.320000000000e+002  7.200000000000e+001  5.870000000000e+002  3.140000000000e+002
  2.190000000000e+002  7.300000000000e+001  5.870000000000e+002  3.160000000000e+002
  2.140000000000e+002  7.300000000000e+001  5.865000000000e+002  3.155000000000e+002
  1.880000000000e+002  7.400000000000e+001  5.850000000000e+002  3.175000000000e+002
  1.720000000000e+002  7.400000000000e+001  5.830000000000e+002  3.215000000000e+002
  1.480000000000e+002  7.400000000000e+001  5.830000000000e+002  3.220000000000e+002
  1.360000000000e+002  7.400000000000e+001  5.795000000000e+002  3.275000000000e+002
  1.120000000000e+002  7.500000000000e+001  5.810000000000e+002  3.250000000000e+002
  1.010000000000e+002  7.500000000000e+001  5.790000000000e+002  3.310000000000e+002
  9.600000000000e+001  7.500000000000e+001  5.800000000000e+002  3.275000000000e+002
  9.000000000000e+001  7.500000000000e+001  5.790000000000e+002  3.290000000000e+002
  7.400000000000e+001  7.600000000000e+001  5.790000000000e+002  3.295000000000e+002
  6.600000000000e+001  7.600000000000e+001  5.790000000000e+002  3.300000000000e+002
  4.600000000000e+001  7.600000000000e+001  5.775000000000e+002  3.320000000000e+002
  3.600000000000e+001  7.600000000000e+001  5.775000000000e+002  3.325000000000e+002
  2.400000000000e+001  7.400000000000e+001  5.790000000000e+002  3.300000000000e+002
  2.000000000000e+001  6.800000000000e+001  5.775000000000e+002  3.315000000000e+002
  1.800000000000e+001  6.800000000000e+001  5.790000000000e+002  3.295000000000e+002
  6.000000000000e+000  5.800000000000e+001  5.790000000000e+002  3.300000000000e+002
  1.000000000000e+000  5.500000000000e+001  5.780000000000e+002  3.305000000000e+002
  1.000000000000e+000  5.600000000000e+001  5.770000000000e+002  3.310000000000e+002
  1.000000000000e+000  5.600000000000e+001  5.770000000000e+002  3.320000000000e+002
  1.000000000000e+000  5.500000000000e+001  5.770000000000e+002  3.315000000000e+002
  1.000000000000e+000  5.700000000000e+001  5.770000000000e+002  3.325000000000e+002
  1.000000000000e+000  5.700000000000e+001  5.770000000000e+002  3.310000000000e+002
 -1.000000000000e+000 -1.000000000000e+000 -1.000000000000e+000 -1.000000000000e+000
 -1.000000000000e+000 -1.000000000000e+000 -1.000000000000e+000 -1.000000000000e+000
 -1.000000000000e+000 -1.000000000000e+000 -1.000000000000e+000 -1.000000000000e+000
 -1.000000000000e+000 -1.000000000000e+000 -1.000000000000e+000 -1.000000000000e+000
  5.210000000000e+002  8.200000000000e+001  6.235000000000e+002  2.690000000000e+002
  5.120000000000e+002  6.800000000000e+001  6.235000000000e+002  2.690000000000e+002
  5.060000000000e+002  6.600000000000e+001  6.230000000000e+002  2.700000000000e+002
  4.820000000000e+002  6.600000000000e+001  6.175000000000e+002  2.750000000000e+002
  4.760000000000e+002  6.500000000000e+001  6.160000000000e+002  2.765000000000e+002
  4.600000000000e+002  6.700000000000e+001  6.120000000000e+002  2.810000000000e+002
  4.460000000000e+002  6.600000000000e+001  6.090000000000e+002  2.840000000000e+002
  4.280000000000e+002  6.600000000000e+001  6.060000000000e+002  2.870000000000e+002
  4.080000000000e+002  6.800000000000e+001  6.020000000000e+002  2.920000000000e+002
  3.860000000000e+002  6.800000000000e+001  5.995000000000e+002  2.960000000000e+002
  3.740000000000e+002  6.800000000000e+001  5.975000000000e+002  2.980000000000e+002
  3.700000000000e+002  6.900000000000e+001  5.965000000000e+002  2.980000000000e+002
  3.460000000000e+002  7.000000000000e+001  5.950000000000e+002  3.020000000000e+002
  3.080000000000e+002  7.000000000000e+001  5.900000000000e+002  3.090000000000e+002
  2.960000000000e+002  6.900000000000e+001  5.895000000000e+002  3.100000000000e+002
  2.900000000000e+002  6.900000000000e+001  5.880000000000e+002  3.105000000000e+002
  2.840000000000e+002  7.000000000000e+001  5.880000000000e+002  3.120000000000e+002
  2.520000000000e+002  7.100000000000e+001  5.860000000000e+002  3.145000000000e+002
  2.420000000000e+002  7.200000000000e+001  5.850000000000e+002  3.165000000000e+002
  2.320000000000e+002  7.200000000000e+001  5.840000000000e+002  3.175000000000e+002
  2.190000000000e+002  7.200000000000e+001  5.840000000000e+002  3.180000000000e+002
  2.060000000000e+002  7.200000000000e+001  5.830000000000e+002  3.200000000000e+002
  1.920000000000e+002  7.200000000000e+001  5.820000000000e+002  3.215000000000e+002
  1.780000000000e+002  7.200000000000e+001  5.820000000000e+002  3.225000000000e+002
  1.600000000000e+002  7.200000000000e+001  5.800000000000e+002  3.240000000000e+002
  1.480000000000e+002  7.200000000000e+001  5.800000000000e+002  3.245000000000e+002
  1.420000000000e+002  7.200000000000e+001  5.800000000000e+002  3.245000000000e+002
  1.300000000000e+002  7.200000000000e+001  5.800000000000e+002  3.260000000000e+002
  1.200000000000e+002  7.200000000000e+001  5.800000000000e+002  3.260000000000e+002
  1.040000000000e+002  7.500000000000e+001  5.790000000000e+002  3.265000000000e+002
  8.600000000000e+001  7.500000000000e+001  5.780000000000e+002  3.280000000000e+002
  6.800000000000e+001  7.500000000000e+001  5.780000000000e+002  3.290000000000e+002
  5.600000000000e+001  7.500000000000e+001  5.750000000000e+002  3.315000000000e+002
  4.800000000000e+001  7.600000000000e+001  5.775000000000e+002  3.300000000000e+002
  3.600000000000e+001  7.500000000000e+001  5.765000000000e+002  3.310000000000e+002
  2.000000000000e+001  7.100000000000e+001  5.760000000000e+002  3.320000000000e+002
  6.000000000000e+000  5.800000000000e+001  5.750000000000e+002  3.320000000000e+002
  1.000000000000e+000  5.700000000000e+001  5.760000000000e+002  3.330000000000e+002
  1.000000000000e+000  5.700000000000e+001  5.760000000000e+002  3.335000000000e+002
  1.000000000000e+000  5.600000000000e+001  5.760000000000e+002  3.335000000000e+002
  1.000000000000e+000  5.700000000000e+001  5.760000000000e+002  3.340000000000e+002
 -1.000000000000e+000 -1.000000000000e+000 -1.000000000000e+000 -1.000000000000e+000
 -1.000000000000e+000 -1.000000000000e+000 -1.000000000000e+000 -1.000000000000e+000
 -1.000000000000e+000 -1.000000000000e+000 -1.000000000000e+000 -1.000000000000e+000
 -1.000000000000e+000 -1.000000000000e+000 -1.000000000000e+000 -1.000000000000e+000
  4.980000000000e+002  6.500000000000e+001  6.290000000000e+002  2.820000000000e+002
  4.820000000000e+002  6.700000000000e+001  6.250000000000e+002  2.860000000000e+002
  4.780000000000e+002  6.600000000000e+001  6.245000000000e+002  2.870000000000e+002
  4.580000000000e+002  6.700000000000e+001  6.210000000000e+002  2.905000000000e+002
  4.400000000000e+002  6.700000000000e+001  6.175000000000e+002  2.940000000000e+002
  4.380000000000e+002  6.700000000000e+001  6.170000000000e+002  2.940000000000e+002
  4.280000000000e+002  6.700000000000e+001  6.155000000000e+002  2.965000000000e+002
  4.120000000000e+002  6.800000000000e+001  6.125000000000e+002  3.000000000000e+002
  4.080000000000e+002  6.800000000000e+001  6.120000000000e+002  3.000000000000e+002
  4.040000000000e+002  6.800000000000e+001  6.115000000000e+002  3.000000000000e+002
  4.000000000000e+002  6.800000000000e+001  6.110000000000e+002  3.020000000000e+002
  4.000000000000e+002  6.800000000000e+001  6.110000000000e+002  3.020000000000e+002
  3.700000000000e+002  6.900000000000e+001  6.060000000000e+002  3.080000000000e+002
  3.540000000000e+002  7.000000000000e+001  6.040000000000e+002  3.105000000000e+002
  3.320000000000e+002  7.100000000000e+001  6.015000000000e+002  3.130000000000e+002
  3.240000000000e+002  7.200000000000e+001  6.015000000000e+002  3.135000000000e+002
  3.200000000000e+002  7.200000000000e+001  6.015000000000e+002  3.140000000000e+002
  3.160000000000e+002  7.200000000000e+001  6.010000000000e+002  3.140000000000e+002
  2.860000000000e+002  7.100000000000e+001  5.980000000000e+002  3.190000000000e+002
  2.760000000000e+002  7.100000000000e+001  5.970000000000e+002  3.195000000000e+002
  2.660000000000e+002  7.000000000000e+001  5.960000000000e+002  3.205000000000e+002
  2.440000000000e+002  7.200000000000e+001  5.935000000000e+002  3.240000000000e+002
  2.340000000000e+002  7.200000000000e+001  5.950000000000e+002  3.235000000000e+002
  2.260000000000e+002  7.200000000000e+001  5.930000000000e+002  3.255000000000e+002
  2.000000000000e+002  7.200000000000e+001  5.930000000000e+002  3.260000000000e+002
  1.900000000000e+002  7.300000000000e+001  5.915000000000e+002  3.290000000000e+002
  1.680000000000e+002  7.300000000000e+001  5.905000000000e+002  3.310000000000e+002
  1.440000000000e+002  7.400000000000e+001  5.890000000000e+002  3.330000000000e+002
  1.360000000000e+002  7.300000000000e+001  5.880000000000e+002  3.350000000000e+002
  1.220000000000e+002  7.300000000000e+001  5.890000000000e+002  3.340000000000e+002
  1.000000000000e+002  7.400000000000e+001  5.850000000000e+002  3.400000000000e+002
  9.200000000000e+001  7.500000000000e+001  5.870000000000e+002  3.370000000000e+002
  8.000000000000e+001  7.500000000000e+001  5.855000000000e+002  3.390000000000e+002
  7.400000000000e+001  7.500000000000e+001  5.855000000000e+002  3.390000000000e+002
  6.200000000000e+001  7.500000000000e+001  5.855000000000e+002  3.400000000000e+002
  4.400000000000e+001  7.500000000000e+001  5.855000000000e+002  3.410000000000e+002
  3.400000000000e+001  7.500000000000e+001  5.850000000000e+002  3.400000000000e+002
  2.400000000000e+001  7.200000000000e+001  5.840000000000e+002  3.405000000000e+002
  8.000000000000e+000  5.700000000000e+001  5.850000000000e+002  3.400000000000e+002
  4.000000000000e+000  5.800000000000e+001  5.850000000000e+002  3.400000000000e+002
  1.000000000000e+000  5.600000000000e+001  5.850000000000e+002  3.400000000000e+002
  1.000000000000e+000  5.600000000000e+001  5.850000000000e+002  3.400000000000e+002
  1.000000000000e+000  5.600000000000e+001  5.850000000000e+002  3.400000000000e+002
  1.000000000000e+000  5.700000000000e+001  5.850000000000e+002  3.390000000000e+002
  1.000000000000e+000  5.600000000000e+001  5.840000000000e+002  3.405000000000e+002
 -1.000000000000e+000 -1.000000000000e+000 -1.000000000000e+000 -1.000000000000e+000
 -1.000000000000e+000 -1.000000000000e+000 -1.000000000000e+000 -1.000000000000e+000
 -1.000000000000e+000 -1.000000000000e+000 -1.000000000000e+000 -1.000000000000e+000
 -1.000000000000e+000 -1.000000000000e+000 -1.000000000000e+000 -1.000000000000e+000
  5.180000000000e+002  6.600000000000e+001  6.270000000000e+002  2.675000000000e+002
  5.160000000000e+002  6.600000000000e+001  6.270000000000e+002  2.675000000000e+002
  5.120000000000e+002  6.600000000000e+001  6.230000000000e+002  2.700000000000e+002
  4.740000000000e+002  6.700000000000e+001  6.160000000000e+002  2.780000000000e+002
  4.600000000000e+002  6.600000000000e+001  6.135000000000e+002  2.810000000000e+002
  4.540000000000e+002  6.600000000000e+001  6.110000000000e+002  2.830000000000e+002
  4.500000000000e+002  6.500000000000e+001  6.115000000000e+002  2.830000000000e+002
  4.460000000000e+002  6.500000000000e+001  6.105000000000e+002  2.840000000000e+002
  4.360000000000e+002  6.500000000000e+001  6.095000000000e+002  2.850000000000e+002
  4.360000000000e+002  6.500000000000e+001  6.085000000000e+002  2.855000000000e+002
  4.220000000000e+002  6.700000000000e+001  6.070000000000e+002  2.870000000000e+002
  4.020000000000e+002  6.800000000000e+001  6.025000000000e+002  2.930000000000e+002
  3.960000000000e+002  6.700000000000e+001  6.025000000000e+002  2.930000000000e+002
  3.900000000000e+002  6.700000000000e+001  6.020000000000e+002  2.940000000000e+002
  3.820000000000e+002  6.800000000000e+001  6.005000000000e+002  2.960000000000e+002
  3.760000000000e+002  6.800000000000e+001  5.995000000000e+002  2.950000000000e+002
  3.700000000000e+002  6.900000000000e+001  5.980000000000e+002  2.980000000000e+002
  3.520000000000e+002  6.900000000000e+001  5.960000000000e+002  3.015000000000e+002
  3.480000000000e+002  7.000000000000e+001  5.945000000000e+002  3.020000000000e+002
  3.400000000000e+002  6.900000000000e+001  5.940000000000e+002  3.020000000000e+002
  3.340000000000e+002  6.900000000000e+001  5.930000000000e+002  3.040000000000e+002
  3.160000000000e+002  7.000000000000e+001  5.920000000000e+002  3.060000000000e+002
  3.040000000000e+002  7.000000000000e+001  5.900000000000e+002  3.080000000000e+002
  2.980000000000e+002  7.000000000000e+001  5.900000000000e+002  3.090000000000e+002
  2.780000000000e+002  7.100000000000e+001  5.880000000000e+002  3.120000000000e+002
  2.720000000000e+002  7.100000000000e+001  5.880000000000e+002  3.120000000000e+002
  2.600000000000e+002  7.100000000000e+001  5.860000000000e+002  3.150000000000e+002
  2.460000000000e+002  7.100000000000e+001  5.860000000000e+002  3.155000000000e+002
  2.380000000000e+002  7.100000000000e+001  5.855000000000e+002  3.180000000000e+002
  2.320000000000e+002  7.100000000000e+001  5.860000000000e+002  3.165000000000e+002
  2.080000000000e+002  7.200000000000e+001  5.830000000000e+002  3.215000000000e+002
  1.980000000000e+002  7.200000000000e+001  5.830000000000e+002  3.215000000000e+002
  1.820000000000e+002  7.300000000000e+001  5.815000000000e+002  3.240000000000e+002
  1.680000000000e+002  7.300000000000e+001  5.810000000000e+002  3.255000000000e+002
  1.580000000000e+002  7.400000000000e+001  5.800000000000e+002  3.270000000000e+002
  1.460000000000e+002  7.400000000000e+001  5.800000000000e+002  3.280000000000e+002
  1.320000000000e+002  7.400000000000e+001  5.785000000000e+002  3.295000000000e+002
  1.200000000000e+002  7.400000000000e+001  5.775000000000e+002  3.315000000000e+002
  1.140000000000e+002  7.400000000000e+001  5.780000000000e+002  3.300000000000e+002
  9.600000000000e+001  7.400000000000e+001  5.770000000000e+002  3.330000000000e+002
  7.800000000000e+001  7.500000000000e+001  5.760000000000e+002  3.360000000000e+002
  7.200000000000e+001  7.600000000000e+001  5.755000000000e+002  3.360000000000e+002
  5.000000000000e+001  7.500000000000e+001  5.760000000000e+002  3.360000000000e+002
  3.800000000000e+001  7.500000000000e+001  5.740000000000e+002  3.400000000000e+002
  2.800000000000e+001  7.400000000000e+001  5.750000000000e+002  3.380000000000e+002
  1.800000000000e+001  6.900000000000e+001  5.740000000000e+002  3.395000000000e+002
  1.000000000000e+000  5.600000000000e+001  5.740000000000e+002  3.400000000000e+002
  1.000000000000e+000  5.600000000000e+001  5.740000000000e+002  3.395000000000e+002
  1.000000000000e+000  5.600000000000e+001  5.740000000000e+002  3.395000000000e+002
  1.000000000000e+000  5.600000000000e+001  5.740000000000e+002  3.395000000000e+002
  1.000000000000e+000  5.600000000000e+001  5.740000000000e+002  3.390000000000e+002
  1.000000000000e+000  5.600000000000e+001  5.740000000000e+002  3.390000000000e+002
  1.000000000000e+000  5.600000000000e+001  5.740000000000e+002  3.395000000000e+002
  1.000000000000e+000  5.600000000000e+001  5.740000000000e+002  3.380000000000e+002
  1.000000000000e+000  5.600000000000e+001  5.740000000000e+002  3.395000000000e+002
  1.000000000000e+000  5.600000000000e+001  5.740000000000e+002  3.395000000000e+002
  1.000000000000e+000  5.600000000000e+001  5.740000000000e+002  3.380000000000e+002
  1.000000000000e+000  5.600000000000e+001  5.740000000000e+002  3.380000000000e+002
  1.000000000000e+000  5.600000000000e+001  5.740000000000e+002  3.375000000000e+002
  1.000000000000e+000  5.600000000000e+001  5.720000000000e+002  3.375000000000e+002
  1.000000000000e+000  5.600000000000e+001  5.670000000000e+002  3.435000000000e+002
 -1.000000000000e+000 -1.000000000000e+000 -1.000000000000e+000 -1.000000000000e+000
 -1.000000000000e+000 -1.000000000000e+000 -1.000000000000e+000 -1.000000000000e+000
 -1.000000000000e+000 -1.000000000000e+000 -1.000000000000e+000 -1.000000000000e+000
 -1.000000000000e+000 -1.000000000000e+000 -1.000000000000e+000 -1.000000000000e+000
  4.940000000000e+002  6.600000000000e+001  6.250000000000e+002  2.765000000000e+002
  4.740000000000e+002  6.700000000000e+001  6.215000000000e+002  2.820000000000e+002
  4.520000000000e+002  6.700000000000e+001  6.175000000000e+002  2.860000000000e+002
  4.380000000000e+002  6.700000000000e+001  6.150000000000e+002  2.885000000000e+002
  4.240000000000e+002  6.700000000000e+001  6.130000000000e+002  2.915000000000e+002
  4.020000000000e+002  6.800000000000e+001  6.080000000000e+002  2.970000000000e+002
  3.860000000000e+002  6.800000000000e+001  6.060000000000e+002  3.000000000000e+002
  3.620000000000e+002  6.900000000000e+001  6.035000000000e+002  3.040000000000e+002
  3.520000000000e+002  6.900000000000e+001  6.010000000000e+002  3.060000000000e+002
  3.200000000000e+002  7.000000000000e+001  5.970000000000e+002  3.120000000000e+002
  3.000000000000e+002  7.000000000000e+001  5.955000000000e+002  3.140000000000e+002
  2.860000000000e+002  7.500000000000e+001  5.940000000000e+002  3.170000000000e+002
  2.670000000000e+002  7.200000000000e+001  5.930000000000e+002  3.195000000000e+002
  2.440000000000e+002  7.200000000000e+001  5.910000000000e+002  3.240000000000e+002
  2.400000000000e+002  7.200000000000e+001  5.910000000000e+002  3.220000000000e+002
  2.280000000000e+002  7.200000000000e+001  5.890000000000e+002  3.240000000000e+002
  2.000000000000e+002  7.200000000000e+001  5.890000000000e+002  3.260000000000e+002
  1.800000000000e+002  7.300000000000e+001  5.855000000000e+002  3.310000000000e+002
  1.520000000000e+002  7.300000000000e+001  5.850000000000e+002  3.315000000000e+002
  1.460000000000e+002  7.400000000000e+001  5.835000000000e+002  3.340000000000e+002
  1.360000000000e+002  7.400000000000e+001  5.850000000000e+002  3.325000000000e+002
  1.260000000000e+002  7.400000000000e+001  5.830000000000e+002  3.345000000000e+002
  1.140000000000e+002  7.400000000000e+001  5.825000000000e+002  3.350000000000e+002
  9.600000000000e+001  7.500000000000e+001  5.830000000000e+002  3.345000000000e+002
  5.800000000000e+001  7.500000000000e+001  5.805000000000e+002  3.390000000000e+002
  4.000000000000e+001  7.600000000000e+001  5.790000000000e+002  3.420000000000e+002
  1.000000000000e+000  7.600000000000e+001  5.810000000000e+002  3.380000000000e+002
  1.600000000000e+001  6.600000000000e+001  5.790000000000e+002  3.415000000000e+002
  1.000000000000e+001  6.000000000000e+001  5.800000000000e+002  3.385000000000e+002
  1.000000000000e+000  5.700000000000e+001  5.790000000000e+002  3.400000000000e+002
  1.000000000000e+000  5.600000000000e+001  5.790000000000e+002  3.400000000000e+002
  1.000000000000e+000  5.700000000000e+001  5.790000000000e+002  3.400000000000e+002
  1.000000000000e+000  5.600000000000e+001  5.790000000000e+002  3.400000000000e+002
 -1.000000000000e+000 -1.000000000000e+000 -1.000000000000e+000 -1.000000000000e+000
 -1.000000000000e+000 -1.000000000000e+000 -1.000000000000e+000 -1.000000000000e+000
 -1.000000000000e+000 -1.000000000000e+000 -1.000000000000e+000 -1.000000000000e+000
 -1.000000000000e+000 -1.000000000000e+000 -1.000000000000e+000 -1.000000000000e+000
  5.260000000000e+002  7.800000000000e+001  6.310000000000e+002  2.735000000000e+002
  5.160000000000e+002  6.600000000000e+001  6.305000000000e+002  2.735000000000e+002
  5.140000000000e+002  6.600000000000e+001  6.305000000000e+002  2.735000000000e+002
  5.100000000000e+002  6.600000000000e+001  6.285000000000e+002  2.750000000000e+002
  4.820000000000e+002  6.700000000000e+001  6.230000000000e+002  2.810000000000e+002
  4.740000000000e+002  6.700000000000e+001  6.210000000000e+002  2.825000000000e+002
  4.500000000000e+002  6.700000000000e+001  6.160000000000e+002  2.885000000000e+002
  4.320000000000e+002  6.800000000000e+001  6.120000000000e+002  2.915000000000e+002
  4.100000000000e+002  6.800000000000e+001  6.085000000000e+002  2.970000000000e+002
  3.940000000000e+002  6.800000000000e+001  6.060000000000e+002  2.990000000000e+002
  3.740000000000e+002  6.900000000000e+001  6.025000000000e+002  3.045000000000e+002
  3.700000000000e+002  6.900000000000e+001  6.020000000000e+002  3.050000000000e+002
  3.560000000000e+002  7.000000000000e+001  6.020000000000e+002  3.060000000000e+002
  3.460000000000e+002  6.800000000000e+001  6.010000000000e+002  3.060000000000e+002
  3.280000000000e+002  7.000000000000e+001  5.980000000000e+002  3.100000000000e+002
  3.020000000000e+002  7.000000000000e+001  5.960000000000e+002  3.140000000000e+002
  2.820000000000e+002  7.000000000000e+001  5.935000000000e+002  3.175000000000e+002
  2.600000000000e+002  7.200000000000e+001  5.920000000000e+002  3.205000000000e+002
  2.420000000000e+002  7.200000000000e+001  5.900000000000e+002  3.220000000000e+002
  2.260000000000e+002  7.200000000000e+001  5.880000000000e+002  3.260000000000e+002
  2.040000000000e+002  7.200000000000e+001  5.880000000000e+002  3.260000000000e+002
  1.920000000000e+002  7.400000000000e+001  5.860000000000e+002  3.305000000000e+002
  1.780000000000e+002  7.400000000000e+001  5.860000000000e+002  3.310000000000e+002
  1.660000000000e+002  7.400000000000e+001  5.855000000000e+002  3.320000000000e+002
  1.440000000000e+002  7.400000000000e+001  5.840000000000e+002  3.340000000000e+002
  1.300000000000e+002  7.400000000000e+001  5.840000000000e+002  3.360000000000e+002
  1.180000000000e+002  7.400000000000e+001  5.835000000000e+002  3.375000000000e+002
  1.120000000000e+002  7.400000000000e+001  5.830000000000e+002  3.370000000000e+002
  8.900000000000e+001  7.400000000000e+001  5.835000000000e+002  3.360000000000e+002
  7.400000000000e+001  7.600000000000e+001  5.815000000000e+002  3.420000000000e+002
  6.800000000000e+001  7.600000000000e+001  5.820000000000e+002  3.385000000000e+002
  5.200000000000e+001  7.600000000000e+001  5.820000000000e+002  3.395000000000e+002
  3.800000000000e+001  7.600000000000e+001  5.800000000000e+002  3.430000000000e+002
  3.000000000000e+001  7.300000000000e+001  5.815000000000e+002  3.410000000000e+002
  1.800000000000e+001  6.300000000000e+001  5.800000000000e+002  3.420000000000e+002
  6.000000000000e+000  6.100000000000e+001  5.815000000000e+002  3.415000000000e+002
  1.000000000000e+000  5.500000000000e+001  5.815000000000e+002  3.415000000000e+002
  1.000000000000e+000  5.700000000000e+001  5.815000000000e+002  3.420000000000e+002
  1.000000000000e+000  5.700000000000e+001  5.815000000000e+002  3.415000000000e+002
  1.000000000000e+000  5.700000000000e+001  5.815000000000e+002  3.420000000000e+002
  1.000000000000e+000  5.500000000000e+001  5.800000000000e+002  3.430000000000e+002
  1.000000000000e+000  5.600000000000e+001  5.815000000000e+002  3.415000000000e+002
  1.000000000000e+000  5.700000000000e+001  5.815000000000e+002  3.410000000000e+002
  1.000000000000e+000  5.600000000000e+001  5.800000000000e+002  3.395000000000e+002
  1.000000000000e+000  5.700000000000e+001  5.775000000000e+002  3.400000000000e+002
  1.000000000000e+000  5.600000000000e+001  5.730000000000e+002  3.450000000000e+002
  1.000000000000e+000  5.600000000000e+001  5.695000000000e+002  3.505000000000e+002
  1.000000000000e+000  5.600000000000e+001  5.680000000000e+002  3.535000000000e+002
  1.000000000000e+000  5.600000000000e+001  5.675000000000e+002  3.535000000000e+002
 -1.000000000000e+000 -1.000000000000e+000 -1.000000000000e+000 -1.000000000000e+000
 -1.000000000000e+000 -1.000000000000e+000 -1.000000000000e+000 -1.000000000000e+000
 -1.000000000000e+000 -1.000000000000e+000 -1.000000000000e+000 -1.000000000000e+000
 -1.000000000000e+000 -1.000000000000e+000 -1.000000000000e+000 -1.000000000000e+000
  5.060000000000e+002  6.600000000000e+001  6.280000000000e+002  2.700000000000e+002
  5.040000000000e+002  6.600000000000e+001  6.280000000000e+002  2.700000000000e+002
  4.840000000000e+002  6.500000000000e+001  6.250000000000e+002  2.735000000000e+002
  4.740000000000e+002  6.500000000000e+001  6.220000000000e+002  2.755000000000e+002
  4.640000000000e+002  6.500000000000e+001  6.200000000000e+002  2.775000000000e+002
  4.520000000000e+002  6.600000000000e+001  6.160000000000e+002  2.810000000000e+002
  4.420000000000e+002  6.600000000000e+001  6.150000000000e+002  2.820000000000e+002
  4.380000000000e+002  6.600000000000e+001  6.140000000000e+002  2.830000000000e+002
  4.300000000000e+002  6.600000000000e+001  6.130000000000e+002  2.850000000000e+002
  4.280000000000e+002  6.700000000000e+001  6.110000000000e+002  2.850000000000e+002
  4.220000000000e+002  6.700000000000e+001  6.110000000000e+002  2.860000000000e+002
  4.160000000000e+002  6.700000000000e+001  6.090000000000e+002  2.870000000000e+002
  4.060000000000e+002  6.700000000000e+001  6.090000000000e+002  2.885000000000e+002
  3.920000000000e+002  6.800000000000e+001  6.070000000000e+002  2.900000000000e+002
  3.740000000000e+002  6.900000000000e+001  6.040000000000e+002  2.945000000000e+002
  3.620000000000e+002  6.900000000000e+001  6.025000000000e+002  2.970000000000e+002
  3.480000000000e+002  6.900000000000e+001  5.985000000000e+002  2.995000000000e+002
  3.380000000000e+002  7.000000000000e+001  5.980000000000e+002  3.020000000000e+002
  3.160000000000e+002  7.000000000000e+001  5.960000000000e+002  3.040000000000e+002
  2.920000000000e+002  7.100000000000e+001  5.940000000000e+002  3.080000000000e+002
  2.880000000000e+002  7.200000000000e+001  5.930000000000e+002  3.080000000000e+002
  2.720000000000e+002  7.100000000000e+001  5.910000000000e+002  3.105000000000e+002
  2.640000000000e+002  7.200000000000e+001  5.900000000000e+002  3.120000000000e+002
  2.580000000000e+002  7.200000000000e+001  5.905000000000e+002  3.135000000000e+002
  2.520000000000e+002  7.200000000000e+001  5.900000000000e+002  3.135000000000e+002
  2.480000000000e+002  7.200000000000e+001  5.900000000000e+002  3.135000000000e+002
  2.460000000000e+002  7.200000000000e+001  5.900000000000e+002  3.135000000000e+002
  2.440000000000e+002  7.200000000000e+001  5.900000000000e+002  3.135000000000e+002
  2.420000000000e+002  7.200000000000e+001  5.900000000000e+002  3.135000000000e+002
  2.360000000000e+002  7.200000000000e+001  5.895000000000e+002  3.135000000000e+002
  2.220000000000e+002  7.200000000000e+001  5.885000000000e+002  3.145000000000e+002
  2.140000000000e+002  7.300000000000e+001  5.885000000000e+002  3.160000000000e+002
  2.120000000000e+002  7.300000000000e+001  5.890000000000e+002  3.160000000000e+002
  2.080000000000e+002  7.400000000000e+001  5.870000000000e+002  3.170000000000e+002
  1.960000000000e+002  7.300000000000e+001  5.870000000000e+002  3.165000000000e+002
  1.880000000000e+002  7.400000000000e+001  5.860000000000e+002  3.185000000000e+002
  1.840000000000e+002  7.300000000000e+001  5.870000000000e+002  3.180000000000e+002
  1.760000000000e+002  7.400000000000e+001  5.865000000000e+002  3.200000000000e+002
  1.700000000000e+002  7.400000000000e+001  5.860000000000e+002  3.200000000000e+002
  1.670000000000e+002  7.400000000000e+001  5.860000000000e+002  3.200000000000e+002
  1.600000000000e+002  7.400000000000e+001  5.850000000000e+002  3.205000000000e+002
  1.600000000000e+002  7.400000000000e+001  5.860000000000e+002  3.200000000000e+002
  1.520000000000e+002  7.400000000000e+001  5.850000000000e+002  3.205000000000e+002
  1.400000000000e+002  7.400000000000e+001  5.850000000000e+002  3.220000000000e+002
  1.340000000000e+002  7.400000000000e+001  5.840000000000e+002  3.235000000000e+002
  1.300000000000e+002  7.400000000000e+001  5.840000000000e+002  3.235000000000e+002
  1.180000000000e+002  7.400000000000e+001  5.845000000000e+002  3.240000000000e+002
  1.100000000000e+002  7.500000000000e+001  5.830000000000e+002  3.245000000000e+002
  1.060000000000e+002  7.500000000000e+001  5.830000000000e+002  3.245000000000e+002
  9.800000000000e+001  7.500000000000e+001  5.830000000000e+002  3.260000000000e+002
  9.600000000000e+001  7.500000000000e+001  5.830000000000e+002  3.255000000000e+002
  9.000000000000e+001  7.500000000000e+001  5.840000000000e+002  3.250000000000e+002
  8.800000000000e+001  7.500000000000e+001  5.830000000000e+002  3.260000000000e+002
  8.000000000000e+001  7.600000000000e+001  5.820000000000e+002  3.260000000000e+002
  7.400000000000e+001  7.600000000000e+001  5.810000000000e+002  3.280000000000e+002
  6.600000000000e+001  7.600000000000e+001  5.820000000000e+002  3.280000000000e+002
  5.800000000000e+001  7.600000000000e+001  5.810000000000e+002  3.280000000000e+002
  5.400000000000e+001  7.600000000000e+001  5.810000000000e+002  3.280000000000e+002
  5.200000000000e+001  7.600000000000e+001  5.820000000000e+002  3.275000000000e+002
  3.400000000000e+001  7.600000000000e+001  5.810000000000e+002  3.285000000000e+002
  3.600000000000e+001  7.600000000000e+001  5.815000000000e+002  3.280000000000e+002
  3.000000000000e+001  7.500000000000e+001  5.815000000000e+002  3.280000000000e+002
  2.400000000000e+001  7.200000000000e+001  5.810000000000e+002  3.280000000000e+002
  2.000000000000e+001  7.300000000000e+001  5.815000000000e+002  3.280000000000e+002
  1.400000000000e+001  6.600000000000e+001  5.815000000000e+002  3.280000000000e+002
  1.000000000000e+001  6.400000000000e+001  5.820000000000e+002  3.280000000000e+002
  1.000000000000e+001  6.400000000000e+001  5.820000000000e+002  3.280000000000e+002
  3.000000000000e+000  5.900000000000e+001  5.820000000000e+002  3.275000000000e+002
  1.000000000000e+000  5.700000000000e+001  5.820000000000e+002  3.280000000000e+002
  1.000000000000e+000  5.700000000000e+001  5.820000000000e+002  3.280000000000e+002
  1.000000000000e+000  5.600000000000e+001  5.820000000000e+002  3.280000000000e+002
  1.000000000000e+000  5.600000000000e+001  5.820000000000e+002  3.280000000000e+002
  1.000000000000e+000  5.600000000000e+001  5.810000000000e+002  3.280000000000e+002
  1.000000000000e+000  5.600000000000e+001  5.810000000000e+002  3.290000000000e+002
  1.000000000000e+000  5.600000000000e+001  5.810000000000e+002  3.280000000000e+002
  1.000000000000e+000  5.600000000000e+001  5.810000000000e+002  3.300000000000e+002
  1.000000000000e+000  5.600000000000e+001  5.810000000000e+002  3.285000000000e+002
  1.000000000000e+000  5.600000000000e+001  5.810000000000e+002  3.280000000000e+002
  1.000000000000e+000  5.600000000000e+001  5.815000000000e+002  3.280000000000e+002
  1.000000000000e+000  5.600000000000e+001  5.820000000000e+002  3.280000000000e+002
  1.000000000000e+000  5.600000000000e+001  5.820000000000e+002  3.275000000000e+002
  1.000000000000e+000  5.600000000000e+001  5.800000000000e+002  3.275000000000e+002
  1.000000000000e+000  5.600000000000e+001  5.780000000000e+002  3.310000000000e+002
  1.000000000000e+000  5.600000000000e+001  5.740000000000e+002  3.390000000000e+002
  1.000000000000e+000  5.600000000000e+001  5.730000000000e+002  3.425000000000e+002
  1.000000000000e+000  5.600000000000e+001  5.710000000000e+002  3.420000000000e+002
  1.000000000000e+000  5.600000000000e+001  5.710000000000e+002  3.400000000000e+002
  1.000000000000e+000  5.600000000000e+001  5.670000000000e+002  3.420000000000e+002
  1.000000000000e+000  5.600000000000e+001  5.655000000000e+002  3.430000000000e+002
  1.000000000000e+000  5.600000000000e+001  5.630000000000e+002  3.420000000000e+002
  1.000000000000e+000  5.600000000000e+001  5.580000000000e+002  3.400000000000e+002
 -1.000000000000e+000 -1.000000000000e+000 -1.000000000000e+000 -1.000000000000e+000
 -1.000000000000e+000 -1.000000000000e+000 -1.000000000000e+000 -1.000000000000e+000
 -1.000000000000e+000 -1.000000000000e+000 -1.000000000000e+000 -1.000000000000e+000
 -1.000000000000e+000 -1.000000000000e+000 -1.000000000000e+000 -1.000000000000e+000
  5.220000000000e+002  6.600000000000e+001  6.355000000000e+002  2.635000000000e+002
  5.200000000000e+002  6.600000000000e+001  6.330000000000e+002  2.645000000000e+002
  5.160000000000e+002  6.600000000000e+001  6.320000000000e+002  2.660000000000e+002
  5.080000000000e+002  6.600000000000e+001  6.300000000000e+002  2.680000000000e+002
  4.920000000000e+002  6.600000000000e+001  6.260000000000e+002  2.700000000000e+002
  4.740000000000e+002  6.700000000000e+001  6.220000000000e+002  2.740000000000e+002
  4.660000000000e+002  6.800000000000e+001  6.220000000000e+002  2.755000000000e+002
  4.600000000000e+002  6.700000000000e+001  6.200000000000e+002  2.760000000000e+002
  4.520000000000e+002  6.700000000000e+001  6.200000000000e+002  2.770000000000e+002
  4.480000000000e+002  6.700000000000e+001  6.180000000000e+002  2.780000000000e+002
  4.440000000000e+002  6.700000000000e+001  6.165000000000e+002  2.790000000000e+002
  4.300000000000e+002  6.700000000000e+001  6.150000000000e+002  2.815000000000e+002
  4.060000000000e+002  6.800000000000e+001  6.100000000000e+002  2.870000000000e+002
  3.880000000000e+002  6.700000000000e+001  6.080000000000e+002  2.895000000000e+002
  3.900000000000e+002  6.800000000000e+001  6.080000000000e+002  2.905000000000e+002
  3.820000000000e+002  6.800000000000e+001  6.060000000000e+002  2.910000000000e+002
  3.700000000000e+002  6.900000000000e+001  6.040000000000e+002  2.930000000000e+002
  3.600000000000e+002  6.900000000000e+001  6.040000000000e+002  2.950000000000e+002
  3.480000000000e+002  6.900000000000e+001  6.020000000000e+002  2.970000000000e+002
  3.240000000000e+002  7.000000000000e+001  5.985000000000e+002  3.015000000000e+002
  3.140000000000e+002  7.000000000000e+001  5.980000000000e+002  3.020000000000e+002
  2.940000000000e+002  7.000000000000e+001  5.930000000000e+002  3.080000000000e+002
  2.920000000000e+002  7.000000000000e+001  5.960000000000e+002  3.060000000000e+002
  2.780000000000e+002  7.000000000000e+001  5.940000000000e+002  3.095000000000e+002
  2.660000000000e+002  7.100000000000e+001  5.925000000000e+002  3.105000000000e+002
  2.600000000000e+002  7.100000000000e+001  5.920000000000e+002  3.115000000000e+002
  2.520000000000e+002  7.200000000000e+001  5.920000000000e+002  3.125000000000e+002
  2.440000000000e+002  7.200000000000e+001  5.920000000000e+002  3.120000000000e+002
  2.320000000000e+002  7.200000000000e+001  5.900000000000e+002  3.155000000000e+002
  2.280000000000e+002  7.200000000000e+001  5.900000000000e+002  3.155000000000e+002
  2.200000000000e+002  7.200000000000e+001  5.900000000000e+002  3.155000000000e+002
  2.100000000000e+002  7.200000000000e+001  5.885000000000e+002  3.180000000000e+002
  2.060000000000e+002  7.200000000000e+001  5.900000000000e+002  3.160000000000e+002
  2.000000000000e+002  7.200000000000e+001  5.885000000000e+002  3.180000000000e+002
  1.920000000000e+002  7.200000000000e+001  5.880000000000e+002  3.185000000000e+002
  1.760000000000e+002  7.200000000000e+001  5.875000000000e+002  3.200000000000e+002
  1.740000000000e+002  7.200000000000e+001  5.880000000000e+002  3.200000000000e+002
  1.700000000000e+002  7.300000000000e+001  5.880000000000e+002  3.200000000000e+002
  1.600000000000e+002  7.300000000000e+001  5.865000000000e+002  3.220000000000e+002
  1.560000000000e+002  7.400000000000e+001  5.870000000000e+002  3.220000000000e+002
  1.400000000000e+002  7.400000000000e+001  5.860000000000e+002  3.225000000000e+002
  1.340000000000e+002  7.400000000000e+001  5.845000000000e+002  3.250000000000e+002
  1.320000000000e+002  7.400000000000e+001  5.850000000000e+002  3.230000000000e+002
  1.220000000000e+002  7.400000000000e+001  5.850000000000e+002  3.245000000000e+002
  1.120000000000e+002  7.400000000000e+001  5.835000000000e+002  3.265000000000e+002
  1.080000000000e+002  7.400000000000e+001  5.840000000000e+002  3.255000000000e+002
  1.060000000000e+002  7.500000000000e+001  5.840000000000e+002  3.260000000000e+002
  9.000000000000e+001  7.500000000000e+001  5.840000000000e+002  3.260000000000e+002
  7.900000000000e+001  7.500000000000e+001  5.820000000000e+002  3.295000000000e+002
  7.600000000000e+001  7.500000000000e+001  5.840000000000e+002  3.260000000000e+002
  6.200000000000e+001  7.600000000000e+001  5.820000000000e+002  3.300000000000e+002
  4.700000000000e+001  7.600000000000e+001  5.820000000000e+002  3.305000000000e+002
  3.800000000000e+001  7.600000000000e+001  5.825000000000e+002  3.295000000000e+002
  3.200000000000e+001  7.600000000000e+001  5.820000000000e+002  3.315000000000e+002
  1.400000000000e+001  6.200000000000e+001  5.820000000000e+002  3.300000000000e+002
  1.200000000000e+001  5.800000000000e+001  5.820000000000e+002  3.315000000000e+002
  6.000000000000e+000  5.600000000000e+001  5.825000000000e+002  3.300000000000e+002
  1.000000000000e+000  5.400000000000e+001  5.820000000000e+002  3.310000000000e+002
  1.000000000000e+000  5.400000000000e+001  5.820000000000e+002  3.310000000000e+002
  1.000000000000e+000  5.600000000000e+001  5.820000000000e+002  3.310000000000e+002
  1.000000000000e+000  5.500000000000e+001  5.820000000000e+002  3.310000000000e+002
  1.000000000000e+000  5.500000000000e+001  5.820000000000e+002  3.310000000000e+002
  1.000000000000e+000  5.500000000000e+001  5.820000000000e+002  3.315000000000e+002
  1.000000000000e+000  5.500000000000e+001  5.810000000000e+002  3.330000000000e+002
  1.000000000000e+000  5.600000000000e+001  5.810000000000e+002  3.310000000000e+002
  1.000000000000e+000  5.600000000000e+001  5.810000000000e+002  3.300000000000e+002
  1.000000000000e+000  5.600000000000e+001  5.820000000000e+002  3.290000000000e+002
  1.000000000000e+000  5.600000000000e+001  5.820000000000e+002  3.285000000000e+002
  1.000000000000e+000  5.600000000000e+001  5.805000000000e+002  3.285000000000e+002
  1.000000000000e+000  5.600000000000e+001  5.780000000000e+002  3.310000000000e+002
