  7.680000305176e+001
  7.692137041453e+001
  7.684832320918e+001
  7.679553902874e+001
  7.690532910277e+001
  7.679390755884e+001
  7.675210111191e+001
  7.682870050240e+001
  7.676703301221e+001
  7.686397791200e+001
  7.692382076473e+001
  7.686909336326e+001
  7.660540779592e+001
  7.670466759916e+001
  7.663394150841e+001
  7.618686418170e+001
  7.611201535953e+001
  7.617827413377e+001
  7.620888480079e+001
  7.609637419132e+001
  7.603314490094e+001
  7.613997515117e+001
  7.609617630775e+001
  7.618620830925e+001
  7.594672614192e+001
  7.613589607464e+001
  7.617813120533e+001
  7.656634802430e+001
  7.637866778788e+001
  7.678615627146e+001
  7.709194659355e+001
  7.769089941084e+001
  7.790998041992e+001
  7.809242005334e+001
  7.819128049277e+001
  7.857391692073e+001
  7.860382039413e+001
  7.879471221426e+001
  7.905334894442e+001
  7.932189059038e+001
  7.958190699827e+001
  7.963277600926e+001
  7.982825435020e+001
  8.003459966206e+001
  8.028536621349e+001
  8.031720954040e+001
  8.023835291201e+001
  8.038212859817e+001
  8.041285816817e+001
  8.061620516163e+001
  8.066779302211e+001
  8.050520345008e+001
  8.028597901598e+001
  7.985757618197e+001
  7.956013055910e+001
  7.933997413155e+001
  7.907528851759e+001
  7.886765667296e+001
  7.879467003418e+001
  7.870417455618e+001
  7.885462663730e+001
  7.875921194663e+001
  7.876226260093e+001
  7.863702634755e+001
  7.819327053376e+001
  7.780312687430e+001
  7.753726012419e+001
  7.721237049684e+001
  7.769390975139e+001
  7.777692814902e+001
  7.778897434339e+001
  7.801146230056e+001
  7.811338323996e+001
  7.796352268718e+001
  7.798555538162e+001
  7.789545295709e+001
  7.787842146031e+001
  7.779680033510e+001
  7.784128102308e+001
  7.769688553642e+001
  7.756687942794e+001
  7.763987713646e+001
  7.779526131380e+001
  7.795542178539e+001
  7.802782233554e+001
  7.806298684487e+001
  7.811604579668e+001
  7.732090966181e+001
  7.753774789546e+001
  7.734147835432e+001
  7.734580197432e+001
  7.736063247585e+001
  7.746421496308e+001
  7.743944768884e+001
  7.738012419751e+001
  7.735439313932e+001
  7.711150535550e+001
  7.735150840840e+001
  7.743980986024e+001
  7.739859230573e+001
