  0.000000000000e+000
  0.000000000000e+000
  0.000000000000e+000
  0.000000000000e+000
  0.000000000000e+000
  0.000000000000e+000
  0.000000000000e+000
  0.000000000000e+000
  0.000000000000e+000
  0.000000000000e+000
  0.000000000000e+000
  0.000000000000e+000
  0.000000000000e+000
  0.000000000000e+000
  0.000000000000e+000
  0.000000000000e+000
  0.000000000000e+000
  0.000000000000e+000
  0.000000000000e+000
  0.000000000000e+000
  0.000000000000e+000
  0.000000000000e+000
  0.000000000000e+000
  0.000000000000e+000
  0.000000000000e+000
  0.000000000000e+000
  0.000000000000e+000
  0.000000000000e+000
  0.000000000000e+000
  0.000000000000e+000
  0.000000000000e+000
  0.000000000000e+000
  0.000000000000e+000
  0.000000000000e+000
  0.000000000000e+000
  0.000000000000e+000
  0.000000000000e+000
  0.000000000000e+000
  0.000000000000e+000
  7.680000305176e+001
  7.680000305176e+001
  7.680000305176e+001
  7.680000305176e+001
  7.680000305176e+001
  7.680000305176e+001
  7.680000305176e+001
  7.680000305176e+001
  7.680000305176e+001
  7.680000305176e+001
  7.680000305176e+001
  7.680000305176e+001
  7.680000305176e+001
  7.680000305176e+001
  7.680000305176e+001
  7.680000305176e+001
  7.680000305176e+001
  7.680000305176e+001
  7.680000305176e+001
  7.680000305176e+001
  7.680000305176e+001
  7.680000305176e+001
  7.680000305176e+001
  7.680000305176e+001
  7.680000305176e+001
  7.680000305176e+001
  7.680000305176e+001
  7.680000305176e+001
  7.680000305176e+001
  7.680000305176e+001
  7.680000305176e+001
  7.680000305176e+001
  7.680000305176e+001
  7.680000305176e+001
  7.680000305176e+001
  7.680000305176e+001
  7.680000305176e+001
  7.680000305176e+001
  7.680000305176e+001
  7.680000305176e+001
  7.680000305176e+001
  7.680000305176e+001
  7.680000305176e+001
  7.680000305176e+001
  7.680000305176e+001
  7.680000305176e+001
  7.680000305176e+001
  7.680000305176e+001
  7.680000305176e+001
  7.680000305176e+001
  7.680000305176e+001
  7.680000305176e+001
  7.680000305176e+001
  7.680000305176e+001
  7.680000305176e+001
  7.680000305176e+001
  7.680000305176e+001
  7.680000305176e+001
  7.680000305176e+001
  7.680000305176e+001
  7.680000305176e+001
