112.924797	239.955063	141.021576
112.905945	239.975815	141.001846
112.904449	239.981583	141.003403
112.850922	239.989349	140.999115
112.927422	239.971939	141.008957
112.967140	239.948669	141.027832
112.933548	239.953964	141.015488
112.961288	239.953522	141.029694
112.954956	239.945343	141.041473
112.911003	239.949661	141.031586
112.978783	239.930573	141.062958
112.938148	239.944672	141.044144
112.913345	239.958649	141.024918
112.946434	239.961533	141.013016
112.895737	239.975525	141.029343
112.876160	239.967453	141.207474
112.903259	239.962265	141.426529
112.862167	239.952087	141.566055
112.832825	239.960648	141.639832
112.789230	239.967590	141.677048
112.817978	239.969421	141.886063
112.844337	239.959396	142.343338
112.846001	239.959381	142.457596
112.891396	239.955307	142.472412
112.902489	239.945023	142.477249
112.939995	239.923492	142.469574
112.947624	239.908371	142.466797
112.936691	239.897934	142.464310
112.968262	239.882309	142.485458
113.023705	239.863693	142.514496
113.027107	239.863953	142.520279
113.047501	239.855362	142.539780
113.054993	239.860001	142.573441
113.048370	239.876495	142.601837
113.074997	239.874252	142.647614
113.029892	239.905472	142.655212
113.072044	239.871536	142.696564
112.981697	239.886734	142.707855
113.011986	239.876190	142.724091
112.989044	239.891327	142.733337
112.963303	239.907211	142.733932
112.903244	239.915726	142.744278
112.928696	239.922943	142.858093
113.003357	239.904175	143.069992
112.998390	239.917892	143.316086
112.968742	239.926971	143.535004
112.984779	239.913834	143.800720
112.996689	239.938095	144.633423
113.048210	239.937744	146.390381
112.961052	239.922363	148.441345
112.918343	239.920258	149.775620
112.929016	239.952377	150.759094
112.968132	239.947250	151.594467
112.933044	239.934601	152.097610
112.916542	239.926025	152.210480
112.971367	239.909271	152.223175
112.939720	239.923691	152.214493
112.964981	239.913986	152.218475
112.964180	239.917694	152.232742
112.971550	239.921707	152.258423
112.991516	239.918945	152.296158
113.018089	239.908142	152.322922
113.098068	239.874741	152.340958
113.036842	239.890961	152.343262
112.971970	239.905685	152.335297
113.002495	239.901016	152.343292
113.000183	239.900925	152.353149
112.961685	239.914169	152.344681
112.972122	239.906006	152.356644
113.035378	239.894348	152.373932
113.033798	239.896851	152.373154
113.063004	239.903671	152.359055
113.008278	239.910248	152.344162
112.987946	239.915405	152.352173
113.017174	239.904465	152.369293
113.044403	239.895081	152.469940
113.019211	239.908630	152.784805
113.054520	239.926514	153.899490
112.980095	239.927292	155.245605
112.972923	239.926788	156.622940
112.909805	239.949280	157.477859
112.918549	239.940140	158.082199
112.956879	239.943634	158.440308
112.959213	239.948059	159.147873
112.962692	239.950745	159.797668
112.903435	239.943741	160.655807
112.887009	239.951065	161.044403
112.884651	239.948792	161.300400
112.884544	239.958878	161.390793
112.923119	239.951874	161.963791
112.929413	239.953903	163.084045
112.965897	239.945999	164.504349
112.947166	239.961777	165.772003
112.965698	239.973434	167.113815
112.986229	239.950699	168.234070
112.943596	239.956741	169.102997
112.920998	239.969681	170.001633
112.991699	239.936478	170.883499
112.925079	239.959564	171.674957
112.990891	239.952026	172.379562
112.939705	239.941269	173.036102
112.903687	239.945206	173.416733
112.895912	239.958374	173.742035
112.866493	239.969101	173.862228
112.872025	239.978592	174.227585
112.843307	239.984085	174.702103
112.871368	239.992920	175.308105
112.877739	239.973602	176.309357
112.838486	239.966644	176.974380
112.861877	239.959473	177.124832
112.863724	239.953323	177.133118
112.887131	239.954681	177.138763
112.846817	239.962234	177.141281
112.855583	239.971954	177.372162
112.886238	239.962692	177.865707
112.805756	239.989639	178.224197
112.878227	239.961716	178.548874
112.853462	239.972763	178.617599
112.878448	239.966171	178.640121
112.870834	239.976227	178.852173
112.906120	239.965225	179.409592
112.866310	239.986160	180.077377
112.912720	239.964127	180.827423
112.909027	239.954834	181.325714
112.889351	239.972794	181.781372
112.901390	239.959961	182.313080
112.897682	239.959442	182.902100
112.958969	239.953476	183.644897
112.988258	239.944336	184.615601
112.971512	239.956650	185.442734
112.983315	239.945038	186.190903
112.916809	239.955307	186.586975
112.884247	239.952774	186.905472
112.886421	239.967133	187.146866
112.901970	239.965088	187.288452
112.937012	239.954437	187.459839
112.918709	239.958054	187.688766
112.934669	239.942703	188.161133
112.919731	239.958374	188.701660
112.895134	239.965347	189.902267
112.999992	239.944656	191.590561
113.022972	239.904617	193.296600
113.006035	239.908310	194.295425
112.977898	239.926147	194.419418
112.971420	239.935974	194.420334
112.978455	239.927353	194.434982
112.994621	239.933029	194.444321
112.987808	239.932465	194.465225
112.988060	239.939270	194.666718
112.967445	239.952820	194.967697
113.001602	239.932648	195.408051
112.975761	239.935150	195.909256
112.983261	239.930695	196.272095
112.976028	239.929123	196.752213
113.005417	239.921677	197.259644
113.025505	239.921646	197.978683
113.002167	239.926117	198.619736
112.983803	239.930435	199.237686
113.015335	239.930008	199.717484
113.053093	239.928177	200.386566
113.025551	239.916092	200.873550
113.004791	239.928223	201.441833
113.037437	239.913391	201.796951
113.066437	239.899780	201.955109
113.071274	239.901901	202.034500
113.010773	239.932526	202.275208
113.049301	239.928574	202.792328
113.072296	239.927597	203.491653
112.982635	239.949051	204.130295
113.013489	239.932343	204.596924
112.994736	239.946457	204.793137
112.974403	239.942200	205.049026
113.016380	239.941040	205.689957
113.051178	239.931747	206.397873
113.003922	239.928452	206.856461
112.992058	239.946045	207.108521
113.020866	239.933823	207.197266
113.005600	239.931564	207.232361
113.034340	239.927658	207.533066
113.009071	239.921951	208.227066
113.022980	239.911591	209.036957
113.036354	239.909546	209.741135
113.023125	239.930161	209.962616
112.980103	239.941864	209.957199
112.997917	239.944595	209.979568
112.994965	239.944122	209.975021
112.986595	239.942535	209.978622
112.972275	239.955154	209.964645
113.021332	239.943710	209.984573
112.977997	239.952408	209.963303
112.990059	239.945343	209.952255
112.951149	239.952682	209.918228
113.003983	239.953674	209.779053
113.009819	239.940704	209.537918
113.013680	239.926651	209.352890
113.008217	239.941010	209.178009
113.007423	239.942673	209.120956
113.030548	239.932159	209.125214
112.999664	239.936295	209.092422
113.008141	239.938202	208.882187
113.034409	239.937897	208.269974
113.059715	239.936218	207.459885
113.042725	239.955551	206.721634
113.042717	239.939590	206.243118
113.065491	239.936890	205.812088
113.047493	239.940445	205.298019
113.087578	239.938461	204.626816
113.014374	239.972672	203.955368
112.990807	239.982162	203.407974
113.042191	239.970123	203.083618
113.021904	239.962708	202.906464
113.041756	239.945877	202.841782
113.040787	239.939621	202.802094
113.055054	239.928543	202.696884
113.051826	239.924713	202.502655
113.084435	239.922516	202.188019
113.004387	239.954330	201.733276
113.063202	239.930588	201.220367
113.077217	239.934601	200.715210
113.059700	239.954193	200.196548
113.006630	239.957336	199.552017
113.052109	239.961563	198.983139
113.029701	239.975052	198.404266
113.048721	239.976929	197.946991
113.039803	239.970169	197.625153
113.033493	239.976028	197.281647
113.081413	239.966309	196.814514
113.098419	239.960495	196.219833
113.038788	239.968918	195.452026
113.073662	239.958298	194.521652
113.076881	239.948196	193.280746
113.037422	239.943939	191.858109
113.051315	239.931885	190.317566
113.094116	239.916519	188.917023
113.036369	239.947998	187.910324
113.100578	239.943146	187.479416
113.078178	239.938614	187.434479
113.062973	239.942459	187.425339
113.092285	239.933075	187.398697
113.082474	239.952133	187.192444
113.081024	239.941040	186.751755
113.049271	239.934708	186.183487
113.080978	239.931473	185.485611
113.088432	239.916656	184.782425
113.065353	239.916122	184.179184
113.118683	239.912476	183.716232
113.086067	239.923019	183.372131
113.066444	239.933167	183.191711
113.081665	239.923431	183.162964
113.074974	239.933533	183.135223
113.103004	239.924789	182.905060
113.064323	239.938812	182.358093
113.051674	239.946457	181.549683
113.054604	239.935501	180.656342
113.066528	239.943405	179.792908
113.070938	239.936813	179.091660
113.063004	239.951935	178.524612
113.054176	239.957855	178.119278
113.056534	239.939819	177.861557
113.067276	239.938431	177.664124
113.091682	239.927261	177.299072
113.133354	239.902557	176.717331
113.061485	239.941559	175.510452
113.041115	239.958954	174.167282
113.058319	239.984329	172.840866
113.002869	240.015335	171.619415
112.966942	240.023026	170.539993
113.000389	240.015518	169.752014
113.002151	240.016663	169.160110
113.050575	240.004852	168.724304
113.036583	239.991318	168.337479
113.071152	239.955399	167.932571
113.098351	239.939117	167.215118
113.148720	239.914566	166.145386
113.144569	239.907547	165.082748
113.160522	239.907349	164.095749
113.114365	239.924805	163.107407
113.095055	239.922241	162.348877
113.126175	239.915192	161.819016
113.112755	239.903381	161.562943
113.159737	239.888107	161.498566
113.150826	239.903275	161.441345
113.106544	239.927780	161.312988
113.075111	239.947220	161.040161
113.110939	239.934036	160.598053
113.091713	239.939148	159.805344
113.073097	239.924347	158.760834
113.115982	239.912033	157.788162
113.104103	239.924088	156.844559
113.106056	239.941940	156.072021
113.121498	239.929367	155.378510
113.131828	239.933731	154.697449
113.176460	239.934326	154.041412
113.137444	239.948669	153.008331
113.098289	239.967453	151.937943
113.150635	239.949036	150.841995
113.132973	239.947449	149.884933
113.115128	239.945724	149.134796
113.083328	239.960571	148.659119
113.114929	239.938492	148.351471
113.138680	239.936813	148.062607
113.111092	239.942551	147.716843
113.147858	239.929337	147.255005
113.150360	239.936752	146.673325
113.092056	239.944824	145.911865
113.138466	239.937378	145.333878
113.126495	239.929932	144.863144
113.185287	239.920822	144.428513
113.157722	239.927856	144.056656
113.147194	239.929092	143.918015
113.129768	239.938705	143.927002
113.090332	239.948166	143.916748
113.145973	239.917587	143.921387
113.196564	239.904343	143.871521
113.188385	239.907883	143.666412
113.205460	239.908112	143.490219
113.161781	239.913864	143.426468
113.151253	239.915359	143.416489
113.200096	239.900330	143.405945
113.144783	239.905045	143.410202
113.171486	239.902771	143.408920
113.159096	239.904373	143.420563
113.195488	239.891983	143.431488
113.110855	239.905258	143.440887
113.133087	239.902664	143.436523
113.096474	239.914688	143.428040
113.097267	239.916245	143.442398
113.070480	239.910339	143.435684
113.077515	239.926376	143.438034
113.104881	239.913727	143.452515
113.127998	239.906372	143.448929
113.067772	239.917969	143.443161
113.126579	239.904877	143.432251
113.133789	239.898346	143.429535
113.144173	239.907669	143.420486
113.139542	239.900009	143.440475
113.131660	239.873917	143.432892
111.675629	155.367172	213.557098
111.657867	155.371490	213.553131
111.663841	155.371033	213.538925
111.659897	155.374802	213.542084
111.682968	155.383621	213.545425
111.652199	155.389038	213.548752
111.635368	155.388382	213.560760
111.633514	155.375168	213.559937
111.619064	155.383530	213.562637
111.645851	155.373245	213.577484
111.586861	155.395859	213.569504
111.595642	155.392990	213.586853
111.613708	155.434769	213.592163
111.607582	155.638733	213.599640
111.613426	155.867172	213.575409
111.615540	156.258865	213.566086
111.639236	156.476898	213.550446
111.645912	156.513962	213.571045
111.647606	156.512497	213.566406
111.701431	156.548447	213.557770
111.653633	156.624893	213.524200
111.643349	156.697510	213.543686
111.587067	156.789200	213.568420
111.515747	156.841995	213.577423
111.560493	156.861694	213.579575
111.551254	156.873184	213.602478
111.592911	156.906555	213.570755
111.536240	156.952148	213.588989
111.544037	157.083542	213.604309
111.547226	157.316452	213.594498
111.562263	157.598969	213.606918
111.572479	158.014145	213.595795
111.632759	158.410172	213.585403
111.668053	158.756516	213.599716
111.657547	159.148605	213.582428
111.739639	159.621780	213.538223
111.737564	160.254074	213.514801
111.703354	160.956741	213.526520
111.685959	161.654999	213.530212
111.696915	162.321548	213.527390
111.753334	162.788452	213.528275
111.720543	163.075760	213.533936
111.748123	163.136276	213.543411
111.754776	163.205750	213.568054
111.772972	163.488724	213.551285
111.724747	163.915390	213.550446
111.733978	164.359436	213.558350
111.754761	164.768326	213.554901
111.786118	165.132660	213.537247
111.803291	165.371704	213.539536
111.797462	165.473740	213.534531
111.702805	165.642227	213.552902
111.735504	165.983032	213.559052
111.698349	166.641220	213.556274
111.788338	167.452026	213.555420
111.790482	168.474686	213.545319
111.814796	169.562134	213.545471
111.825516	170.603622	213.516296
111.955025	171.473419	213.516754
111.926033	172.406387	213.542053
111.888359	173.120819	213.535095
111.865166	173.632797	213.554657
111.861671	174.083862	213.547546
111.827240	174.610550	213.544525
111.830460	175.369751	213.526993
111.907074	176.343597	213.516190
112.005447	177.260284	213.516159
111.955635	177.822571	213.490952
111.977356	178.045609	213.514389
112.009430	178.287186	213.519958
112.025642	178.729919	213.518784
112.038635	179.429413	213.507660
112.014633	180.308807	213.479660
111.995560	181.298782	213.502167
112.081329	182.285446	213.509659
112.038101	183.143448	213.479172
112.043900	183.825470	213.485275
112.061432	184.402359	213.457809
112.072945	184.861588	213.463196
112.069702	185.535278	213.487534
112.066475	186.431458	213.481934
112.137589	187.570313	213.498047
112.203926	188.875809	213.493378
112.222870	190.438217	213.432907
112.227165	192.041534	213.432037
112.284660	193.548676	213.470963
112.341080	195.004242	213.469086
112.307953	196.416504	213.452240
112.315933	197.728134	213.447464
112.273933	198.876236	213.475327
112.319313	199.744217	213.469223
112.391167	200.490097	213.447495
112.420135	201.362823	213.423187
112.390862	202.248734	213.429764
112.418175	203.016922	213.406357
112.422096	203.615738	213.399521
112.434715	204.225220	213.403595
112.465752	204.826965	213.389755
112.472878	205.341141	213.411118
112.457649	205.764755	213.399109
112.450813	205.999176	213.416428
112.466064	206.238327	213.434097
112.492081	206.693314	213.422379
112.456688	207.438690	213.404297
112.467941	208.330109	213.414810
112.461426	209.145554	213.423111
112.461510	209.848389	213.428696
112.524399	210.598099	213.421722
112.561005	211.130432	213.414078
112.557968	211.377701	213.426849
112.560844	211.530228	213.445496
112.550972	211.840714	213.434296
112.563393	212.360062	213.425644
112.550285	213.149094	213.424377
112.545181	213.992706	213.389633
112.661980	214.882217	213.377563
112.671463	215.658600	213.397797
112.606224	216.519699	213.416214
112.577972	217.378113	213.436813
112.628059	218.334198	213.403976
112.732307	219.238159	213.364929
112.726601	220.069733	213.341843
112.802689	220.712997	213.354660
112.786125	221.421066	213.358307
112.738091	221.981918	213.403641
112.621941	222.293732	213.398590
112.639679	222.379593	213.433395
112.613556	222.701340	213.426987
112.585930	223.365311	213.379745
112.706047	224.167633	213.370010
112.720940	225.160599	213.345047
112.844688	226.193604	213.348740
112.929382	227.223465	213.337509
112.926750	228.253799	213.357101
112.853065	229.064133	213.369888
112.841301	229.585922	213.381012
112.879089	230.053787	213.366516
112.929741	230.662659	213.321075
112.868797	231.458923	213.343094
112.871933	232.373230	213.384216
112.915474	233.183273	213.363007
112.911247	233.831207	213.335052
112.966660	234.316223	213.311249
112.950310	234.623734	213.326645
112.937660	234.727448	213.299881
112.994904	234.783112	213.316940
113.017715	234.935303	213.302322
112.980865	234.950775	213.305847
113.018272	234.943619	213.310837
112.957130	234.958008	213.315491
112.977730	234.945374	213.331390
112.929893	234.947159	213.345383
112.969261	234.906219	213.354477
112.968605	234.804413	213.344208
112.962822	234.516922	213.329376
113.029572	234.033905	213.323135
113.019745	233.366547	213.316315
112.958351	232.697021	213.322723
112.906258	231.973923	213.324692
112.846016	231.019867	213.367004
112.912163	230.042236	213.354858
112.904167	229.333649	213.338333
112.859863	228.982437	213.369766
112.845001	228.673157	213.351868
112.840408	228.189377	213.369095
112.826118	227.455338	213.402435
112.857750	226.663116	213.353745
112.817528	225.893555	213.337738
112.798714	224.900879	213.345596
112.803398	223.673294	213.365005
112.801025	222.329727	213.362869
112.675133	221.064728	213.414169
112.766747	219.670441	213.370270
112.721695	218.287506	213.412872
112.647560	216.960403	213.380005
112.555321	215.707901	213.405487
112.662849	214.321152	213.409393
112.583092	213.013046	213.418015
112.627426	211.656906	213.403015
112.595039	210.288040	213.413818
112.454216	208.993286	213.473068
112.416519	207.789581	213.468857
112.462494	206.741791	213.427292
112.500099	205.803894	213.432632
112.452354	204.684967	213.416367
112.432274	203.376373	213.435394
112.466713	202.036896	213.437973
112.372940	200.770935	213.443832
112.385506	199.613708	213.434509
112.358170	198.662491	213.473114
112.301743	197.874084	213.468964
112.308167	197.093185	213.477249
112.287781	196.315750	213.476700
112.263542	195.519379	213.475372
112.265991	194.629807	213.484726
112.247231	193.741348	213.482574
112.214951	192.860199	213.488327
112.249443	192.059769	213.505066
112.178993	191.290161	213.479935
112.240395	190.502090	213.472885
112.237175	189.759628	213.471298
112.240921	188.999725	213.450699
112.237938	188.213745	213.467438
112.163338	187.575668	213.529388
112.141380	187.019241	213.544205
112.158852	186.538452	213.499908
112.157654	186.214600	213.493057
112.100441	185.869797	213.504272
112.038826	185.337631	213.517044
112.090240	184.678345	213.530167
112.084579	184.157547	213.524155
112.120667	183.910629	213.506317
112.120781	183.800430	213.503235
112.128815	183.735519	213.495270
112.090118	183.712769	213.488068
112.075874	183.716278	213.500031
112.047073	183.627167	213.527603
112.019814	183.639099	213.540802
112.020195	183.626205	213.534790
112.066910	183.590408	213.471436
112.095558	183.557281	213.506500
112.092339	183.526184	213.482925
112.055435	183.546509	213.510559
112.021935	183.585403	213.491013
112.113731	183.540802	213.482330
112.084366	183.512329	213.477081
112.060478	183.496384	213.468109
112.027199	183.407135	213.501343
112.052841	183.391144	213.499603
112.069160	183.366638	213.493591
111.920670	183.398560	213.538910
112.033844	183.403839	213.548065
111.887016	183.384186	213.600204
111.773605	183.264404	213.710983
112.042595	183.008820	213.526672
112.057846	183.006088	213.533813
111.992577	182.979523	213.545197
111.999916	182.976334	213.547424
112.001625	182.999985	213.507324
111.911179	182.988434	213.528046
112.080841	182.976868	213.544220
111.964302	182.791748	213.542664
111.940346	182.459839	213.575500
111.981972	182.037476	213.538696
111.932594	181.259247	213.570938
111.983040	180.789337	213.554520
112.040245	180.546921	213.552139
111.958458	180.476456	213.560074
111.844032	180.493912	213.561768
111.782013	180.466461	213.566833
111.801346	180.459671	213.538010
111.746201	180.409195	213.594284
111.940163	180.408417	213.562317
112.121056	180.238007	213.525726
111.979454	179.706802	213.550018
111.918694	179.326370	213.579880
111.944504	178.710052	213.571198
111.887321	178.075226	213.542206
111.850632	177.387253	213.559647
111.810959	176.480637	213.581024
111.810745	175.222366	213.584641
111.941513	174.139908	213.559509
111.919792	173.343628	213.577759
111.871559	172.881653	213.598526
111.861420	172.499985	213.566650
111.845200	171.972336	213.582199
111.850342	171.340057	213.567383
111.855835	170.914749	213.556946
111.831306	170.594757	213.560654
111.841827	170.420517	213.585037
111.752922	170.245575	213.592896
111.823936	169.881805	213.594727
111.789467	169.331223	213.604584
111.809143	168.759003	213.609772
111.755127	168.140930	213.603577
111.734406	167.510361	213.599564
111.782494	166.868790	213.572144
111.761902	166.090958	213.569077
111.814613	165.300186	213.541550
111.766602	164.581650	213.549332
111.838684	163.724792	213.558548
111.792572	162.760544	213.563293
111.801781	161.797058	213.567688
111.715904	161.022491	213.569199
111.693451	160.605469	213.552032
111.705513	160.193558	213.540466
111.684441	159.719101	213.566345
111.619865	159.121246	213.575745
111.604126	158.573532	213.571686
111.588593	158.144897	213.582825
111.556961	157.672195	213.592651
111.563065	157.432816	213.575287
111.581139	157.292343	213.607285
111.587967	157.203918	213.603699
111.587059	156.812927	213.575058
111.553452	155.886322	213.579453
111.603973	154.846664	213.594559
111.548836	154.256775	213.593399
111.520073	154.211609	213.596588
111.542816	154.218796	213.604065
111.488144	154.217850	213.632675
111.440994	154.265900	213.632034
111.455650	154.270660	213.634186
111.522171	154.279999	213.630402
111.467262	154.302734	213.620193
111.550026	154.277252	213.598480
111.339561	154.290833	213.738037
111.465553	154.244690	213.657349
111.538155	154.255371	213.605850
111.583961	154.233047	213.597214
111.555725	154.232193	213.599045
111.520630	154.269836	213.602768
111.535278	154.267548	213.634277
111.477425	154.264740	213.625458
111.466972	154.272034	213.632095
116.773582	163.066544	219.073425
111.478645	149.931503	135.440277
111.526886	149.931305	135.442490
111.552429	149.914413	135.464172
111.544708	149.916794	135.465012
111.573013	149.914276	135.671066
111.542770	149.926147	135.921555
111.579559	149.936264	136.284012
111.554512	149.917145	137.147232
111.469337	149.914444	137.783295
111.468391	149.905899	138.356827
111.497643	149.914856	138.928497
111.541626	149.924026	139.576492
111.613113	149.888535	140.484314
111.578926	149.910370	141.547974
111.586037	149.923950	142.676788
111.600838	149.936279	143.227844
111.610664	149.934509	143.569336
111.615273	149.922668	143.806335
111.583961	149.908798	144.033035
111.627869	149.927597	144.645493
111.674454	149.935196	145.576263
111.661232	149.928619	146.941330
111.674675	149.932556	148.397446
111.649986	149.933594	149.553223
111.667747	149.928162	150.734726
111.651230	149.931839	151.714188
111.636292	149.947464	152.558853
111.666077	149.931076	153.412140
111.613220	149.945358	154.209717
111.644234	149.950012	154.960983
111.638039	149.935501	155.577774
111.605919	149.942535	156.116180
111.638084	149.930923	156.671646
111.570152	149.940552	157.337692
111.640770	149.940125	158.266220
111.621742	149.943726	159.225113
111.636589	149.938553	160.163895
111.599113	149.938110	161.057632
111.611610	149.941559	161.960114
111.631187	149.941391	162.841370
111.647598	149.947968	163.718018
111.632553	149.926987	164.547287
111.626266	149.927246	165.287582
111.632759	149.931000	166.026993
111.591492	149.933990	166.720291
111.557892	149.923630	167.415741
111.514351	149.912476	168.070908
111.556351	149.904358	168.842148
111.579231	149.884552	169.769073
111.548370	149.906631	170.627014
111.570213	149.896317	171.543915
111.557770	149.913406	172.314804
111.534416	149.902679	172.999710
111.531891	149.899811	173.558121
111.506355	149.905685	174.076462
111.497849	149.913757	174.671036
111.498352	149.908707	175.324234
111.503426	149.895935	176.009857
111.520569	149.893829	176.770279
111.499107	149.902283	177.505600
111.519341	149.890976	178.420471
111.525017	149.864929	179.508514
111.501877	149.900192	180.602020
111.528496	149.896576	181.939209
111.550751	149.898956	183.316681
111.537537	149.911270	184.669144
111.558060	149.921280	186.089783
111.556908	149.902145	187.438385
111.516777	149.935410	188.638550
111.555527	149.940445	189.563950
111.550194	149.929214	190.196838
111.530121	149.931839	190.765121
111.532349	149.932648	191.221344
111.528503	149.911026	191.657120
111.544052	149.905746	192.106720
111.535164	149.920807	192.618134
111.590462	149.910461	193.460251
111.579269	149.918472	194.428543
111.523392	149.929688	195.413666
111.559959	149.920990	196.340240
111.548660	149.910843	197.179504
111.529480	149.904419	198.006256
111.585159	149.912308	198.795746
111.570343	149.917175	199.508209
111.551277	149.904297	200.223129
111.555504	149.904892	200.838058
111.547554	149.911850	201.432297
111.561829	149.905426	202.037720
111.557564	149.923294	202.553879
111.562859	149.922104	203.040359
111.587959	149.910217	203.434647
111.535004	149.936722	203.801804
111.536713	149.932465	204.197815
111.522957	149.948715	204.356155
111.551170	149.912903	204.457703
111.545227	149.892273	204.478088
111.515884	149.936249	204.489899
111.470482	149.927521	204.495880
111.589874	149.935638	204.469711
111.550331	149.935562	204.500763
111.581879	149.964981	204.525925
111.502403	149.962296	204.524292
111.549759	149.965576	204.554642
111.548622	149.934036	204.552689
111.484367	149.929077	204.545197
111.507133	149.943466	204.531219
111.480667	149.894958	204.545578
111.473129	149.932999	204.574661
111.352615	149.911499	204.551697
111.539047	149.931961	204.557251
111.563652	149.951385	204.578278
111.399544	149.922241	204.607132
111.345543	149.934875	204.589401
111.388176	149.917969	204.597137
111.381149	149.932983	204.609573
111.544807	149.944748	204.597885
111.467361	149.929535	204.585068
111.443748	149.921478	204.574677
111.448471	149.940384	204.548798
111.483658	149.933731	204.553864
111.445206	149.937546	204.538101
111.355606	149.940460	204.540161
111.321075	149.919525	204.532593
111.426216	149.935913	204.714279
111.561333	149.960098	204.764648
111.484230	149.936768	204.750458
111.368652	149.935928	204.736816
111.356613	149.926056	204.771393
111.306335	149.928802	204.721283
111.307793	149.921478	204.727448
111.340958	149.930008	204.712708
111.324402	149.916840	204.719070
111.316864	149.918915	204.716782
111.361176	149.928879	204.722549
111.309975	149.930099	204.701385
111.308113	149.906174	204.684677
111.234070	149.929626	204.643494
111.260040	149.913635	204.654526
111.284256	149.906448	204.659393
111.248734	149.898453	204.657639
111.223068	149.903168	204.653610
111.187042	149.920319	204.597626
111.262779	149.918732	204.611786
111.254585	149.919479	204.620865
111.261276	149.914001	204.606689
111.284073	149.928116	204.577042
111.331764	149.915131	204.367432
111.322998	149.928787	204.208252
111.377762	149.921890	204.125336
111.369919	149.927612	204.140488
111.381371	149.928055	204.140259
111.398895	149.933014	204.130508
111.423111	149.945526	204.111298
111.446846	149.943176	204.132294
111.372696	149.943283	204.102127
111.449425	149.935913	203.928284
111.417397	149.947601	203.702347
111.408913	149.955170	203.635605
111.376640	149.941849	203.642731
111.337440	149.931686	203.584747
111.333977	149.949326	203.377106
111.316856	149.949265	203.318054
111.290550	149.947037	203.295670
111.254913	149.947098	203.260361
111.302719	149.932495	203.135147
111.240517	149.933014	202.781693
111.265297	149.937027	202.243164
111.252373	149.934494	201.659836
111.263969	149.914948	201.137070
111.254173	149.933746	200.503052
111.251854	149.923325	199.751251
111.223663	149.939835	199.178284
111.221741	149.942047	198.923035
111.188721	149.946716	198.728851
111.218361	149.925415	198.550751
111.192215	149.945023	197.991837
111.173508	149.931290	197.156799
111.239517	149.923325	196.259811
111.235542	149.936127	195.242859
111.254173	149.925644	194.127167
111.196320	149.927994	192.802444
111.244774	149.892212	191.807739
111.285797	149.857773	190.885696
111.264290	149.796127	190.133926
111.244225	149.730438	189.494339
111.202980	149.681412	188.837128
111.242790	149.626221	188.375336
111.210724	149.590897	187.820694
111.209297	149.529221	187.184082
111.175903	149.464355	186.367722
111.211693	149.373718	185.739441
111.187157	149.296844	185.027084
111.184647	149.245224	184.397461
111.239799	149.179947	183.894669
111.254311	149.104553	183.357254
111.286942	149.045456	182.871521
111.264374	149.003693	182.287460
111.243279	149.035080	181.419907
111.247322	149.125259	180.306534
111.302338	149.176376	179.274765
111.326744	149.220215	178.475708
111.287704	149.203827	177.801010
111.301331	149.169128	177.229141
111.292473	149.151321	176.628372
111.261414	149.198929	175.943863
111.263062	149.291183	175.305115
111.265907	149.411072	174.596085
111.234306	149.512299	173.929688
111.246689	149.628876	173.392944
111.280510	149.711594	173.095932
111.308731	149.746460	172.807114
111.300621	149.775284	172.410172
111.295937	149.886276	171.787018
111.299255	149.914963	171.474487
111.330864	149.915070	171.195450
111.321289	149.940598	170.963013
111.346100	149.940338	170.774185
111.317932	149.921875	170.445297
111.347084	149.920654	170.102173
111.347809	149.914322	169.740936
111.360466	149.926254	169.112259
111.383408	149.923828	168.575806
111.413834	149.929855	168.054871
111.460762	149.920288	167.503586
111.448875	149.932938	167.058136
111.396172	149.938919	166.644104
111.401337	149.933075	166.199814
111.420242	149.934479	165.528061
111.389748	149.928253	164.854935
111.362389	149.926437	164.225677
111.366402	149.931290	163.524170
111.419434	149.928726	162.948792
111.419365	149.921249	162.690643
111.442375	149.914719	162.161301
111.416603	149.920853	161.417313
111.374725	149.931702	160.580627
111.396545	149.933258	159.753479
111.400002	149.931229	159.188644
111.404747	149.931396	158.744659
111.404694	149.925522	158.354675
111.407967	149.922394	157.985306
111.384010	149.920029	157.386292
111.351349	149.914276	156.742447
111.338295	149.920364	156.163116
111.291267	149.928757	155.738907
111.277603	149.921173	155.273010
111.277344	149.914307	155.023407
111.250420	149.916534	154.772339
111.280815	149.908386	154.273880
111.292313	149.911392	153.755890
111.270126	149.916275	153.458786
111.224113	149.902420	153.340317
111.192574	149.916336	153.078827
111.239281	149.905243	152.740143
111.229858	149.904251	152.386612
111.281425	149.913620	152.010132
111.267700	149.911102	151.446777
111.279655	149.917267	150.706299
111.301544	149.932922	149.917099
111.347183	149.922195	149.280731
111.333725	149.923203	149.072556
111.340576	149.916763	148.925339
111.333206	149.910492	148.551086
111.296371	149.903702	147.946976
111.306030	149.897949	147.508392
111.261810	149.908386	147.117874
111.243980	149.925934	146.947311
111.311546	149.912384	146.766708
111.257530	149.917511	146.359512
111.286545	149.923996	146.103500
111.313843	149.914291	146.043594
111.323425	149.905914	146.055359
111.286369	149.924789	145.947311
111.327805	149.920074	145.644913
111.356453	149.916611	145.058075
111.313118	149.927689	144.588364
111.357635	149.919647	144.343048
111.305038	149.918549	144.114899
111.307358	149.931320	143.784546
111.434738	149.920944	143.387634
111.544258	149.929977	142.846725
111.659660	149.934189	142.037933
111.849411	149.942200	141.595062
111.823639	149.933884	141.270645
111.719177	149.937973	141.205887
111.688820	149.936646	141.205261
111.691818	149.932892	141.193375
111.682991	149.935089	141.197601
111.615509	149.926926	141.188309
111.625702	149.929474	141.188980
111.542831	149.931458	141.169983
111.533264	149.929153	141.163818
111.588737	149.927567	141.191208
111.571869	149.929352	141.173599
111.501877	149.926437	141.146973
111.495667	149.909653	141.158188
111.404716	149.929840	141.120804
111.421715	149.919754	141.132935
111.571442	149.928772	141.162048
285.820068	230.004028	74.764778
285.772400	229.911942	74.726288
285.745483	229.832443	74.721024
285.755707	229.775970	74.715919
285.760925	229.658813	74.737358
285.735687	229.419235	74.714890
285.751312	229.270996	74.742958
285.724487	229.248779	74.729126
285.766083	229.238754	74.731537
285.775635	229.248337	74.738907
285.768188	229.292908	74.720131
285.769897	229.431763	74.716507
285.820465	229.775925	74.745064
285.810028	230.231613	74.735268
285.867188	230.829697	74.769096
285.890930	231.555283	74.790962
285.961304	232.443115	74.817551
286.037811	233.488495	74.818565
286.048737	234.523376	74.790482
286.045319	235.450867	74.799004
286.145477	236.242462	74.834450
286.152161	237.103043	74.833054
286.118469	238.110519	74.808556
286.067322	239.197128	74.746376
286.128113	240.167038	74.755989
286.180695	241.301208	74.803055
286.242798	242.319199	74.787598
286.201691	243.174210	74.770630
286.219574	243.787247	74.775200
286.175415	244.390121	74.744423
286.190582	245.012756	74.723312
286.161926	245.541733	74.700356
286.222443	245.874741	74.702240
286.246552	246.108185	74.719124
286.218140	246.335388	74.704216
286.261627	246.644730	74.736549
286.237061	246.984543	74.703423
286.254639	247.241135	74.706459
286.267944	247.489532	74.714302
286.216034	247.710632	74.679085
286.214996	247.863205	74.678246
286.261108	247.988297	74.693985
286.274963	248.171814	74.706375
286.269165	248.496674	74.692253
286.301697	248.833298	74.701294
286.335815	249.181351	74.689102
286.314270	249.556473	74.702530
286.342346	249.897736	74.700699
286.349915	250.318588	74.698418
286.392639	250.783401	74.729774
286.426361	251.205170	74.714455
286.448853	251.689499	74.730652
286.475220	252.430450	74.718269
286.433105	253.118118	74.724144
286.424774	253.616776	74.698105
286.417969	253.967255	74.680031
286.413849	254.143921	74.680740
286.394226	254.147995	74.688591
286.398315	254.151047	74.695938
286.453064	254.131210	74.707756
286.432373	254.120773	74.689667
286.431488	254.122116	74.694115
286.399841	254.112915	74.689903
286.423615	253.901550	74.718025
286.429260	253.683075	74.730934
286.373901	253.265350	74.693390
286.417938	252.692764	74.745300
286.394592	252.239441	74.726219
286.393616	251.837921	74.732208
286.325165	251.539612	74.716347
286.305298	251.235535	74.718712
286.162598	250.894119	74.669296
286.211517	250.468781	74.677223
286.281464	249.969955	74.722183
286.389191	249.415237	74.771484
286.337891	248.914169	74.784500
286.377686	248.360306	74.806198
286.328857	247.784744	74.766487
286.150146	247.285477	74.702309
286.143982	246.718719	74.719421
286.144806	246.175568	74.717064
286.197632	245.499237	74.761688
286.255371	244.663544	74.780388
286.239044	243.786774	74.788422
286.108887	242.869705	74.746506
286.152039	241.787537	74.804062
286.175873	240.530212	74.798218
286.083496	239.537415	74.786964
286.057892	238.616089	74.793396
286.066742	237.898056	74.802460
286.045380	237.282242	74.820663
286.082367	236.630508	74.835381
286.055420	236.059433	74.822487
285.921997	235.510727	74.776337
285.901978	235.066757	74.774803
285.892517	234.688675	74.763359
285.866943	234.354660	74.764412
285.850037	234.030945	74.757202
285.878387	233.733459	74.783371
285.952209	233.451767	74.828583
285.993195	233.065491	74.837135
286.057373	232.686783	74.864822
286.059204	232.313690	74.889351
286.025818	231.927505	74.879227
286.060455	231.582428	74.885406
285.935303	231.417130	74.844559
285.955383	231.163437	74.867943
285.916809	230.794937	74.846725
285.896545	230.442566	74.824753
285.864136	230.251724	74.829285
285.846130	230.146500	74.823257
285.881775	229.987030	74.864311
285.896637	229.960266	74.847420
285.921753	229.942566	74.847916
285.934265	229.892609	74.864807
285.949310	229.734833	74.878990
285.953766	229.359665	74.876236
285.992584	229.072906	74.890182
285.968048	228.800217	74.901787
285.910919	228.468460	74.864471
285.912506	228.179108	74.865631
285.925934	228.138870	74.879501
285.930298	228.127197	74.894577
285.936523	228.069275	74.895889
285.953278	228.034973	74.909920
285.907837	228.079865	74.841949
285.960693	228.246475	74.875504
285.898987	228.735611	74.826927
285.902008	229.569824	74.827026
285.924988	230.749390	74.830338
286.106720	232.009399	74.862228
285.995575	233.100891	74.820175
285.928741	233.971481	74.748192
285.932037	234.780914	74.709648
285.944519	235.414078	74.761360
286.016205	235.955063	74.793404
286.091949	236.445435	74.806503
286.080322	237.034714	74.781097
286.072327	237.634201	74.779968
286.115173	238.311188	74.791618
286.107269	238.979218	74.772530
286.159515	239.411896	74.801514
286.179077	239.757980	74.789490
286.179779	240.044540	74.796242
286.229279	240.212097	74.817612
286.245605	240.425217	74.809349
286.228210	240.855225	74.818199
286.275574	241.438538	74.817078
286.299957	241.850571	74.822845
286.353424	242.055176	74.850929
286.301849	242.110367	74.828491
286.296967	242.102692	74.808792
286.280121	242.119507	74.819199
286.272736	242.130966	74.791420
286.256531	242.122833	74.784767
286.247681	242.121094	74.776161
286.178955	242.133606	74.755302
286.196381	242.142715	74.732231
286.226166	242.141342	74.758934
286.261444	242.133118	74.766365
286.293091	242.106735	74.793098
286.288483	242.118469	74.782364
286.240387	242.136826	74.724937
286.194092	242.145187	74.713280
286.215515	242.134583	74.725510
286.230072	242.135132	74.723137
286.248840	242.129837	74.734993
286.258270	242.129288	74.742569
286.241913	242.085266	74.739952
286.184296	242.084351	74.724907
300.871063	257.870331	120.618492
285.467316	221.135834	67.696800
285.526794	221.118134	67.677963
285.553162	221.100098	67.653496
285.571869	221.076035	67.661255
285.563873	221.086884	67.620750
285.590302	221.062439	67.582779
285.557983	221.071594	67.588089
285.531677	221.085876	67.552559
285.518402	221.082718	67.516212
285.479797	221.107712	67.443085
285.519958	221.095078	67.392235
285.509979	221.086548	67.309830
285.511963	221.085602	67.178528
285.555420	221.063034	67.059113
285.515259	221.070892	66.957718
285.458038	221.096863	66.864258
285.460449	221.098831	66.737160
285.447510	221.110184	66.654282
285.476593	221.093277	66.655197
285.510498	221.084717	66.623772
285.490601	221.093307	66.592857
285.474640	221.103180	66.447830
285.472778	221.100449	66.216286
285.429810	221.126694	66.070190
285.414490	221.124405	66.042076
285.432526	221.129303	65.971321
285.394562	221.143753	65.763054
285.414154	221.111679	65.590218
285.401123	221.114822	65.525803
285.409302	221.122665	65.414154
285.404968	221.120590	65.227829
285.396545	221.115616	64.954811
285.374664	221.108398	64.618134
285.353607	221.121185	64.130562
285.363434	221.115509	63.569458
285.380219	221.093430	63.059860
285.412476	221.069916	62.654221
285.427795	221.068146	62.207531
285.435242	221.056534	61.810253
285.453613	221.028915	61.394051
285.424744	221.047043	60.923622
285.389282	221.058945	60.383305
285.377838	221.050858	59.543137
285.333893	221.061859	58.585491
285.302368	221.065735	57.774693
285.307800	221.049728	57.164021
285.278503	221.064743	56.663853
285.247650	221.072998	56.239079
285.296661	221.038940	55.815811
285.303436	221.037521	55.369507
285.263428	221.041946	54.989365
285.257751	221.054489	54.600658
285.270111	221.040649	54.300072
285.223480	221.049927	53.990246
285.231018	221.044632	53.746292
285.220703	221.047134	53.281563
285.235352	221.039734	52.832996
285.223175	221.040237	52.437927
285.241608	221.015701	52.189934
285.246002	221.011627	51.931850
285.213226	221.017975	51.573471
285.216736	221.022797	51.222992
285.231354	221.004089	50.852337
285.215149	221.020142	50.310383
285.192352	221.011368	49.713280
285.159882	221.024658	49.126888
285.172363	221.007126	48.762039
285.126038	221.038528	48.257904
285.165497	221.014023	47.945904
285.171814	220.998993	47.796581
285.149750	221.016357	47.619164
285.184265	220.997543	47.546944
285.137482	221.019562	47.469982
285.160919	221.001236	47.374691
285.137787	221.014130	47.094852
285.111298	221.024216	46.843967
285.088623	221.035339	46.658916
285.139343	221.003647	46.404690
285.167664	220.977234	46.261787
285.149139	220.986832	46.224606
285.144897	220.994949	46.260197
285.099884	221.015945	46.251747
285.211609	220.958267	46.343239
285.195435	220.980560	46.547924
285.186615	220.982758	46.988956
285.222656	220.984299	47.974617
285.188599	221.009109	49.477894
285.228424	220.993179	50.798248
285.202454	221.004669	51.612724
285.163330	221.033722	52.257469
285.188110	221.034637	53.039391
285.221375	221.030197	53.712605
285.220856	221.042679	54.407906
285.206787	221.060654	55.355724
285.247833	221.052185	56.391708
285.257538	221.065521	57.403675
285.315033	221.050186	58.466732
285.298065	221.069946	59.476974
285.322693	221.072708	60.333992
285.347382	221.068527	61.113228
285.378082	221.062805	61.885506
285.382172	221.065125	62.584946
285.391418	221.081177	63.296410
285.396301	221.087479	63.867542
285.372681	221.100754	64.257774
285.407593	221.082520	64.616844
285.381714	221.104919	64.909233
285.388000	221.106873	65.247177
285.395538	221.092834	65.683517
285.407745	221.084610	66.275475
285.418732	221.089890	66.889648
285.407196	221.102676	67.514862
285.456482	221.089157	67.884544
285.496307	221.074493	68.193291
285.498810	221.075729	68.528702
285.500061	221.082275	68.885422
285.487061	221.092545	69.182152
285.447876	221.112396	69.406418
285.498474	221.095230	69.571274
285.473114	221.115829	69.593018
285.448944	221.120148	69.591408
285.485321	221.103195	69.611496
285.453949	221.124741	69.590187
285.492004	221.107361	69.597488
285.454407	221.130417	69.544891
285.445465	221.126663	69.549362
285.418030	221.146637	69.499184
285.441193	221.139221	69.352875
285.487610	221.113403	68.982437
285.455627	221.110657	68.248589
285.417053	221.118668	67.287567
285.475586	221.082764	66.226089
285.421600	221.099686	65.296516
285.388947	221.098953	64.455406
285.415283	221.078369	63.663990
285.341125	221.105850	62.862221
285.333160	221.086975	62.029129
285.365051	221.072205	61.157955
285.327393	221.069901	60.335232
285.322662	221.068298	59.548687
285.312439	221.062378	58.818295
285.292206	221.065552	58.253780
285.297882	221.065674	57.708065
285.298035	221.065338	57.183090
285.324829	221.032242	56.697472
285.293976	221.042206	56.194592
285.276978	221.064972	55.658596
285.309967	221.032547	55.181519
285.242432	221.051895	54.711727
285.247375	221.040619	54.400948
285.272217	221.043762	54.125492
285.260712	221.047333	53.897041
285.242157	221.039871	53.721375
285.235748	221.044266	53.498814
285.234131	221.041290	53.212234
285.220459	221.050522	52.976524
285.270264	221.008438	52.762909
285.257507	221.017593	52.541233
285.177155	221.061295	52.268070
285.199341	221.054871	51.976784
285.199066	221.036606	51.691711
285.226318	221.026230	51.434677
285.220367	221.023376	51.117531
285.215179	221.021622	50.793125
285.224762	221.017776	50.506481
285.237946	221.009369	50.240025
285.232819	221.014282	49.952984
285.217102	221.020981	49.672691
285.196442	221.022278	49.395741
285.218079	221.013306	49.162106
285.208740	221.019714	48.997612
285.206421	221.028702	48.869289
285.226135	220.992264	48.717087
285.222260	220.994370	48.515240
285.238342	220.992783	48.380398
285.219666	221.005173	48.288448
285.221680	220.995590	48.232826
285.202393	221.012909	48.190365
285.251648	220.980865	48.172626
285.187592	221.018250	48.108398
285.198608	221.013550	48.140984
285.198730	221.012329	48.115150
285.200958	221.016418	48.134548
285.171936	221.018448	48.146431
285.168823	221.024139	48.140453
285.177490	221.011566	48.157021
285.161102	221.027863	48.138676
285.196075	221.018143	48.168045
285.168457	221.031448	48.151886
285.194977	221.023682	48.155605
285.200165	221.019547	48.186012
285.142029	221.043320	48.157333
285.125977	221.028732	48.184471
285.163452	220.994797	48.176403
284.945923	220.991486	47.869335
284.049530	220.744354	46.677624
284.092102	218.731186	45.260418
284.910400	215.611313	44.307823
285.986420	211.768692	43.531704
287.948792	207.199722	42.161793
357.156403	222.654938	17.944275
285.291809	229.306335	34.224442
285.293518	229.300186	34.192154
285.270782	229.312164	34.206779
285.340118	229.298401	34.211136
285.311340	229.306244	34.206623
285.322235	229.301270	34.210617
285.352356	229.287430	34.205952
285.351715	229.281616	34.227238
285.329071	229.297974	34.211308
285.278595	229.315582	34.205055
285.319733	229.319733	34.186604
285.318604	229.317017	34.195396
285.326172	229.315948	34.195026
285.339081	229.323944	34.197655
285.317932	229.325867	34.196053
285.344513	229.311249	34.201546
285.308136	229.334686	34.187302
285.355988	229.313995	34.189854
285.357819	229.374115	34.203850
285.299011	229.564209	34.188808
285.352753	229.841171	34.194004
285.338593	230.269867	34.180763
285.362854	230.781555	34.197048
285.393860	231.367966	34.181778
285.302887	232.040527	34.179874
285.380920	232.640732	34.182137
285.394409	233.125519	34.171688
285.383942	233.588867	34.168873
285.424103	233.977386	34.163704
285.429169	234.276840	34.170841
285.377045	234.518967	34.164452
285.339539	234.723083	34.156322
285.360229	234.894653	34.178432
285.333740	235.110168	34.164345
285.322052	235.305313	34.160259
285.364746	235.580231	34.173779
285.386078	235.904984	34.147312
285.359314	236.285751	34.139278
285.332916	236.628296	34.143681
285.388367	237.009613	34.186455
285.349335	237.518585	34.122524
285.383850	237.954758	34.150574
285.403442	238.331894	34.155552
285.338257	238.719864	34.149956
285.367981	239.119965	34.137043
285.421753	239.551743	34.140789
285.391052	240.185028	34.114876
285.420258	240.887589	34.142357
285.494720	241.565491	34.141705
285.470734	242.254395	34.124554
285.492615	242.931595	34.109356
285.494446	243.589661	34.093018
285.531281	244.097214	34.095737
285.587830	244.505569	34.106651
285.600891	244.877899	34.109230
285.617676	245.228897	34.111656
285.638611	245.641785	34.111141
285.645782	246.106873	34.110958
285.620361	246.629486	34.105438
285.602692	247.193176	34.094353
285.629639	247.698822	34.073818
285.632080	248.146301	34.069458
285.599640	248.572250	34.069637
285.642181	248.991837	34.081127
285.669067	249.315018	34.099072
285.624023	249.635376	34.101349
285.623230	249.854523	34.082436
285.609344	250.057541	34.091888
285.623260	250.329254	34.083820
285.602203	250.597321	34.071392
285.594330	250.776031	34.071373
285.600586	250.976227	34.081188
285.599030	251.145340	34.070965
285.585236	251.257187	34.100925
285.612640	251.408829	34.077797
285.626251	251.652954	34.084015
285.610687	252.038879	34.071362
285.622162	252.407776	34.073982
285.650604	252.778931	34.081852
285.610107	253.078537	34.034447
285.609863	253.254608	34.038921
285.640228	253.278702	34.040997
285.653992	253.279251	34.047131
285.687805	253.284836	34.051262
285.673859	253.293243	34.029285
285.682312	253.289749	34.059223
285.627228	253.375641	34.057098
285.645599	253.432159	34.041252
285.665558	253.446274	34.059132
285.640991	253.467209	34.042942
285.616669	253.479324	34.053265
285.664734	253.443558	34.053757
285.633087	253.438004	34.059505
285.651398	253.383240	34.074017
285.676666	253.095901	34.038666
285.674713	252.614624	34.059673
285.699524	252.124924	34.059471
285.729248	251.616425	34.076218
285.746460	251.013901	34.075119
285.709381	250.395859	34.046738
285.695313	249.702667	34.070690
285.693390	248.947296	34.081425
285.719910	248.175720	34.066116
285.702698	247.513260	34.083855
285.680237	246.833893	34.071144
285.703583	246.129501	34.083439
285.652588	245.483963	34.082584
285.593628	244.820541	34.100693
285.545929	244.168335	34.113781
285.506195	243.484421	34.081440
285.487000	242.716919	34.117924
285.472717	242.017349	34.097630
285.484436	241.422089	34.119587
285.427521	240.935974	34.114407
285.474670	240.457596	34.142693
285.421204	240.064163	34.107380
285.443542	239.681519	34.121620
285.456512	239.341675	34.129921
285.492340	239.028244	34.140491
285.472107	238.706589	34.125286
285.446228	238.354843	34.144417
285.416992	237.972137	34.134705
285.439667	237.614105	34.145596
285.424011	237.236893	34.157104
285.460938	236.778275	34.177792
285.323792	236.458099	34.166889
285.352264	236.070358	34.178959
285.384979	235.599060	34.166401
285.372925	235.115067	34.166161
285.378723	234.612885	34.174507
285.356323	234.114365	34.167130
285.381073	233.580582	34.168518
285.407349	233.061020	34.201778
285.340515	232.586594	34.177368
285.321381	232.062836	34.191650
285.379364	231.526047	34.205910
285.387848	231.053452	34.217842
285.368622	230.782700	34.197659
285.344452	230.576981	34.214233
285.341980	230.345016	34.198799
285.327576	230.199341	34.190643
285.333527	230.052109	34.189610
285.332855	229.869659	34.187042
285.317444	229.707138	34.193722
285.342682	229.535538	34.198078
285.327301	229.379852	34.184761
285.343323	229.127914	34.185013
285.292297	228.776123	34.186489
285.304657	228.562988	34.216042
285.273560	228.452911	34.200748
285.262848	228.263275	34.212242
285.282410	228.197266	34.194157
285.288879	228.186951	34.210289
285.303558	228.170670	34.229057
285.294250	228.191025	34.186466
285.279083	228.148865	34.208652
285.290497	228.154556	34.203251
285.274261	228.160446	34.201305
285.278839	228.174194	34.205441
285.315887	228.188492	34.203522
285.324829	228.264740	34.191154
285.309296	228.629257	34.183426
285.324097	229.115738	34.202835
285.329681	229.714890	34.182510
285.399231	230.315308	34.168869
285.376862	230.877090	34.189407
285.381927	231.422363	34.156769
285.448608	231.862350	34.189445
285.407043	232.391998	34.176540
285.372345	232.954895	34.152882
285.425049	233.531921	34.154701
285.362946	234.150467	34.133564
285.345947	234.736679	34.133900
285.415131	235.198792	34.148148
285.404938	235.630112	34.141720
285.369934	236.065140	34.135357
285.391479	236.388290	34.128323
285.430695	236.656738	34.118099
285.457825	237.020721	34.121834
285.433105	237.557724	34.134262
285.432312	238.231689	34.094021
285.449341	238.992859	34.113350
285.482269	239.791382	34.135746
285.501831	240.646271	34.117527
285.485718	241.387146	34.122509
285.522797	242.072113	34.089993
285.610016	242.650742	34.112728
285.601135	243.188522	34.076122
285.644196	243.645813	34.089962
285.666168	244.074661	34.080635
285.673920	244.507629	34.079933
285.671722	245.030762	34.079239
285.674042	245.591217	34.078297
285.702301	246.080612	34.075325
285.711578	246.564224	34.075542
285.715302	247.071426	34.092739
285.688263	247.555374	34.099861
285.672394	248.101486	34.070740
285.719360	248.724274	34.084927
285.688232	249.384766	34.082058
285.673553	250.032059	34.072342
285.673492	250.538406	34.061897
285.668915	250.906815	34.064457
285.695160	251.143906	34.055454
285.668121	251.289291	34.061451
285.656494	251.431656	34.069721
285.666504	251.607529	34.055119
285.638794	251.848160	34.066681
285.656433	252.021667	34.061630
285.667877	252.294891	34.047470
285.670258	252.512222	34.044971
285.656403	252.582397	34.061935
285.640717	252.723053	34.046978
285.656433	252.880203	34.037048
285.642639	252.951462	34.028679
285.635101	253.178253	34.031464
285.675903	253.601517	34.029541
285.671631	253.754745	34.056580
285.655731	253.793533	34.046230
285.642914	253.896301	34.028896
285.669037	253.926880	34.058517
285.655579	253.935883	34.031342
285.709503	253.924011	34.051582
285.714752	253.928467	34.043594
285.692963	253.917542	34.039005
285.627960	253.923584	34.059948
285.600037	253.936768	34.038792
285.619049	253.931961	34.056152
285.617126	253.932098	34.056057
285.641602	253.932953	34.051487
285.641418	253.921967	34.049950
285.617523	253.922180	34.052036
285.569916	253.939545	34.026890
285.605072	253.905121	34.048439
285.550812	253.768234	34.054279
284.400787	253.344833	33.918800
282.572296	252.511078	32.910870
280.937439	251.888489	31.895452
265.144836	268.733093	6.900650
285.837830	261.585205	41.610382
285.799377	261.598633	41.569489
285.867126	261.561951	41.620640
285.888641	261.564362	41.597992
285.858765	261.592529	41.587257
285.850952	261.559814	41.593666
285.819580	261.575012	41.598110
285.773529	261.567902	41.574600
285.852295	261.548126	41.612991
285.846924	261.554688	41.597771
285.802856	261.553772	41.583450
285.775848	261.570526	41.563152
285.812286	261.578583	41.584610
285.779938	261.569977	41.588757
285.734161	261.576843	41.578480
285.762512	261.555542	41.587017
285.731201	261.586517	41.589817
285.749908	261.576324	41.601570
285.823486	261.559387	41.644920
285.804657	261.568115	41.628040
285.811737	261.546997	41.667049
285.813629	261.542542	41.734638
285.781403	261.559784	41.906437
285.804962	261.556580	42.063530
285.798187	261.560242	42.241814
285.820038	261.572662	42.602119
285.786896	261.581268	43.166687
285.786163	261.577057	43.585396
285.819427	261.578918	44.025093
285.790955	261.577576	44.599342
285.836914	261.561646	45.176590
285.808228	261.572693	45.465153
285.808777	261.562958	45.781532
285.851349	261.565063	46.175278
285.801697	261.595093	46.744194
285.849884	261.569916	47.272003
285.855133	261.586334	47.700851
285.827789	261.605011	48.193077
285.827515	261.592804	48.752838
285.834900	261.590271	49.245483
285.840149	261.609802	49.782074
285.857605	261.612030	50.319321
285.872498	261.605377	51.203327
285.920868	261.614380	52.168591
285.897797	261.614624	52.846401
285.897308	261.616821	53.434605
285.916748	261.610718	53.916534
285.947540	261.615082	54.573452
285.929840	261.617554	55.388847
285.946747	261.625244	56.044403
285.921173	261.640686	56.592308
285.960266	261.631897	57.069778
285.975677	261.636963	57.503288
285.945801	261.658417	57.877804
285.948151	261.672913	58.296215
285.986420	261.624237	58.739780
285.950775	261.641266	59.263012
285.931702	261.656921	59.916424
285.921631	261.657806	60.721325
285.989105	261.633545	61.668510
286.010406	261.652832	62.570534
286.030670	261.667297	63.454239
286.006653	261.679932	64.255341
286.069366	261.658936	64.945496
286.066833	261.680664	65.523056
286.075256	261.689331	65.926872
286.098389	261.673126	66.433502
286.100159	261.692657	66.911613
286.060699	261.710266	67.369316
286.097290	261.700134	67.770294
286.127380	261.682953	68.079147
286.086395	261.690399	68.255577
286.096436	261.690491	68.400314
286.106201	261.694244	68.564957
286.120697	261.702179	68.663116
286.101654	261.699249	68.722954
286.088135	261.715363	68.838242
286.084808	261.702209	68.908745
286.051514	261.720367	68.895859
286.099426	261.707245	68.898155
286.109650	261.691498	68.922699
286.100281	261.703278	68.896347
286.073608	261.736053	68.872620
286.133057	261.697754	68.912598
286.108002	261.689789	68.936684
286.121063	261.688232	68.935715
286.105133	261.717712	68.916512
286.089142	261.726685	68.989937
286.129944	261.707977	69.100235
286.130035	261.709351	69.098824
286.144348	261.711273	69.086914
286.108826	261.724854	68.970772
286.115234	261.701324	68.654625
286.107910	261.705139	68.153809
286.125183	261.693542	67.547188
286.098846	261.700043	66.861649
286.089783	261.680023	66.177925
286.097931	261.690399	65.589607
286.110901	261.676270	65.094765
286.063019	261.701141	64.677353
286.087769	261.675446	64.265427
286.087799	261.677704	63.825932
286.114014	261.670593	63.330750
286.065033	261.688416	62.711338
286.101440	261.686188	61.999409
286.097687	261.680267	61.209320
286.088806	261.679901	60.386356
286.021027	261.678497	59.586945
286.005066	261.662384	58.820927
286.024048	261.644348	58.223442
285.967194	261.660706	57.676640
285.996582	261.654419	57.133060
285.993988	261.632629	56.473156
285.960876	261.632263	55.619377
285.921143	261.629272	54.643414
285.901642	261.629883	53.683113
285.877167	261.619049	52.782852
285.904510	261.617096	51.905247
285.899323	261.613159	50.981945
285.875000	261.629272	50.305496
285.879913	261.609161	49.759247
285.844452	261.606781	49.220409
285.864532	261.596008	48.813221
285.834229	261.594177	48.443367
285.856537	261.589630	48.009785
285.848480	261.593353	47.499187
285.789886	261.617462	46.854790
285.819489	261.594666	46.150246
285.826965	261.562927	45.485493
285.804474	261.557007	44.914757
285.801636	261.562683	44.359241
285.849609	261.546753	44.044250
285.760803	261.576111	43.723274
285.738525	261.581390	43.442505
285.755035	261.572449	43.234924
285.754211	261.575409	43.056103
285.756134	261.571564	42.802094
285.759827	261.558624	42.582951
285.782867	261.548340	42.378510
285.700317	261.583893	42.206722
285.721497	261.582489	42.084904
285.708282	261.567596	41.987514
285.711578	261.569092	41.906086
285.727631	261.562866	41.713566
285.745026	261.548950	41.586136
285.717010	261.576050	41.354557
285.749725	261.546143	41.103161
285.742554	261.550201	40.872849
285.735840	261.550537	40.861599
285.745239	261.541931	40.871433
285.715485	261.555634	40.873589
285.713013	261.560852	40.927753
285.732208	261.557678	41.260345
285.731140	261.550415	41.920151
285.745605	261.555267	42.928173
285.752197	261.567291	44.215424
285.832550	261.567719	45.526382
285.834839	261.582214	46.655880
285.852325	261.599731	47.458748
285.843323	261.595154	48.045261
285.882843	261.600464	48.703064
285.908325	261.587860	49.419731
285.901031	261.615265	50.180603
285.924835	261.621552	51.028191
285.915253	261.638916	51.922821
285.921509	261.624817	52.598644
285.946869	261.634186	53.107643
285.958466	261.618774	53.554790
285.923920	261.625122	53.988605
285.973175	261.614349	54.547405
285.948975	261.642792	55.115635
285.942108	261.641418	55.649929
285.970184	261.642487	56.184971
285.970398	261.639496	56.786171
286.021362	261.627625	57.442520
286.010345	261.644958	58.064640
286.050110	261.636444	58.634144
286.004944	261.651245	59.255966
286.012543	261.645447	59.880314
286.009827	261.646881	60.513432
286.042938	261.661102	61.299183
286.045746	261.672058	62.156860
286.042328	261.670532	63.079880
286.116577	261.654297	63.964535
286.098267	261.682343	64.753395
286.109772	261.698151	65.469246
286.113556	261.706787	66.172844
286.175110	261.698792	66.777901
286.197540	261.689789	67.305359
286.162476	261.706940	67.867699
286.183929	261.695801	68.164696
286.168793	261.697601	68.451294
286.190247	261.705048	68.520966
286.179504	261.714600	68.516357
286.155945	261.724365	68.494812
286.206940	261.687927	68.532944
286.157074	261.704803	68.498505
286.148071	261.717346	68.492050
286.162689	261.715454	68.492699
286.229675	261.687775	68.522705
286.182373	261.720367	68.472679
286.175690	261.712372	68.484642
286.205994	261.702209	68.496094
286.179810	261.694122	68.489624
286.136597	261.708862	68.475357
286.191223	261.690277	68.509354
286.160767	261.711395	68.481766
286.181763	261.703033	68.486549
286.157257	261.709015	68.481247
286.182709	261.709106	68.489914
286.133728	261.737488	68.493874
