  7.680000305176e+001
  7.692639250976e+001
  7.686254432531e+001
  7.689400756580e+001
  7.699497766660e+001
  7.703204928650e+001
  7.709799329754e+001
  7.729520559850e+001
  7.742229038247e+001
  7.768279919655e+001
  7.780359111379e+001
  7.782254070136e+001
  7.762013527011e+001
  7.754787533512e+001
  7.763864984441e+001
  7.772704487316e+001
  7.799160791159e+001
  7.824608512071e+001
  7.821836045964e+001
  7.812824588899e+001
  7.811066907739e+001
  7.806408265509e+001
  7.826691489745e+001
  7.841625547088e+001
  7.834299544580e+001
  7.828553812789e+001
  7.816257920516e+001
  7.811000007626e+001
  7.900219602341e+001
  7.905939631764e+001
  7.948818280287e+001
  7.973296438102e+001
  7.990366975544e+001
  8.031054239659e+001
  8.049930141764e+001
  8.106102765116e+001
  8.199494552209e+001
  8.268019923206e+001
  8.332287143061e+001
  8.343703625409e+001
  8.384055978925e+001
  8.391769779340e+001
  8.430566232085e+001
  8.426364965381e+001
  8.409620253579e+001
  8.431795392171e+001
  8.413035157482e+001
  8.402751725174e+001
  8.379595841675e+001
  8.376820393187e+001
  8.371176780036e+001
  8.364708453931e+001
  8.323961897658e+001
  8.274332480257e+001
  8.178096527060e+001
  8.141296781751e+001
  8.102790582220e+001
  8.065443089728e+001
  8.023240913216e+001
  8.018215029312e+001
  8.013451720834e+001
  8.000093539551e+001
  8.078598357366e+001
  8.082744089654e+001
  8.078812638280e+001
  8.076830509526e+001
  8.064248198268e+001
  8.039482544122e+001
  8.024855136272e+001
  8.035527669796e+001
  8.027198663313e+001
  8.029554211708e+001
  8.048331963848e+001
  8.047738513515e+001
  8.048999532030e+001
  7.988881787216e+001
  7.848381220677e+001
  8.034898695775e+001
  8.554799698051e+001
  8.911086859919e+001
  9.285715650856e+001
  9.405649924432e+001
  9.321924690235e+001
  9.253011751368e+001
  9.112580223588e+001
  9.143707701040e+001
  9.166651586095e+001
  9.166315745546e+001
  9.166464256748e+001
  9.192913754341e+001
  9.231157670963e+001
  9.287927957358e+001
  9.669741365189e+001
  9.929295713762e+001
  1.047321262673e+002
  1.086824869045e+002
  1.131998029650e+002
  1.145152114717e+002
  1.141709829642e+002
  1.133769432413e+002
  1.122721095628e+002
  1.116663563885e+002
  1.114368091181e+002
  1.116131452896e+002
  1.120304443082e+002
  1.129456875889e+002
  1.142281582946e+002
  1.157333529331e+002
  1.140845912164e+002
  1.141013096478e+002
  1.140885239027e+002
  1.142227856858e+002
  1.143351203148e+002
  1.143279253418e+002
  1.142999941842e+002
  1.170657883481e+002
  1.198365997017e+002
  1.226486452177e+002
  1.246910476959e+002
  1.261174231578e+002
  1.271757887066e+002
  1.278859662850e+002
  1.286458551698e+002
  1.289100151422e+002
  1.288798045431e+002
  1.290113968062e+002
  1.291097625500e+002
  1.289364463448e+002
  1.282707960070e+002
  1.279752404756e+002
  1.267904158998e+002
  1.288750129003e+002
  1.300948514623e+002
  1.327075614158e+002
  1.345372312733e+002
  1.321079261546e+002
  1.290278511549e+002
  1.264230986128e+002
  1.238433979127e+002
  1.215951527922e+002
  1.194710581253e+002
