  0.000000000000e+000
  0.000000000000e+000
  0.000000000000e+000
  0.000000000000e+000
  0.000000000000e+000
  0.000000000000e+000
  0.000000000000e+000
  0.000000000000e+000
  0.000000000000e+000
  9.800000000000e+001
  9.806355118620e+001
  9.802152333724e+001
  9.781375960684e+001
  9.776033581551e+001
  9.770660039317e+001
  9.783741500763e+001
  9.791152441604e+001
  9.802560895851e+001
  9.790785092250e+001
  9.784953071123e+001
  9.781334319696e+001
  9.793395783875e+001
  9.823812794958e+001
  9.835330758995e+001
  9.825014205605e+001
  9.827973213676e+001
  9.823655636114e+001
  9.828006737084e+001
  9.840421618327e+001
  9.828460531924e+001
  9.832863068405e+001
  9.840744119855e+001
  9.833185118556e+001
  9.838055968775e+001
  9.831952377160e+001
  9.852604430401e+001
  9.838179072994e+001
  9.846169228949e+001
  9.850146492786e+001
  9.847514014833e+001
  9.836540868467e+001
  9.681018048970e+001
  9.656491484846e+001
  9.670617139868e+001
  9.699335074853e+001
  9.708974575614e+001
  9.687956772132e+001
  9.672669062283e+001
  9.631451433280e+001
  9.582536555843e+001
  9.545407291807e+001
  9.534791022654e+001
  9.698044375262e+001
  9.731148556119e+001
  9.784149800570e+001
  9.732483370749e+001
  9.700440906206e+001
  9.730887498756e+001
  9.664765491462e+001
  9.746624571673e+001
  9.838893137363e+001
  9.918730064648e+001
  1.000775467581e+002
  1.002281731552e+002
  1.012680139313e+002
  1.012215933002e+002
  1.011837775701e+002
  1.008723897549e+002
  1.007296532000e+002
  1.007600302653e+002
  1.006391550984e+002
  1.006963183990e+002
  1.008823039107e+002
  1.008777640099e+002
  1.009313790918e+002
  1.009682042042e+002
  1.011977861222e+002
  1.011260383973e+002
  1.014374805513e+002
  1.024919565973e+002
  1.033247802435e+002
  1.040174567275e+002
  1.042216681432e+002
  1.033766022006e+002
  1.020006835934e+002
  1.016183971552e+002
  1.020677904247e+002
  1.017331315583e+002
  1.019560443324e+002
  1.017801693747e+002
  1.017624451255e+002
  1.019132643814e+002
  1.021798290176e+002
  1.022892046374e+002
  1.024400897302e+002
  1.026726029975e+002
  1.033611604551e+002
  1.046746307146e+002
  1.042571521374e+002
  1.048193672883e+002
  1.046570057022e+002
  1.047878036490e+002
  1.066002550583e+002
  1.068186517198e+002
  1.090428101580e+002
  1.095189434676e+002
  1.098155711505e+002
  1.098465965315e+002
  1.091822757432e+002
  1.092349650475e+002
  1.090913357470e+002
  1.091677022261e+002
  1.090726177955e+002
  1.089785944178e+002
  1.091209137630e+002
  1.091738591265e+002
  1.073629760145e+002
  1.073991326652e+002
  1.074165733583e+002
  1.074417551660e+002
  1.075067115343e+002
  1.075976175020e+002
  1.076789909421e+002
  1.077629455696e+002
  1.077664017555e+002
  1.077643886238e+002
  1.078589561367e+002
  1.078783227899e+002
  1.079842086330e+002
  1.079621050334e+002
  1.079206299248e+002
  1.078567676171e+002
  1.077744517904e+002
  1.077217713930e+002
  1.076879950183e+002
  1.077075273643e+002
  1.076717219601e+002
  1.065052550014e+002
  1.055125675983e+002
  1.053286897932e+002
  1.047953576715e+002
  1.038899209051e+002
  1.026532416961e+002
  1.021308242702e+002
  1.016473004653e+002
  1.017902288931e+002
  1.014854023908e+002
  1.013383381337e+002
  1.012774563060e+002
  1.010633833079e+002
  1.008424313282e+002
  1.006377577532e+002
  1.008724887987e+002
  1.007060819964e+002
  1.008305299134e+002
  1.009104153018e+002
  1.013298635555e+002
  1.019089235543e+002
  1.022252884147e+002
  1.035608515247e+002
  1.044241820443e+002
  1.089452993128e+002
  1.090961674064e+002
  1.054406196304e+002
  1.053023661372e+002
  1.051369428696e+002
  1.052154488126e+002
  1.053605461506e+002
  1.054182461553e+002
  1.053745927355e+002
  1.055044313065e+002
  1.055250991507e+002
  1.053975196076e+002
  1.053971967184e+002
  1.053844928191e+002
  1.053521213945e+002
  1.055191127112e+002
  1.055962310124e+002
  1.053763574600e+002
  1.053341471174e+002
  1.054576062539e+002
  1.056170245002e+002
  1.055748366326e+002
  1.055065561842e+002
  1.054811695697e+002
  1.054889547804e+002
  1.055704405006e+002
  1.055095915693e+002
  1.055903169278e+002
  1.055913755688e+002
  1.056236282964e+002
  1.056798498992e+002
  1.056158441587e+002
  1.055652573967e+002
  1.048710387054e+002
  1.046135015554e+002
  1.043650413738e+002
  1.040741642284e+002
  1.030370341717e+002
  1.014445088029e+002
  1.006782718837e+002
  1.015359488570e+002
  1.011551781964e+002
  1.001206742148e+002
  9.985749015104e+001
  1.051974150965e+002
  1.048474566182e+002
  1.048976953056e+002
  1.047248300904e+002
  1.047523095909e+002
  1.053656089756e+002
  1.054035661240e+002
  1.054203671602e+002
  1.054556762053e+002
  1.051048916332e+002
  1.076772018233e+002
  1.089367744561e+002
  1.110577946395e+002
  1.091005497220e+002
  1.089699039476e+002
  1.089212509381e+002
  1.087994417351e+002
  1.089405703348e+002
  1.089951203285e+002
  1.090322829721e+002
  1.089563150930e+002
  1.090353397620e+002
  1.084692180958e+002
  1.077335264047e+002
  1.057033986709e+002
  1.086338992870e+002
  1.089154367018e+002
  1.096989791766e+002
  1.100185387501e+002
  1.100820914261e+002
  1.098575289064e+002
  1.095890585325e+002
  1.094452952466e+002
  1.085554569052e+002
  1.089194679759e+002
  1.096167650147e+002
  1.104691121474e+002
  1.101526816131e+002
  1.075835688100e+002
  1.065859104086e+002
  1.065745495277e+002
  1.068465674737e+002
  1.068974439196e+002
  1.070581118213e+002
  1.069809155492e+002
  1.070163415769e+002
  1.068657898328e+002
  1.066603438822e+002
  1.067621153707e+002
  1.069339012450e+002
  1.070314832406e+002
  1.071740162470e+002
  1.072757083175e+002
  1.073231602424e+002
  1.073822148523e+002
  1.073767561782e+002
  1.076248732630e+002
  1.076694393018e+002
  1.068262372728e+002
  1.064979692391e+002
  1.065957702585e+002
  1.085414132977e+002
  1.081158381791e+002
  1.069791316202e+002
  1.095967417892e+002
  1.100022338476e+002
  1.105011224713e+002
  1.107031605243e+002
  1.131430150676e+002
  1.137860874963e+002
  1.141676219202e+002
  1.144254807122e+002
  1.143646921519e+002
  1.156666124171e+002
  1.155941378545e+002
  1.162925238512e+002
  1.161807914974e+002
  1.162387251913e+002
  1.163519411926e+002
  1.163308875144e+002
  1.162954234238e+002
  1.162879434517e+002
  1.163081810717e+002
  1.164728223743e+002
  1.165025888568e+002
  1.165258576735e+002
  1.165925701139e+002
  1.167812647428e+002
  1.166928104108e+002
  1.166940967412e+002
  1.166882058938e+002
  1.165078000971e+002
  1.158047636292e+002
  1.149180463110e+002
  1.148147058768e+002
  1.129593519809e+002
  1.122073047853e+002
  1.126001893785e+002
  1.124065252876e+002
  1.126057903034e+002
  1.115325880960e+002
  1.102667223910e+002
  1.081612954836e+002
  1.062645701609e+002
  1.045205746702e+002
  1.038713699588e+002
  1.032548138001e+002
  1.031239235937e+002
  1.035042855444e+002
  1.041229568896e+002
  1.051205875814e+002
  1.070186016690e+002
  1.084380487000e+002
  1.091410789017e+002
  1.096320236187e+002
  1.100500326296e+002
  1.108571326516e+002
  1.112248999529e+002
  1.132224695863e+002
  1.150729095894e+002
  1.166575636852e+002
  1.162349411442e+002
  1.162686529298e+002
  1.180569831410e+002
  1.137618569447e+002
  1.122926438415e+002
  1.107016661384e+002
  1.104542336503e+002
  1.104162367253e+002
  1.103529449046e+002
  1.103230155244e+002
  1.103406006339e+002
  1.104627904492e+002
  1.103234790859e+002
  1.102857275849e+002
  1.103773919325e+002
  1.103256463822e+002
  1.104701735284e+002
  1.103627747988e+002
  1.102953193779e+002
  1.102295247934e+002
  1.093930331073e+002
  1.089435058440e+002
  1.083378534064e+002
  1.091160900752e+002
  1.095903569911e+002
  1.098053932150e+002
  1.102734067098e+002
  1.100564846593e+002
  1.098283358907e+002
  1.094797772151e+002
  1.086932000688e+002
  1.084367419979e+002
  1.082403395806e+002
  1.079120942559e+002
  1.077157453922e+002
  1.078025025183e+002
  1.078335198970e+002
  1.078920707077e+002
  1.085163197917e+002
  1.086346648051e+002
