  0.000000000000e+000
  0.000000000000e+000
  0.000000000000e+000
  0.000000000000e+000
  0.000000000000e+000
  0.000000000000e+000
  0.000000000000e+000
  0.000000000000e+000
  0.000000000000e+000
  7.680000305176e+001
  7.689397474178e+001
  7.697249955945e+001
  7.684925076117e+001
  7.680824587221e+001
  7.696600968145e+001
  7.694884825954e+001
  7.715192989951e+001
  7.720300658794e+001
  7.714721809513e+001
  7.702583545118e+001
  7.688786920878e+001
  7.694191540111e+001
  7.714907637173e+001
  7.731967289192e+001
  7.718662257803e+001
  7.725747132345e+001
  7.723214614983e+001
  7.720985538293e+001
  7.726161362406e+001
  7.757571648261e+001
  7.754844618658e+001
  7.764771861414e+001
  7.756563394690e+001
  7.751863793548e+001
  7.726633229658e+001
  7.745344410135e+001
  7.737983520330e+001
  7.706846409420e+001
  7.635965410995e+001
  7.606806387365e+001
  7.599939976152e+001
  7.549006492166e+001
  7.497719004656e+001
  7.490384467739e+001
  7.595295044224e+001
  7.592895781589e+001
  7.573182894989e+001
  7.579107050722e+001
  7.579816718482e+001
  7.591990243890e+001
  7.598517888136e+001
  7.597846499926e+001
  7.593068460665e+001
  7.593401814200e+001
  7.598235828634e+001
  7.600135601513e+001
  7.600637060284e+001
  7.614782176152e+001
  7.586570343324e+001
  7.528819339950e+001
  7.505090888418e+001
  7.516684860892e+001
  7.586796074739e+001
  7.592714577248e+001
  7.636394865355e+001
  7.613074833872e+001
  7.614897494285e+001
  7.556503175118e+001
  7.553839717911e+001
  7.569236289870e+001
  7.571893578187e+001
  7.595265687182e+001
  7.642059235827e+001
  7.647496432577e+001
  7.602062592410e+001
  7.618893261292e+001
  7.639726135360e+001
  7.676332930697e+001
  7.721859983360e+001
  7.816065130779e+001
  8.028070408713e+001
  8.466416159466e+001
  8.465332821189e+001
  8.481330670360e+001
  8.489920733680e+001
  8.493453312555e+001
  8.504796240113e+001
  8.501695136390e+001
  8.495910487165e+001
  8.498078087853e+001
  8.501167070713e+001
  8.507735087712e+001
  8.516450550008e+001
  8.520340364407e+001
  8.516680330968e+001
  8.513829938260e+001
  8.511029147985e+001
  9.142602707491e+001
  9.625939268038e+001
  9.633752692479e+001
  9.404610523058e+001
  9.434412135997e+001
  9.637566515492e+001
  9.735977362544e+001
  9.744474486473e+001
  9.754145852008e+001
  9.714635759484e+001
  9.716764616410e+001
  9.879303149860e+001
  9.990153879751e+001
  9.971724881968e+001
  9.987025002858e+001
  1.005223053327e+002
  1.009572175850e+002
  1.009377897486e+002
  1.014768071150e+002
  1.017822183574e+002
  1.020702225309e+002
  1.026798250688e+002
  1.039658729921e+002
  1.056086130112e+002
  1.064061378804e+002
  1.073650841699e+002
  1.082525840739e+002
  1.078856796888e+002
  1.088023647830e+002
  1.088009802484e+002
  1.090326028617e+002
  1.094511002533e+002
  1.103219722643e+002
  1.106989242706e+002
  1.107898247781e+002
  1.107505996040e+002
  1.107020336648e+002
  1.107029537895e+002
  1.106667624309e+002
  1.109364181992e+002
  1.113197691273e+002
  1.115568647214e+002
  1.115431044508e+002
  1.115800452418e+002
  1.112855329302e+002
  1.099988062931e+002
  1.108955580292e+002
  1.104915007664e+002
  1.098095548802e+002
  1.095279050430e+002
  1.091903878061e+002
  1.097220064933e+002
  1.101291551880e+002
  1.116788531206e+002
  1.121997450650e+002
  1.123359900248e+002
  1.118557207923e+002
  1.108514828338e+002
  1.090832012274e+002
  1.081759007640e+002
  1.072795037673e+002
  1.061741345803e+002
  1.047403226710e+002
  1.036689935842e+002
  1.033442475928e+002
  1.031933727007e+002
  1.032915609861e+002
  1.035739315086e+002
  1.058626666654e+002
  1.072013087426e+002
  1.078170573867e+002
  1.080740660467e+002
  1.080420252735e+002
  1.081745630385e+002
  1.082387230372e+002
  1.081021886473e+002
  1.081522053466e+002
  1.082047213047e+002
  1.081613526510e+002
  1.083697694481e+002
  1.082944069323e+002
  1.080685650165e+002
  1.079984383725e+002
  1.084765468771e+002
  1.086896696175e+002
  1.085600997715e+002
  1.083151910859e+002
  1.084690118001e+002
  1.087911678054e+002
  1.091224095077e+002
  1.095683249878e+002
  1.096777885760e+002
  1.089838433734e+002
  1.100757450462e+002
  1.116067335717e+002
  1.119916547652e+002
  1.119201341731e+002
  1.126470079713e+002
  1.128012904187e+002
  1.125655534543e+002
