  0.000000000000e+000
  0.000000000000e+000
  0.000000000000e+000
  0.000000000000e+000
  0.000000000000e+000
  0.000000000000e+000
  0.000000000000e+000
  0.000000000000e+000
  0.000000000000e+000
  0.000000000000e+000
  0.000000000000e+000
  0.000000000000e+000
  0.000000000000e+000
  0.000000000000e+000
  0.000000000000e+000
  0.000000000000e+000
  0.000000000000e+000
  0.000000000000e+000
  0.000000000000e+000
  9.888999938965e+001
  9.880397231232e+001
  9.885641117574e+001
  9.892109933193e+001
  9.903109651536e+001
  9.892594794010e+001
  9.896832363513e+001
  9.891548687214e+001
  9.895265902262e+001
  9.906785925264e+001
  9.894895962167e+001
  9.899723742771e+001
  9.909106110869e+001
  9.901800862122e+001
  9.906638400343e+001
  9.899016713177e+001
  9.920130637161e+001
  9.904885110421e+001
  9.909827019824e+001
  9.907516303885e+001
  9.915595806147e+001
  9.921163003481e+001
  9.915603931459e+001
  9.909545681140e+001
  9.910133470365e+001
  9.914039547924e+001
  9.910989061251e+001
  9.901706900818e+001
  9.913943571573e+001
  9.909325027946e+001
  9.927569013653e+001
  9.932812335280e+001
  9.931239825935e+001
  9.944645300231e+001
  9.941976356601e+001
  9.939002186365e+001
  9.943918513126e+001
  9.943328470424e+001
  9.951465555164e+001
  9.955071812877e+001
  9.960901358438e+001
  9.959961911856e+001
  9.964501665210e+001
  9.969446740739e+001
  9.965374304830e+001
  9.956725974177e+001
  9.950233084720e+001
  9.940514978036e+001
  9.916289126325e+001
  9.903581700097e+001
  9.904120625928e+001
  9.891041343968e+001
  9.893891399835e+001
  9.913791593110e+001
  9.914438920381e+001
  9.907435049214e+001
  9.905359233837e+001
  9.910751080610e+001
  9.916888132986e+001
  9.928087289662e+001
  9.922246515092e+001
  9.911576132122e+001
  9.920628673797e+001
  9.930578910987e+001
  9.937869431354e+001
  9.942863891857e+001
  9.951355509281e+001
  9.954158689481e+001
  9.951336185147e+001
  9.942692041414e+001
  9.945361790275e+001
  9.952829442027e+001
  9.964391533101e+001
  9.977834525823e+001
  9.988040255162e+001
  9.982121170242e+001
  9.979744932636e+001
  9.972283397483e+001
  9.979292211886e+001
  9.976844974229e+001
  9.965383483707e+001
  9.945155696951e+001
  9.945533235151e+001
  9.945725866014e+001
  9.940866586983e+001
  9.932095594814e+001
  9.919052757947e+001
  9.917843148267e+001
  9.916414352179e+001
  9.920664899061e+001
  9.934671753800e+001
  9.921938780453e+001
  9.924974978299e+001
  9.912133305780e+001
  9.892433732374e+001
  9.886788478375e+001
  9.902557691179e+001
  9.913781759224e+001
  9.922929125426e+001
  9.929909564216e+001
  9.982335233002e+001
  9.995451150603e+001
  1.001319806125e+002
  1.003016875358e+002
  1.003717254014e+002
  1.003519516806e+002
  1.003042659076e+002
  1.004834627955e+002
  1.005768800635e+002
  1.006834491384e+002
  1.006496397291e+002
  1.006103334539e+002
  1.007229877172e+002
  1.007214854183e+002
  1.009079620498e+002
  1.008686608627e+002
  1.008110633183e+002
  1.008803937321e+002
  1.010559861148e+002
  1.011542664427e+002
  1.012937186770e+002
  1.014243185603e+002
  1.015850579784e+002
  1.018222756814e+002
  1.020406198908e+002
  1.021770163656e+002
  1.023113984738e+002
  1.023106460411e+002
  1.024121315059e+002
  1.025130198561e+002
  1.026501102679e+002
  1.025300258220e+002
  1.020077617204e+002
  1.020302276570e+002
  1.019484751185e+002
  1.018062182620e+002
  1.017296655458e+002
  1.016180894259e+002
  1.014819027798e+002
  1.015227354916e+002
  1.014458260333e+002
  1.013154597814e+002
  1.013284735121e+002
  1.014817020950e+002
  1.014935394521e+002
  1.013606035514e+002
  1.013335533389e+002
  1.014513162318e+002
  1.017452109503e+002
  1.018770510296e+002
  1.019511026532e+002
  1.021438917719e+002
  1.022272488516e+002
  1.020082367916e+002
  1.019527956659e+002
  1.019558135402e+002
  1.019723116820e+002
  1.021798987862e+002
  1.022251188367e+002
  1.020301479050e+002
  1.020109943236e+002
  1.021042186606e+002
  1.022796074341e+002
  1.022602994518e+002
  1.021949649770e+002
  1.021312378546e+002
  1.021131892564e+002
  1.022142920988e+002
  1.022317174934e+002
  1.022605265128e+002
  1.021137025619e+002
  1.021594075233e+002
  1.022566676666e+002
  1.021543104727e+002
  1.020434998324e+002
  1.020818124179e+002
  1.022068299368e+002
  1.021601086592e+002
  1.021955210786e+002
  1.020630060158e+002
  1.021113726873e+002
  1.020385978606e+002
  1.020951866174e+002
  1.021377324848e+002
  1.023538127142e+002
  1.024167506737e+002
  1.024225017584e+002
  1.023338141332e+002
  1.024980455053e+002
  1.025192379422e+002
  1.026628107917e+002
  1.028699402246e+002
  1.029102184339e+002
  1.030172649913e+002
  1.029599325409e+002
  1.030081488679e+002
  1.031182579961e+002
  1.032202096017e+002
  1.031311469117e+002
  1.031473185697e+002
  1.014241937421e+002
  1.013096199215e+002
  1.011240748034e+002
  1.011571565402e+002
  1.012658665571e+002
  1.012210857155e+002
  1.010113078038e+002
  1.010645557599e+002
  1.008613075610e+002
  1.007921508209e+002
  1.007328553484e+002
  1.006402706079e+002
  1.006665177518e+002
  1.007449598618e+002
  1.008548181899e+002
  1.008996217764e+002
  1.010572955209e+002
  1.010175996393e+002
  1.012574314362e+002
  1.013244484751e+002
  1.013497390282e+002
  1.013252491192e+002
  1.014892785468e+002
  1.014212038346e+002
  1.016672718215e+002
  1.017604486796e+002
  1.017234862464e+002
  1.018764024932e+002
  1.019936003409e+002
  1.022099726397e+002
  1.020709913940e+002
  1.020643481788e+002
  1.020647164619e+002
  1.020004088748e+002
  1.020946958938e+002
  1.023458875284e+002
  1.026155009322e+002
  1.027868009754e+002
  1.026499075459e+002
  1.028050016632e+002
  1.038334325706e+002
  1.039207312697e+002
  1.041923874121e+002
  1.043582232336e+002
  1.042983525712e+002
  1.043135486018e+002
  1.042873128874e+002
  1.042949934951e+002
  1.043173787075e+002
  1.043486155146e+002
  1.044074458104e+002
  1.044279970127e+002
  1.043764856138e+002
  1.045525002028e+002
  1.045876532600e+002
  1.047425294417e+002
  1.048868117969e+002
  1.049449402707e+002
  1.049043282863e+002
  1.047951822881e+002
  1.047734554303e+002
  1.047536597271e+002
  1.047608762072e+002
  1.046955158033e+002
  1.046326577152e+002
  1.044681880158e+002
  1.043063258552e+002
  1.045413633599e+002
  1.044552077418e+002
  1.043632868045e+002
  1.042298104071e+002
  1.040663555037e+002
  1.039655315411e+002
  1.038615177268e+002
  1.035267006558e+002
  1.034155160170e+002
  1.033722528913e+002
  1.032714024045e+002
  1.031618362306e+002
  1.033253967627e+002
  1.033659073119e+002
  1.034144685687e+002
  1.035892109154e+002
  1.035928520195e+002
  1.037981830971e+002
  1.039999931317e+002
  1.039694758811e+002
  1.039735009238e+002
  1.041738760895e+002
  1.040677166343e+002
  1.039517345102e+002
  1.037256688270e+002
  1.035198816139e+002
  1.033263019688e+002
  1.032288800974e+002
  1.030924913153e+002
  1.029879367382e+002
  1.029500707109e+002
  1.028883117479e+002
  1.025949186391e+002
  1.026142202258e+002
  1.026377627373e+002
  1.026798696277e+002
  1.026332666888e+002
  1.024216950844e+002
  1.021174976590e+002
  1.022708480229e+002
  1.024656833164e+002
  1.026999352887e+002
  1.030847949822e+002
  1.035556371230e+002
  1.036122265959e+002
  1.040464895487e+002
  1.042328927269e+002
  1.046630456697e+002
  1.049960443643e+002
  1.054545857567e+002
  1.060907151978e+002
  1.068264119943e+002
  1.070948563638e+002
  1.072437685926e+002
  1.081600429392e+002
  1.082916410876e+002
  1.090013697151e+002
  1.095013717572e+002
  1.100561449392e+002
  1.105068254849e+002
  1.110116616127e+002
  1.110275156707e+002
  1.111832601522e+002
  1.112283650809e+002
  1.112578432914e+002
  1.110975220096e+002
  1.108930082766e+002
  1.106802295220e+002
  1.106387747672e+002
  1.103815125450e+002
  1.102320184130e+002
  1.102113301435e+002
  1.101241834741e+002
  1.100808547064e+002
  1.101160733795e+002
  1.104176799230e+002
  1.107848245193e+002
  1.112179083400e+002
  1.114282083301e+002
  1.113928661919e+002
  1.111926002718e+002
  1.109325113762e+002
  1.103143206838e+002
  1.098564456166e+002
  1.093908740157e+002
  1.089539188753e+002
  1.056221986054e+002
  1.052732591421e+002
  1.047480002853e+002
  1.043389210695e+002
  1.039973220606e+002
  1.038952712906e+002
  1.041939405618e+002
  1.045565716742e+002
  1.050772958887e+002
  1.052251675732e+002
  1.054656784806e+002
  1.058061945596e+002
  1.057646062091e+002
  1.057157296126e+002
  1.064851447406e+002
  1.075241401926e+002
  1.070504613380e+002
  1.078078865628e+002
  1.082158590529e+002
  1.087054980180e+002
  1.088131707370e+002
  1.088931929587e+002
  1.090737826631e+002
  1.092707659461e+002
  1.095371385415e+002
  1.095250921910e+002
  1.092939457077e+002
  1.090470822419e+002
  1.083870092728e+002
  1.078374347371e+002
  1.077127653030e+002
  1.074836285281e+002
  1.072204757050e+002
  1.071445612863e+002
  1.071717531950e+002
  1.070009006304e+002
  1.068108312699e+002
  1.063949740525e+002
  1.060593802133e+002
  1.056821395742e+002
  1.053932349370e+002
  1.052718892872e+002
  1.050400966158e+002
  1.050909615674e+002
  1.049300331313e+002
  1.047456404390e+002
  1.045882207421e+002
  1.046374690485e+002
  1.047556389874e+002
  1.048491229343e+002
  1.049824957376e+002
  1.050240847242e+002
  1.050820835622e+002
  1.041342508107e+002
  1.040164685753e+002
  1.038115167715e+002
  1.035650265401e+002
  1.035031288916e+002
  1.033715414470e+002
  1.033195556011e+002
  1.031886700672e+002
  1.031412658211e+002
  1.030172688544e+002
  1.030306692083e+002
  1.028667003155e+002
  1.029116987149e+002
  1.027623992742e+002
  1.026107321561e+002
  1.026270905021e+002
  1.028247333994e+002
  1.027915779080e+002
  1.027810707249e+002
  1.028635818500e+002
  1.029673739999e+002
  1.029175061431e+002
  1.031030364975e+002
  1.031636930364e+002
  1.031238736310e+002
  1.032236279095e+002
  1.031313828750e+002
  1.031407043213e+002
  1.031946081465e+002
  1.031455678823e+002
  1.031547577674e+002
  1.030538676807e+002
  1.030191862949e+002
  1.029103194203e+002
  1.028645065912e+002
  1.030273499223e+002
  1.027335121268e+002
  1.026235210783e+002
  1.027460230567e+002
  1.027166930777e+002
  1.026395853954e+002
  1.027120062081e+002
  1.027723855772e+002
  1.027651022257e+002
  1.029141536772e+002
  1.028375697647e+002
  1.028457872384e+002
  1.029865902031e+002
  1.029281122304e+002
  1.029823386050e+002
  1.029424232948e+002
  1.029145339631e+002
  1.029288521238e+002
  1.031252464653e+002
  1.046856530731e+002
  1.046247208696e+002
  1.047651282653e+002
  1.046752288870e+002
  1.045521109455e+002
  1.044957885800e+002
  1.044806459062e+002
  1.043084311172e+002
  1.042403604305e+002
  1.042439127592e+002
  1.042595116995e+002
  1.043253239068e+002
  1.042722292029e+002
  1.042675979912e+002
  1.042203832560e+002
  1.038796365996e+002
  1.033853208837e+002
  1.028483543137e+002
  1.025401214309e+002
  1.022957288161e+002
  1.022254943786e+002
  1.020270433624e+002
  1.019508105325e+002
  1.019022099834e+002
  1.017748488571e+002
  1.018787723072e+002
  1.018951796773e+002
  1.020133282763e+002
  1.020300154196e+002
  1.021203894874e+002
  1.022639770507e+002
  1.024083995007e+002
  1.023394216014e+002
  1.023171482296e+002
  1.023300455337e+002
  1.022309365877e+002
  1.022112624893e+002
  1.021320699483e+002
  1.019862255625e+002
  1.019408759568e+002
  1.017675455564e+002
  1.005983665462e+002
  1.004773090523e+002
  1.003453819565e+002
  1.002988416861e+002
  1.002638529889e+002
  1.002507463929e+002
  1.000916038957e+002
  1.000015364887e+002
  9.987737090023e+001
  9.964258872086e+001
  9.941726660860e+001
  9.957531443632e+001
  9.958014120954e+001
  9.955179823123e+001
  9.966899689465e+001
  9.964510331193e+001
  9.966804902051e+001
  1.000128336550e+002
  1.000388661431e+002
  9.999943613210e+001
  1.000727516291e+002
  1.000825173973e+002
  1.000605783634e+002
  1.000181759969e+002
  1.001226811878e+002
  1.004854116704e+002
  9.999081249229e+001
  1.003393131670e+002
  1.002215065404e+002
  9.983557626909e+001
  9.935121666452e+001
  9.873263930869e+001
  9.809744966734e+001
  9.756647353507e+001
  9.751275271142e+001
  9.758709239513e+001
  9.756260061798e+001
  9.764479097726e+001
  9.732030484068e+001
  9.733921824432e+001
  9.736502371441e+001
  9.711287325678e+001
  9.675356914846e+001
  9.645052395091e+001
  9.650732210706e+001
  9.648589032665e+001
  9.673378397582e+001
  9.675264027400e+001
  9.721455106497e+001
  9.725253852080e+001
  9.747278458355e+001
  9.747233394491e+001
  9.742169960506e+001
  9.727348896667e+001
  9.736834463085e+001
  9.735271470124e+001
  9.813209236347e+001
  9.808720322773e+001
  9.809949191569e+001
  9.852534707057e+001
  9.858833307253e+001
  9.862386849505e+001
  9.876731899479e+001
  9.861052888061e+001
  9.859307521652e+001
  9.869409046092e+001
  9.960021190669e+001
  9.881784382295e+001
  9.904920982470e+001
  9.832968169557e+001
  9.890912971353e+001
  9.922076744067e+001
  9.871084534814e+001
  9.883362827402e+001
  9.887219595462e+001
  9.883366109588e+001
  9.905303977257e+001
  9.914017203597e+001
  9.902601234116e+001
  9.915855753726e+001
