  0.000000000000e+000  0.000000000000e+000  0.000000000000e+000
  0.000000000000e+000  0.000000000000e+000  0.000000000000e+000
  0.000000000000e+000  0.000000000000e+000  0.000000000000e+000
  0.000000000000e+000  0.000000000000e+000  0.000000000000e+000
  0.000000000000e+000  0.000000000000e+000  0.000000000000e+000
  0.000000000000e+000  0.000000000000e+000  0.000000000000e+000
  0.000000000000e+000  0.000000000000e+000  0.000000000000e+000
  0.000000000000e+000  0.000000000000e+000  0.000000000000e+000
  0.000000000000e+000  0.000000000000e+000  0.000000000000e+000
  0.000000000000e+000  0.000000000000e+000  0.000000000000e+000
  0.000000000000e+000  0.000000000000e+000  0.000000000000e+000
  0.000000000000e+000  0.000000000000e+000  0.000000000000e+000
  0.000000000000e+000  0.000000000000e+000  0.000000000000e+000
  0.000000000000e+000  0.000000000000e+000  0.000000000000e+000
  0.000000000000e+000  0.000000000000e+000  0.000000000000e+000
  0.000000000000e+000  0.000000000000e+000  0.000000000000e+000
  0.000000000000e+000  0.000000000000e+000  0.000000000000e+000
  0.000000000000e+000  0.000000000000e+000  0.000000000000e+000
  0.000000000000e+000  0.000000000000e+000  0.000000000000e+000
  2.611843237245e+002 -6.347371155451e+001 -5.245630356816e+001
  2.611890289395e+002 -6.341433885857e+001 -5.242634767643e+001
  2.611799833185e+002 -6.337468044418e+001 -5.242719422741e+001
  2.611706581745e+002 -6.328522182052e+001 -5.242818433954e+001
  2.611894775301e+002 -6.319919275445e+001 -5.243845035320e+001
  2.612150947241e+002 -6.312043679095e+001 -5.245573558118e+001
  2.612141498953e+002 -6.304737272827e+001 -5.244896011938e+001
  2.612540995510e+002 -6.296689569144e+001 -5.244471786935e+001
  2.612553942889e+002 -6.289339160739e+001 -5.243065890695e+001
  2.612453105847e+002 -6.280342458939e+001 -5.243926538993e+001
  2.612388475493e+002 -6.275770299853e+001 -5.247271935763e+001
  2.611873937924e+002 -6.261752361133e+001 -5.248354812255e+001
  2.611733419005e+002 -6.255229626047e+001 -5.249166929377e+001
  2.611280947782e+002 -6.240465652466e+001 -5.249108120161e+001
  2.611218324427e+002 -6.239991423205e+001 -5.250340301860e+001
  2.611011986531e+002 -6.234743532185e+001 -5.250636198832e+001
  2.611160989037e+002 -6.223282590256e+001 -5.251747982372e+001
  2.611160824769e+002 -6.216091349522e+001 -5.252243122460e+001
  2.610633564820e+002 -6.208504650589e+001 -5.252528745181e+001
  2.609975499708e+002 -6.199895077609e+001 -5.254758432387e+001
  2.609618025028e+002 -6.193325055148e+001 -5.252593750652e+001
  2.609661941927e+002 -6.186289086186e+001 -5.251706075843e+001
  2.609231533727e+002 -6.177446549060e+001 -5.251884161369e+001
  2.608432814207e+002 -6.169977234343e+001 -5.251804108795e+001
  2.608116465436e+002 -6.159639832142e+001 -5.253778316769e+001
  2.607591218600e+002 -6.152101175204e+001 -5.253383542245e+001
  2.607454675152e+002 -6.144278962409e+001 -5.253838121870e+001
  2.606945037599e+002 -6.138070523849e+001 -5.255685098113e+001
  2.606582189682e+002 -6.132891399282e+001 -5.255976068473e+001
  2.606187709384e+002 -6.125810979043e+001 -5.257124550024e+001
  2.606202046133e+002 -6.119149981739e+001 -5.256350470706e+001
  2.606369037184e+002 -6.109505366783e+001 -5.255371594923e+001
  2.607030471949e+002 -6.099030888857e+001 -5.254259266237e+001
  2.607266027760e+002 -6.080226337502e+001 -5.253641137497e+001
  2.607787986105e+002 -6.069208378138e+001 -5.251440087439e+001
  2.608009136699e+002 -6.062627534102e+001 -5.249033792193e+001
  2.607814365582e+002 -6.056720028089e+001 -5.247936219348e+001
  2.607409884139e+002 -6.050525229169e+001 -5.248124737563e+001
  2.606787901074e+002 -6.045236450690e+001 -5.249870723019e+001
  2.606093971584e+002 -6.044200796878e+001 -5.249450429730e+001
  2.605437745441e+002 -6.037412485620e+001 -5.248785980159e+001
  2.605061625533e+002 -6.028404368917e+001 -5.249394898684e+001
  2.604668009251e+002 -6.021352028217e+001 -5.249696383839e+001
  2.604103061419e+002 -6.014456694660e+001 -5.248713080015e+001
  2.603911787078e+002 -6.007902687989e+001 -5.250907553592e+001
  2.603399342259e+002 -6.002173925996e+001 -5.251910820349e+001
  2.602825354301e+002 -5.997629806838e+001 -5.251366005752e+001
  2.602337171295e+002 -5.992475362186e+001 -5.249668996874e+001
  2.602008788389e+002 -5.983984515662e+001 -5.249148259134e+001
  2.601711957785e+002 -5.977475741081e+001 -5.249487340753e+001
  2.601395451506e+002 -5.970740946242e+001 -5.250032749740e+001
  2.601093389259e+002 -5.963585680778e+001 -5.250715905204e+001
  2.600789011948e+002 -5.957780866364e+001 -5.250516397154e+001
  2.600606149521e+002 -5.948938338393e+001 -5.249940892812e+001
  2.600358504578e+002 -5.940305419643e+001 -5.252736775623e+001
  2.600043250073e+002 -5.936261173144e+001 -5.252240872929e+001
  2.599671596947e+002 -5.928524246555e+001 -5.251056407950e+001
  2.599373534885e+002 -5.922876528322e+001 -5.250090766500e+001
  2.598745874062e+002 -5.917388024874e+001 -5.252237317810e+001
  2.598206057416e+002 -5.909476484322e+001 -5.251712916727e+001
  2.598137488804e+002 -5.902738969935e+001 -5.248763822434e+001
  2.598242714686e+002 -5.897309280513e+001 -5.248290788975e+001
  2.598020538655e+002 -5.881980335456e+001 -5.249241486376e+001
  2.597924723287e+002 -5.882389313050e+001 -5.247811091142e+001
  2.597620517904e+002 -5.874963118866e+001 -5.250267591442e+001
  2.598365416162e+002 -5.863110421900e+001 -5.250985839560e+001
  2.598346765802e+002 -5.853654765853e+001 -5.250783650344e+001
  2.598421473928e+002 -5.843231964790e+001 -5.245098397475e+001
  2.599131754369e+002 -5.833508691467e+001 -5.246713138888e+001
  2.599810708930e+002 -5.822173549235e+001 -5.250183979140e+001
  2.599749174008e+002 -5.815250097604e+001 -5.250673383275e+001
  2.599535876611e+002 -5.806795187331e+001 -5.250632898730e+001
  2.598772692606e+002 -5.804389386619e+001 -5.253669143900e+001
  2.597963205814e+002 -5.799501078741e+001 -5.259116527707e+001
  2.597174855743e+002 -5.795251667761e+001 -5.264301895099e+001
  2.596535647058e+002 -5.790126246494e+001 -5.268734544640e+001
  2.596136567288e+002 -5.788317405620e+001 -5.273315579733e+001
  2.595483277932e+002 -5.784110658404e+001 -5.274641920643e+001
  2.594756397178e+002 -5.782672066105e+001 -5.276946169715e+001
  2.594056781515e+002 -5.773463148459e+001 -5.275714219493e+001
  2.594094353596e+002 -5.765468498327e+001 -5.274183402806e+001
  2.594387107411e+002 -5.758096475261e+001 -5.273063104287e+001
  2.594993321479e+002 -5.751302349597e+001 -5.270073319766e+001
  2.595477376616e+002 -5.743684559348e+001 -5.269624879033e+001
  2.595387766291e+002 -5.738237600124e+001 -5.267766531651e+001
  2.595221543184e+002 -5.733105115836e+001 -5.269018596829e+001
  2.595062398818e+002 -5.728634391386e+001 -5.268003642164e+001
  2.594503216682e+002 -5.723690775518e+001 -5.270987593405e+001
  2.593916625379e+002 -5.716277580852e+001 -5.273326811353e+001
  2.593501601734e+002 -5.709409191380e+001 -5.274195406770e+001
  2.593047274210e+002 -5.702530554026e+001 -5.272321012417e+001
  2.592806223610e+002 -5.696124030913e+001 -5.269967514440e+001
  2.592208033730e+002 -5.678537950039e+001 -5.272660964088e+001
  2.592065314440e+002 -5.678948863985e+001 -5.271638281136e+001
  2.592396781527e+002 -5.670954810542e+001 -5.270798616154e+001
  2.592711386503e+002 -5.662484465549e+001 -5.268923955590e+001
  2.592749262332e+002 -5.652952138987e+001 -5.270148541589e+001
  2.591853300254e+002 -5.646925159274e+001 -5.269834724547e+001
  2.591209349872e+002 -5.646207487013e+001 -5.271720257416e+001
  2.591321584954e+002 -5.642102476415e+001 -5.269612396462e+001
  2.592518760726e+002 -5.645572554582e+001 -5.255384248913e+001
  2.591784098151e+002 -5.642148576838e+001 -5.258252171439e+001
  2.591128641836e+002 -5.637465302301e+001 -5.262031966670e+001
  2.590477960882e+002 -5.631272071670e+001 -5.266280717769e+001
  2.590659383707e+002 -5.623901329989e+001 -5.267689195650e+001
  2.590788398279e+002 -5.615567480195e+001 -5.267388583016e+001
  2.591224351060e+002 -5.603218804675e+001 -5.268116779921e+001
  2.591194701433e+002 -5.596709945045e+001 -5.272171049585e+001
  2.590662596029e+002 -5.592333593595e+001 -5.273618547545e+001
  2.590587191650e+002 -5.587809420644e+001 -5.273926346452e+001
  2.590423953602e+002 -5.578459736899e+001 -5.274541573924e+001
  2.590398913355e+002 -5.571717938633e+001 -5.274806728228e+001
  2.589596907352e+002 -5.569475536192e+001 -5.278678359592e+001
  2.589613371357e+002 -5.563705016152e+001 -5.283642718573e+001
  2.588641788640e+002 -5.559040956251e+001 -5.286975084341e+001
  2.589309235097e+002 -5.549971539637e+001 -5.286980278331e+001
  2.589278373284e+002 -5.544578629821e+001 -5.289248432828e+001
  2.589413430769e+002 -5.537598322805e+001 -5.290518622557e+001
  2.588522901486e+002 -5.530501123388e+001 -5.292505286957e+001
  2.587623109146e+002 -5.528576865767e+001 -5.295828073248e+001
  2.586383294794e+002 -5.523393738060e+001 -5.296183155135e+001
  2.585203395598e+002 -5.518146805725e+001 -5.299734480989e+001
  2.584402622002e+002 -5.511459343146e+001 -5.303869740998e+001
  2.582921304282e+002 -5.505263410805e+001 -5.307405485011e+001
  2.582135775109e+002 -5.498973675653e+001 -5.308359519993e+001
  2.580819523975e+002 -5.492022459171e+001 -5.310293581835e+001
  2.580101489199e+002 -5.484404807758e+001 -5.312353754030e+001
  2.578457502791e+002 -5.478071336102e+001 -5.316242982366e+001
  2.576860917261e+002 -5.469157030942e+001 -5.320879102859e+001
  2.574954913308e+002 -5.460334596439e+001 -5.326135186407e+001
  2.572839993874e+002 -5.447440899147e+001 -5.330949678170e+001
  2.571908844197e+002 -5.443818570952e+001 -5.331166546079e+001
  2.571343862083e+002 -5.433880855700e+001 -5.338989879517e+001
  2.570657946039e+002 -5.424964959327e+001 -5.338648738084e+001
  2.570250042576e+002 -5.422581365950e+001 -5.338901510045e+001
  2.569405959759e+002 -5.417727270711e+001 -5.340789818619e+001
  2.568498189215e+002 -5.411133854492e+001 -5.339400352800e+001
  2.567717331871e+002 -5.404620864951e+001 -5.340509667678e+001
  2.567375472405e+002 -5.397530632610e+001 -5.337527294723e+001
  2.567244605867e+002 -5.393002912976e+001 -5.336263885346e+001
  2.567108629085e+002 -5.387956580017e+001 -5.332082782169e+001
  2.567106442504e+002 -5.381466266158e+001 -5.331812478489e+001
  2.566797969446e+002 -5.376129904108e+001 -5.329036807334e+001
  2.566329360007e+002 -5.370489408396e+001 -5.329013602516e+001
  2.565839794422e+002 -5.366441532578e+001 -5.328979873751e+001
  2.565248232071e+002 -5.363744231623e+001 -5.324780388812e+001
  2.565177241252e+002 -5.350138422624e+001 -5.323997852237e+001
  2.565378757400e+002 -5.346525622778e+001 -5.323250871515e+001
  2.565812347437e+002 -5.332200768583e+001 -5.321762538843e+001
  2.565545102995e+002 -5.327479497615e+001 -5.321520000033e+001
  2.565656969089e+002 -5.316559618180e+001 -5.321668567773e+001
  2.565780330193e+002 -5.307847297913e+001 -5.320750854540e+001
  2.565450006870e+002 -5.301255473682e+001 -5.319110161595e+001
  2.565117242588e+002 -5.294917223550e+001 -5.317239727874e+001
  2.564763421451e+002 -5.293426766427e+001 -5.312768283096e+001
  2.564324726295e+002 -5.286900321682e+001 -5.313165938730e+001
  2.564036465486e+002 -5.280370755078e+001 -5.314508819986e+001
  2.563868669702e+002 -5.273539799795e+001 -5.314489886175e+001
  2.563447160738e+002 -5.265957294848e+001 -5.313271288621e+001
  2.563234773584e+002 -5.258618109301e+001 -5.313885351068e+001
  2.562972462430e+002 -5.247791136327e+001 -5.313939933995e+001
  2.562686203596e+002 -5.235788540412e+001 -5.313839628842e+001
  2.562456325433e+002 -5.228887441549e+001 -5.314975039010e+001
  2.562255181605e+002 -5.221734560446e+001 -5.315662202299e+001
  2.562283504850e+002 -5.216540028418e+001 -5.317204945399e+001
  2.562080583363e+002 -5.211752826574e+001 -5.317407305585e+001
  2.561863326804e+002 -5.203287464470e+001 -5.316421322212e+001
  2.561539019312e+002 -5.191462022308e+001 -5.318716084854e+001
  2.561235611151e+002 -5.191595662079e+001 -5.319980323653e+001
  2.560491826433e+002 -5.188152301877e+001 -5.320248544691e+001
  2.559766633959e+002 -5.185596353834e+001 -5.319463547291e+001
  2.559583013091e+002 -5.180365463689e+001 -5.317931279705e+001
  2.559042967677e+002 -5.168652481279e+001 -5.319188258278e+001
  2.558645810769e+002 -5.167507367862e+001 -5.318937811053e+001
  2.557886697934e+002 -5.163070811100e+001 -5.317518876110e+001
  2.557116648419e+002 -5.155462125129e+001 -5.316825101079e+001
  2.557238348597e+002 -5.143690102156e+001 -5.315210559323e+001
  2.557314556798e+002 -5.136268065196e+001 -5.314156054955e+001
  2.556770499828e+002 -5.131701944342e+001 -5.311760495842e+001
  2.556570255507e+002 -5.124281686789e+001 -5.314799755219e+001
  2.556204143466e+002 -5.115454831059e+001 -5.314599873508e+001
  2.556050773202e+002 -5.110876907108e+001 -5.312001039030e+001
  2.555538371594e+002 -5.109007342469e+001 -5.311582334683e+001
  2.555279928191e+002 -5.101316673473e+001 -5.310068273049e+001
  2.554605559130e+002 -5.095963477903e+001 -5.309621101834e+001
  2.554032218566e+002 -5.089394392670e+001 -5.310178119376e+001
  2.554022892343e+002 -5.083206144615e+001 -5.310066274234e+001
  2.554009340444e+002 -5.079001843653e+001 -5.313447027888e+001
  2.553950101277e+002 -5.074696499069e+001 -5.312708835405e+001
  2.553747500382e+002 -5.071569379703e+001 -5.317217980748e+001
  2.553226640136e+002 -5.065075090281e+001 -5.315532319340e+001
  2.552485343051e+002 -5.055869601031e+001 -5.315422991148e+001
  2.552369569665e+002 -5.054171361395e+001 -5.315753040063e+001
  2.552279575829e+002 -5.049986137975e+001 -5.313479687612e+001
  2.552411158330e+002 -5.047572151606e+001 -5.313238305109e+001
  2.552427597714e+002 -5.047826149806e+001 -5.311881457322e+001
  2.552388535551e+002 -5.043176857499e+001 -5.311093459921e+001
  2.552514202067e+002 -5.037394958392e+001 -5.310348889278e+001
  2.552729950813e+002 -5.030991201325e+001 -5.309582176092e+001
  2.553149772263e+002 -5.023378789211e+001 -5.310210815998e+001
  2.552964637744e+002 -4.978096062343e+001 -5.347035690742e+001
  2.553063657419e+002 -4.975936926272e+001 -5.347115225388e+001
  2.552953592106e+002 -4.974808296836e+001 -5.345943294567e+001
  2.552921989193e+002 -4.973872923342e+001 -5.345398632731e+001
  2.552852705708e+002 -4.969462087303e+001 -5.345606046653e+001
  2.552734632891e+002 -4.967872510071e+001 -5.346137725197e+001
  2.552913137685e+002 -4.967762882192e+001 -5.346184690317e+001
  2.552653358994e+002 -4.963625557410e+001 -5.346826860916e+001
  2.552039272392e+002 -4.959421041571e+001 -5.349411755398e+001
  2.551960300819e+002 -4.954769373947e+001 -5.352344828374e+001
  2.551694390891e+002 -4.943974537635e+001 -5.357220477291e+001
  2.552186024797e+002 -4.944304722366e+001 -5.360563934152e+001
  2.552076912659e+002 -4.939229744681e+001 -5.362574545213e+001
  2.552184826163e+002 -4.929617924346e+001 -5.364403221417e+001
  2.551833942929e+002 -4.921540379176e+001 -5.369203520770e+001
  2.551595702951e+002 -4.915864500885e+001 -5.371623609189e+001
  2.551409507522e+002 -4.910461945265e+001 -5.373562510844e+001
  2.551378086828e+002 -4.901809795252e+001 -5.374206643562e+001
  2.551392969260e+002 -4.892950285398e+001 -5.376217549508e+001
  2.550634994203e+002 -4.888667433546e+001 -5.381113385688e+001
  2.549530303673e+002 -4.888669779178e+001 -5.380632979941e+001
  2.548135484992e+002 -4.892361487552e+001 -5.377581435405e+001
  2.546898745161e+002 -4.892885198872e+001 -5.374770782732e+001
  2.546062272351e+002 -4.889154644626e+001 -5.370351411616e+001
  2.546156974135e+002 -4.881070874055e+001 -5.364556746859e+001
  2.545591873705e+002 -4.876446844155e+001 -5.360772847430e+001
  2.544863690880e+002 -4.877358260571e+001 -5.356401877331e+001
  2.545013540023e+002 -4.868490576448e+001 -5.350084088656e+001
  2.545272623045e+002 -4.858618801301e+001 -5.344509671932e+001
  2.545462014306e+002 -4.850232460558e+001 -5.341762957796e+001
  2.545812178479e+002 -4.837728119069e+001 -5.337049338559e+001
  2.545389056384e+002 -4.828616632417e+001 -5.332952792621e+001
  2.544984785666e+002 -4.827125338391e+001 -5.329751690706e+001
  2.544569533112e+002 -4.823653964696e+001 -5.328931908533e+001
  2.544802862525e+002 -4.812108727919e+001 -5.329571754044e+001
  2.545196325110e+002 -4.800882609950e+001 -5.329780133700e+001
  2.545344960683e+002 -4.787414432153e+001 -5.329212264781e+001
  2.546009006189e+002 -4.773749920658e+001 -5.328261787026e+001
  2.545757616811e+002 -4.768503314608e+001 -5.329579230924e+001
  2.545884586574e+002 -4.759945965033e+001 -5.331178577175e+001
  2.544799000725e+002 -4.746523187074e+001 -5.324676523969e+001
  2.544881052419e+002 -4.738477272650e+001 -5.326822301219e+001
  2.545614813131e+002 -4.720800151742e+001 -5.335204159207e+001
  2.545312809554e+002 -4.713819606804e+001 -5.336377994913e+001
  2.544927604470e+002 -4.706397379007e+001 -5.336927692324e+001
  2.544555249106e+002 -4.700969100862e+001 -5.337151826327e+001
  2.544477082490e+002 -4.694208083152e+001 -5.336359847010e+001
  2.543953724247e+002 -4.686160108093e+001 -5.336060723203e+001
  2.543667420808e+002 -4.681342705455e+001 -5.335881062111e+001
  2.543393538847e+002 -4.673219040492e+001 -5.334944051883e+001
  2.543524208822e+002 -4.663572635059e+001 -5.332915145875e+001
  2.544129614428e+002 -4.644488436828e+001 -5.330288068410e+001
  2.543960124216e+002 -4.635798565239e+001 -5.329345698918e+001
  2.544706881295e+002 -4.622211317189e+001 -5.340743555547e+001
  2.544441299096e+002 -4.617979545164e+001 -5.341243864871e+001
  2.544686935421e+002 -4.599682391139e+001 -5.346425371369e+001
  2.544697784045e+002 -4.581720073681e+001 -5.347794630441e+001
  2.545278837238e+002 -4.566796986459e+001 -5.349707401896e+001
  2.544766674148e+002 -4.559913135089e+001 -5.348181816760e+001
  2.544131666230e+002 -4.558282576758e+001 -5.346118311576e+001
  2.543360390638e+002 -4.557341808943e+001 -5.346371151148e+001
  2.542818606787e+002 -4.555608708372e+001 -5.343200612586e+001
  2.541872355002e+002 -4.549335466642e+001 -5.341862961680e+001
  2.541799919457e+002 -4.548786162739e+001 -5.341088201676e+001
  2.541243870627e+002 -4.546412213063e+001 -5.338602415401e+001
  2.541202809247e+002 -4.539762904225e+001 -5.337022886508e+001
  2.540184394221e+002 -4.540370186850e+001 -5.337329601596e+001
  2.540753489281e+002 -4.525300831797e+001 -5.340923952459e+001
  2.540405829992e+002 -4.528136567309e+001 -5.339772128200e+001
  2.539899687661e+002 -4.526116062537e+001 -5.337382648015e+001
  2.538935488436e+002 -4.526124707723e+001 -5.336001463073e+001
  2.537869391665e+002 -4.527845553543e+001 -5.334808204883e+001
  2.537346916269e+002 -4.525902556907e+001 -5.331804834897e+001
  2.536793132740e+002 -4.524394290606e+001 -5.330966259283e+001
  2.536459983685e+002 -4.520926389149e+001 -5.327297591623e+001
  2.536262643184e+002 -4.519561362486e+001 -5.325759975054e+001
  2.535953757322e+002 -4.515185644892e+001 -5.321394678807e+001
  2.535710891022e+002 -4.509977043948e+001 -5.320010215165e+001
  2.535351006030e+002 -4.505682213155e+001 -5.318557200988e+001
  2.534867639667e+002 -4.505311219908e+001 -5.316959549099e+001
  2.534588322646e+002 -4.500028101847e+001 -5.317028680462e+001
  2.534046833200e+002 -4.494714498846e+001 -5.315691107344e+001
  2.533406061077e+002 -4.491095289391e+001 -5.317275807041e+001
  2.532912780154e+002 -4.490479328665e+001 -5.314942287170e+001
  2.532138297550e+002 -4.484376651701e+001 -5.312992906015e+001
  2.531152977806e+002 -4.486770308650e+001 -5.313612912962e+001
  2.530040359918e+002 -4.478960863010e+001 -5.315002107972e+001
  2.529237695937e+002 -4.480497331843e+001 -5.316365540427e+001
  2.529594919485e+002 -4.473878617108e+001 -5.327743424057e+001
  2.529570330572e+002 -4.469667940765e+001 -5.325223118216e+001
  2.529541864642e+002 -4.458870614877e+001 -5.323460535628e+001
  2.528921801213e+002 -4.453876572250e+001 -5.318801816784e+001
  2.528628226004e+002 -4.446519344956e+001 -5.314986309859e+001
  2.528059640552e+002 -4.444485632754e+001 -5.314183415613e+001
  2.527764820992e+002 -4.439868526491e+001 -5.312537752081e+001
  2.527511349210e+002 -4.435578614190e+001 -5.311530390026e+001
  2.527263154853e+002 -4.427992236193e+001 -5.309890091184e+001
  2.527224889036e+002 -4.421274342728e+001 -5.307931426312e+001
  2.527360136795e+002 -4.413070298909e+001 -5.306894857951e+001
  2.527343325711e+002 -4.404024856230e+001 -5.307217046446e+001
  2.527529510881e+002 -4.394145123196e+001 -5.307492023782e+001
  2.527844651989e+002 -4.381562002173e+001 -5.303937364984e+001
  2.528291833037e+002 -4.366866628362e+001 -5.300054240552e+001
  2.528122145363e+002 -4.357341416134e+001 -5.297933425668e+001
  2.527720944156e+002 -4.356393978078e+001 -5.297996276724e+001
  2.527404655282e+002 -4.353302822257e+001 -5.298004284210e+001
  2.527877917786e+002 -4.338644657375e+001 -5.298713299379e+001
  2.528087333543e+002 -4.328830732725e+001 -5.299265775983e+001
  2.528434466211e+002 -4.314749377281e+001 -5.300044707121e+001
  2.528928963667e+002 -4.295257273859e+001 -5.298723614460e+001
  2.529327148246e+002 -4.273382011741e+001 -5.293685336867e+001
  2.528930020987e+002 -4.262711150121e+001 -5.293271185804e+001
  2.529470454826e+002 -4.249155846622e+001 -5.292853532159e+001
  2.529834143368e+002 -4.231089516590e+001 -5.287723162867e+001
  2.530424297356e+002 -4.213683121203e+001 -5.283456408252e+001
  2.530696728563e+002 -4.191808730930e+001 -5.280871657640e+001
  2.531002987567e+002 -4.169271548152e+001 -5.283788562115e+001
  2.531645317908e+002 -4.139892030475e+001 -5.279585001481e+001
  2.531982886181e+002 -4.112186289933e+001 -5.270156115978e+001
  2.532264849651e+002 -4.088964856238e+001 -5.264504928703e+001
  2.528114205083e+002 -4.021174861934e+001 -5.256012308058e+001
  2.528763033642e+002 -4.000024855456e+001 -5.252435977814e+001
  2.528854592744e+002 -3.990779682759e+001 -5.251140884734e+001
  2.529284096412e+002 -3.972812839243e+001 -5.248257025104e+001
  2.530094261422e+002 -3.959778259115e+001 -5.246515415243e+001
  2.530867589960e+002 -3.943111409801e+001 -5.243154983853e+001
  2.531341736666e+002 -3.933229987404e+001 -5.242492111229e+001
  2.531677177415e+002 -3.922132291507e+001 -5.242668483909e+001
  2.531651608058e+002 -3.913617321286e+001 -5.244177998097e+001
  2.531519248117e+002 -3.903269929925e+001 -5.243122157034e+001
  2.531503717664e+002 -3.897191541650e+001 -5.242377786861e+001
  2.531468340003e+002 -3.891132210288e+001 -5.241017577939e+001
  2.531154630968e+002 -3.885009902563e+001 -5.237993530215e+001
  2.530448638188e+002 -3.881157597999e+001 -5.237800471164e+001
  2.529662232196e+002 -3.877114407414e+001 -5.234747294796e+001
  2.529224713694e+002 -3.870578155947e+001 -5.231805266150e+001
  2.528617622602e+002 -3.863270010448e+001 -5.231003090953e+001
  2.528028221640e+002 -3.859179426084e+001 -5.231009788291e+001
  2.527208465440e+002 -3.853587400976e+001 -5.231379164939e+001
  2.526285995976e+002 -3.847560924666e+001 -5.234155144292e+001
  2.524980420689e+002 -3.832920234621e+001 -5.236849721008e+001
  2.524148547840e+002 -3.828798717185e+001 -5.239299824863e+001
  2.523296802194e+002 -3.825369425177e+001 -5.242370228930e+001
  2.521689774651e+002 -3.814769803694e+001 -5.245754618249e+001
  2.520032234507e+002 -3.803033998695e+001 -5.251762746805e+001
  2.519245165225e+002 -3.797084144787e+001 -5.254203175740e+001
  2.517972654317e+002 -3.785684680343e+001 -5.258109563176e+001
  2.516761695763e+002 -3.777696874897e+001 -5.260319097697e+001
  2.516128815750e+002 -3.765604897757e+001 -5.263718508063e+001
  2.515080243697e+002 -3.762583367221e+001 -5.262330566836e+001
  2.514508377116e+002 -3.759703787406e+001 -5.263234295621e+001
  2.513752980085e+002 -3.763181922298e+001 -5.265110882660e+001
  2.512877246664e+002 -3.756062332308e+001 -5.266145172352e+001
  2.512241187812e+002 -3.771995557429e+001 -5.273109687480e+001
  2.511572167493e+002 -3.771515343543e+001 -5.272532637323e+001
  2.510997856302e+002 -3.772651384927e+001 -5.271680811390e+001
  2.510042687203e+002 -3.769240071554e+001 -5.271270094288e+001
  2.509632235783e+002 -3.776417038494e+001 -5.272294444217e+001
  2.509260892445e+002 -3.773984355928e+001 -5.272368152541e+001
  2.509236082347e+002 -3.766088693066e+001 -5.274732133441e+001
  2.509394765980e+002 -3.761115512134e+001 -5.276237809833e+001
  2.509614143335e+002 -3.750103447923e+001 -5.278874842155e+001
  2.509593997621e+002 -3.743252123851e+001 -5.281126530910e+001
  2.509637310659e+002 -3.734610135459e+001 -5.282935289854e+001
  2.509254152328e+002 -3.715586608247e+001 -5.281682091479e+001
  2.509265756953e+002 -3.714706545582e+001 -5.281299440690e+001
  2.509204625835e+002 -3.710564768708e+001 -5.281231182624e+001
  2.509895333609e+002 -3.690366195924e+001 -5.281479551228e+001
  2.510508737355e+002 -3.671555975052e+001 -5.281801899037e+001
  2.509953158830e+002 -3.670640485892e+001 -5.273829794598e+001
  2.510474840774e+002 -3.656493952908e+001 -5.272835435529e+001
  2.510348553058e+002 -3.646808708259e+001 -5.273160956189e+001
  2.510223185670e+002 -3.626731602831e+001 -5.273126888285e+001
  2.510482733110e+002 -3.623735080881e+001 -5.273380169255e+001
  2.510467722511e+002 -3.614968847778e+001 -5.274470381892e+001
  2.510515934473e+002 -3.607553449637e+001 -5.274325700604e+001
  2.510471555849e+002 -3.599694563823e+001 -5.272978062481e+001
  2.510301244364e+002 -3.592062634690e+001 -5.273860598937e+001
  2.510186439660e+002 -3.585942725094e+001 -5.274456127148e+001
  2.509499012551e+002 -3.582083309834e+001 -5.275486988937e+001
  2.508863303763e+002 -3.579623603202e+001 -5.276807696230e+001
  2.507815005628e+002 -3.578244601022e+001 -5.276866722824e+001
  2.506944713166e+002 -3.577446149055e+001 -5.278010465411e+001
  2.506821850322e+002 -3.571563501405e+001 -5.275417283794e+001
  2.506319379425e+002 -3.564764624320e+001 -5.274287135005e+001
  2.505540369898e+002 -3.560306228796e+001 -5.274110493112e+001
  2.505450035012e+002 -3.554532415328e+001 -5.272381353887e+001
  2.504740549548e+002 -3.552691351629e+001 -5.271690227769e+001
  2.504444710025e+002 -3.548315713580e+001 -5.271957174127e+001
  2.503895617712e+002 -3.545886846758e+001 -5.270782184434e+001
  2.502930897144e+002 -3.535229203860e+001 -5.271395819028e+001
  2.502476629894e+002 -3.538335200973e+001 -5.271712231069e+001
  2.501608306832e+002 -3.538992519440e+001 -5.273991651388e+001
  2.500448261558e+002 -3.531519200122e+001 -5.275528261154e+001
  2.499786983939e+002 -3.529307535599e+001 -5.273267108831e+001
  2.499040778790e+002 -3.529159678529e+001 -5.272684814137e+001
  2.498551983557e+002 -3.526187106011e+001 -5.270776730514e+001
  2.498075956789e+002 -3.522811655114e+001 -5.269358922445e+001
  2.497237241135e+002 -3.519906206312e+001 -5.268825446804e+001
  2.496731963172e+002 -3.517179387811e+001 -5.267507877626e+001
  2.496030104025e+002 -3.512340063805e+001 -5.266832996415e+001
  2.495291226861e+002 -3.507872342971e+001 -5.266268775775e+001
  2.494484864451e+002 -3.504345330090e+001 -5.269233359159e+001
  2.493687855576e+002 -3.498030377840e+001 -5.269186838561e+001
  2.492832146607e+002 -3.491860845386e+001 -5.271757594032e+001
  2.491918403894e+002 -3.485852213498e+001 -5.274707991226e+001
  2.488475085809e+002 -3.490698813482e+001 -5.278084855463e+001
  2.487796087817e+002 -3.488613725532e+001 -5.275699831350e+001
  2.487096065815e+002 -3.488998769893e+001 -5.276114351834e+001
  2.486354780890e+002 -3.485724454378e+001 -5.277236991335e+001
  2.486155548444e+002 -3.479023372839e+001 -5.277343907054e+001
  2.485889855666e+002 -3.475135125234e+001 -5.275697634174e+001
  2.485542416504e+002 -3.471196174237e+001 -5.277467235101e+001
  2.485093774140e+002 -3.465166316855e+001 -5.275683311667e+001
  2.484803632781e+002 -3.459251942287e+001 -5.278280905138e+001
  2.484673255669e+002 -3.451449719755e+001 -5.281737346271e+001
  2.484538843463e+002 -3.440340967699e+001 -5.283184881543e+001
  2.484167149831e+002 -3.434557513814e+001 -5.283616822374e+001
  2.484197253840e+002 -3.425352172623e+001 -5.282545443611e+001
  2.483734744066e+002 -3.420069615019e+001 -5.281210756285e+001
  2.483301772697e+002 -3.413298402509e+001 -5.278146197690e+001
  2.483039231806e+002 -3.404330196796e+001 -5.278294219731e+001
  2.482807191312e+002 -3.399096693860e+001 -5.278004020939e+001
  2.482445792497e+002 -3.391857476998e+001 -5.275965242462e+001
  2.482287114737e+002 -3.386194819914e+001 -5.275666586430e+001
  2.481989997135e+002 -3.378858595371e+001 -5.274861501236e+001
  2.481575395903e+002 -3.372368071711e+001 -5.275971829984e+001
  2.481284400411e+002 -3.365954729454e+001 -5.275376395823e+001
  2.480996621081e+002 -3.357297648378e+001 -5.275682334020e+001
  2.480244566011e+002 -3.351029485969e+001 -5.279222657280e+001
  2.479758774870e+002 -3.347582056686e+001 -5.277432234757e+001
  2.479291016545e+002 -3.340041233200e+001 -5.278457230686e+001
  2.478926860907e+002 -3.333230216311e+001 -5.280036267488e+001
  2.478306496822e+002 -3.329623179276e+001 -5.285022426661e+001
  2.478228073862e+002 -3.328644352048e+001 -5.285336191681e+001
  2.478004850877e+002 -3.319598648772e+001 -5.286318068113e+001
  2.477721710885e+002 -3.313214776508e+001 -5.284898801432e+001
  2.477628955645e+002 -3.310231625523e+001 -5.280825437172e+001
  2.477249495427e+002 -3.312633322838e+001 -5.282007886657e+001
  2.476871576204e+002 -3.314892839633e+001 -5.280540100646e+001
  2.476542220436e+002 -3.308356258137e+001 -5.277616213208e+001
  2.475962980814e+002 -3.301182973831e+001 -5.276960440801e+001
  2.475417723888e+002 -3.305962126934e+001 -5.278497235614e+001
  2.474691666254e+002 -3.305476513526e+001 -5.277713741841e+001
  2.475039670253e+002 -3.299804490059e+001 -5.278732251852e+001
  2.474837569441e+002 -3.297588203413e+001 -5.280513194021e+001
  2.474508431890e+002 -3.291395800774e+001 -5.280833296909e+001
  2.474143682643e+002 -3.287591010069e+001 -5.279600933262e+001
  2.473934703005e+002 -3.283704124345e+001 -5.280394424512e+001
  2.473424650484e+002 -3.275999727039e+001 -5.280384451223e+001
  2.473368577430e+002 -3.268732503221e+001 -5.279558997686e+001
  2.473006088096e+002 -3.264942242796e+001 -5.279230185969e+001
  2.472374823825e+002 -3.258791665835e+001 -5.277815470079e+001
  2.471930860550e+002 -3.253537816047e+001 -5.278548807206e+001
  2.471564119021e+002 -3.246966299267e+001 -5.280827244741e+001
  2.471293226647e+002 -3.238192674698e+001 -5.280704995503e+001
  2.470564269653e+002 -3.226298836549e+001 -5.282498161072e+001
  2.470485327157e+002 -3.224649537718e+001 -5.283010968608e+001
  2.470212797843e+002 -3.218414566089e+001 -5.284923847909e+001
  2.469893515342e+002 -3.212785884585e+001 -5.282845255212e+001
  2.469441195704e+002 -3.212414740813e+001 -5.269373590682e+001
  2.469143254804e+002 -3.208706567000e+001 -5.268081935291e+001
  2.469100061280e+002 -3.203985153772e+001 -5.267625612332e+001
  2.468972662782e+002 -3.200300469681e+001 -5.267149851440e+001
  2.468879603914e+002 -3.196063686231e+001 -5.266062753768e+001
  2.468780944339e+002 -3.188888185591e+001 -5.267797885674e+001
  2.468806332490e+002 -3.178176489632e+001 -5.271821998796e+001
  2.468928488460e+002 -3.170360373203e+001 -5.271197040139e+001
  2.469027332147e+002 -3.159840879751e+001 -5.273947564281e+001
  2.469110506772e+002 -3.153372038273e+001 -5.275254637057e+001
  2.468996886518e+002 -3.145775984653e+001 -5.277273955637e+001
  2.469015567352e+002 -3.142666977336e+001 -5.273523564030e+001
  2.468475042392e+002 -3.140854598992e+001 -5.272585458395e+001
  2.467553179889e+002 -3.137381768349e+001 -5.273091217819e+001
  2.467253232606e+002 -3.134107970821e+001 -5.270974956817e+001
  2.467083510275e+002 -3.133816908401e+001 -5.267187682298e+001
  2.467165780790e+002 -3.134975687202e+001 -5.266484602019e+001
  2.466911761193e+002 -3.135738856157e+001 -5.266187008091e+001
  2.466671966960e+002 -3.134369803539e+001 -5.265990324885e+001
  2.466627402294e+002 -3.132217508361e+001 -5.266299690146e+001
  2.466195085385e+002 -3.128527734761e+001 -5.265357047651e+001
  2.465956054384e+002 -3.125609509021e+001 -5.267518284701e+001
  2.465727257955e+002 -3.123664637236e+001 -5.269109237249e+001
  2.465516897341e+002 -3.121080004598e+001 -5.268927042059e+001
  2.465381993248e+002 -3.117085203273e+001 -5.268685526828e+001
  2.464842343319e+002 -3.114575504035e+001 -5.269721273169e+001
  2.464425313899e+002 -3.109568853844e+001 -5.270337520195e+001
  2.464365898461e+002 -3.104457019783e+001 -5.273136176695e+001
  2.463957449242e+002 -3.098756710793e+001 -5.277688897212e+001
  2.463559361205e+002 -3.086727191219e+001 -5.281516973088e+001
  2.463194223306e+002 -3.075585098195e+001 -5.285574601451e+001
  2.462812464731e+002 -3.063043541560e+001 -5.287916890716e+001
  2.462213795525e+002 -3.042809656926e+001 -5.291688393875e+001
  2.462504978390e+002 -3.037940346164e+001 -5.291227592133e+001
  2.462125515648e+002 -3.025491084728e+001 -5.293672505051e+001
  2.462019832987e+002 -3.014874826404e+001 -5.296742895252e+001
  2.461632947286e+002 -3.003875576638e+001 -5.302052964617e+001
  2.461078501973e+002 -2.994748449498e+001 -5.304258997347e+001
  2.460942241125e+002 -2.990427573285e+001 -5.301966113074e+001
  2.460728323650e+002 -2.984651062184e+001 -5.304966062607e+001
  2.460449438663e+002 -2.981433378758e+001 -5.305823856620e+001
  2.459684299177e+002 -2.981601322590e+001 -5.304207120665e+001
  2.459096146814e+002 -2.976210022218e+001 -5.306900608355e+001
  2.458261228720e+002 -2.969043910992e+001 -5.311804715324e+001
  2.457523522787e+002 -2.965883232627e+001 -5.314502539665e+001
  2.457021379082e+002 -2.956154142251e+001 -5.316715332309e+001
  2.456413226381e+002 -2.946389025441e+001 -5.317642387783e+001
  2.456121133640e+002 -2.936499967270e+001 -5.317552328941e+001
  2.455434504464e+002 -2.937559156415e+001 -5.322215242200e+001
  2.455172306934e+002 -2.925705651836e+001 -5.325679518512e+001
  2.454483987669e+002 -2.914724954432e+001 -5.330126241545e+001
  2.454204436835e+002 -2.898948161000e+001 -5.332842411733e+001
  2.454649971040e+002 -2.870494870551e+001 -5.335226023741e+001
  2.454459312756e+002 -2.853075172223e+001 -5.336843008465e+001
  2.454398295115e+002 -2.843227115641e+001 -5.335966808912e+001
  2.454393416396e+002 -2.826261515516e+001 -5.339253712133e+001
  2.454118446313e+002 -2.815475358172e+001 -5.344998202579e+001
  2.453810514138e+002 -2.804009090497e+001 -5.345765525671e+001
  2.453670375534e+002 -2.790525793013e+001 -5.346951305448e+001
  2.453522221932e+002 -2.781604500255e+001 -5.348585322791e+001
  2.453106242426e+002 -2.773716688491e+001 -5.350589360715e+001
  2.453166660437e+002 -2.764174004719e+001 -5.352732626170e+001
  2.453024737975e+002 -2.756088835239e+001 -5.358792303691e+001
  2.453193701898e+002 -2.743748360048e+001 -5.363573846600e+001
  2.453054730103e+002 -2.735968117410e+001 -5.365220905335e+001
  2.452717627469e+002 -2.724768264437e+001 -5.370271705373e+001
  2.452690980947e+002 -2.709618613876e+001 -5.370502255830e+001
  2.451866230990e+002 -2.712862870167e+001 -5.371942018734e+001
  2.452205388701e+002 -2.697644163069e+001 -5.374055682719e+001
  2.451448305597e+002 -2.698762084764e+001 -5.372602200482e+001
  2.450549857547e+002 -2.701501635720e+001 -5.369261406506e+001
  2.449707741631e+002 -2.708657677586e+001 -5.368056104224e+001
  2.448492312700e+002 -2.721108054719e+001 -5.365552459484e+001
  2.447796157505e+002 -2.731761827748e+001 -5.367034763799e+001
  2.447039497700e+002 -2.740691863199e+001 -5.368749124268e+001
  2.446834715343e+002 -2.733148472144e+001 -5.368664090174e+001
  2.446620688186e+002 -2.728526871705e+001 -5.368082498012e+001
  2.446466833366e+002 -2.718304935257e+001 -5.367206280483e+001
  2.446234687705e+002 -2.708586058249e+001 -5.364951141912e+001
  2.444054870978e+002 -2.683158812560e+001 -5.371208579656e+001
  2.443822199514e+002 -2.680339230266e+001 -5.368657974306e+001
  2.443166069608e+002 -2.676603106341e+001 -5.365831556706e+001
  2.442332478348e+002 -2.678089591666e+001 -5.365888696281e+001
  2.441604769845e+002 -2.674215066515e+001 -5.361312125276e+001
  2.440871268622e+002 -2.673603197208e+001 -5.359984303713e+001
  2.440597105972e+002 -2.667291107123e+001 -5.357283421924e+001
  2.440164644519e+002 -2.661319750322e+001 -5.355203021192e+001
  2.439879738058e+002 -2.655821293943e+001 -5.356128940741e+001
  2.439514272342e+002 -2.655667873312e+001 -5.355782285737e+001
  2.439665424733e+002 -2.640212235280e+001 -5.355198059952e+001
  2.439400278334e+002 -2.633388692586e+001 -5.354867316710e+001
  2.439278578091e+002 -2.627576597758e+001 -5.352939268744e+001
  2.439024503245e+002 -2.623266681301e+001 -5.353102081678e+001
  2.438805054529e+002 -2.617970574340e+001 -5.353190258059e+001
  2.438494617437e+002 -2.613989923232e+001 -5.353452293542e+001
  2.438469906252e+002 -2.604647376812e+001 -5.352847294517e+001
  2.438282397905e+002 -2.599756123783e+001 -5.351472012981e+001
  2.438936790268e+002 -2.579821498049e+001 -5.358844471938e+001
  2.438290315605e+002 -2.571650261806e+001 -5.358191099831e+001
  2.437801462450e+002 -2.565302191226e+001 -5.357476354302e+001
  2.438072144652e+002 -2.556763997836e+001 -5.361150420704e+001
  2.438263824981e+002 -2.551035541585e+001 -5.364831249726e+001
  2.438470383034e+002 -2.549407486511e+001 -5.368499472492e+001
  2.438104609519e+002 -2.544649805982e+001 -5.369447437843e+001
  2.437491478003e+002 -2.540499147266e+001 -5.370305121085e+001
  2.436991454668e+002 -2.537068647940e+001 -5.371161336622e+001
  2.436653733169e+002 -2.532027186927e+001 -5.372398499586e+001
  2.436779063171e+002 -2.506440406274e+001 -5.370613122812e+001
  2.435384669055e+002 -2.516552756160e+001 -5.364294405217e+001
  2.435769203799e+002 -2.509248740529e+001 -5.365857825505e+001
  2.433691566082e+002 -2.506376727672e+001 -5.372009036089e+001
  2.435036962495e+002 -2.497431697715e+001 -5.377251103364e+001
  2.435789371267e+002 -2.488722700178e+001 -5.380072511686e+001
  2.434787516531e+002 -2.490268417661e+001 -5.384692739488e+001
  2.434468490801e+002 -2.485969284562e+001 -5.383598687351e+001
  2.434038139696e+002 -2.482235166007e+001 -5.385599118393e+001
  2.433703825976e+002 -2.475571278642e+001 -5.387704478319e+001
  2.433920300422e+002 -2.467949668597e+001 -5.390391484958e+001
  2.433490413820e+002 -2.464538076587e+001 -5.389586696348e+001
  2.432887278045e+002 -2.456969101983e+001 -5.388747599108e+001
  2.432898694805e+002 -2.446676910102e+001 -5.391797164125e+001
