  2.619342991604e+002 -6.484863856043e+001 -5.264120451327e+001
  2.618599185386e+002 -6.480973909594e+001 -5.268137168259e+001
  2.618014854754e+002 -6.476275099755e+001 -5.271887123399e+001
  2.617626533857e+002 -6.470242816830e+001 -5.271965098610e+001
  2.617701916906e+002 -6.461621546527e+001 -5.267179262013e+001
  2.616738101345e+002 -6.457596239946e+001 -5.271707476521e+001
  2.616459381526e+002 -6.449808471970e+001 -5.278388266121e+001
  2.616052460252e+002 -6.441654658894e+001 -5.272543433810e+001
  2.615776960252e+002 -6.432573058894e+001 -5.273070533810e+001
  2.615302040143e+002 -6.423777531275e+001 -5.268555481262e+001
  2.614738216780e+002 -6.415448225769e+001 -5.270675756578e+001
  2.614555588069e+002 -6.405006079154e+001 -5.271322029473e+001
  2.613747421814e+002 -6.397229839258e+001 -5.263849008375e+001
  2.613251343163e+002 -6.388376914338e+001 -5.264722654325e+001
  2.613292894395e+002 -6.377056333897e+001 -5.260289968953e+001
  2.613474410684e+002 -6.365407847104e+001 -5.255023923171e+001
  2.613205776065e+002 -6.356444679521e+001 -5.256658435763e+001
  2.612255693804e+002 -6.351506960736e+001 -5.258581254557e+001
  2.612123193804e+002 -6.342910960736e+001 -5.257689154557e+001
  2.611405496554e+002 -6.337662638548e+001 -5.250578415371e+001
  2.611392006221e+002 -6.329318527026e+001 -5.253577644445e+001
  2.611647451591e+002 -6.320052195219e+001 -5.256046843395e+001
  2.610757903109e+002 -6.316687092851e+001 -5.254548935480e+001
  2.610361965181e+002 -6.310981516958e+001 -5.254386613813e+001
  2.610310643543e+002 -6.303429244159e+001 -5.256554998904e+001
  2.610149550145e+002 -6.296555857641e+001 -5.269649748344e+001
  2.610066750145e+002 -6.288777557641e+001 -5.271102148344e+001
  2.610243531638e+002 -6.279228278203e+001 -5.264439135388e+001
  2.610079565720e+002 -6.271277985917e+001 -5.275332296442e+001
  2.608740315142e+002 -6.268678059319e+001 -5.272106510929e+001
  2.609124540734e+002 -6.257198965900e+001 -5.274969088503e+001
  2.609138751115e+002 -6.247464390283e+001 -5.280171537107e+001
  2.608922452194e+002 -6.239154523717e+001 -5.294128897395e+001
  2.608836219500e+002 -6.230046049508e+001 -5.305318037629e+001
  2.608698003541e+002 -6.221533788303e+001 -5.316072071097e+001
  2.607765112522e+002 -6.216724664288e+001 -5.311123104209e+001
  2.607770669494e+002 -6.208269842534e+001 -5.323159877633e+001
  2.607436890048e+002 -6.201914973484e+001 -5.330944525446e+001
  2.607599666045e+002 -6.193647820590e+001 -5.332386384108e+001
  2.607897419136e+002 -6.185101281428e+001 -5.338809442150e+001
  2.607481726770e+002 -6.180285082332e+001 -5.334715935026e+001
  2.607134853326e+002 -6.175602707355e+001 -5.325347207908e+001
  2.606750592756e+002 -6.171643082362e+001 -5.329174519882e+001
  2.607657483270e+002 -6.161154673687e+001 -5.332496377577e+001
  2.607535595545e+002 -6.155457969256e+001 -5.330774810348e+001
  2.607323533506e+002 -6.149980566234e+001 -5.327413843936e+001
  2.606879410205e+002 -6.145260174197e+001 -5.322946352842e+001
  2.606740040796e+002 -6.138119381551e+001 -5.318665393306e+001
  2.606524339220e+002 -6.130426547461e+001 -5.309016694974e+001
  2.606391944292e+002 -6.121356995616e+001 -5.298801105658e+001
  2.605381879486e+002 -6.115840803970e+001 -5.291650906991e+001
  2.604492558130e+002 -6.109143259564e+001 -5.297701131269e+001
  2.604308921725e+002 -6.097877762385e+001 -5.304075486938e+001
  2.603573021725e+002 -6.088742662385e+001 -5.304383486938e+001
  2.602351292683e+002 -6.081668356222e+001 -5.302910371107e+001
  2.601402138837e+002 -6.072729054395e+001 -5.302115088266e+001
  2.600732611708e+002 -6.062771151936e+001 -5.307404505962e+001
  2.599769726764e+002 -6.054444335446e+001 -5.313246240814e+001
  2.599189553206e+002 -6.044734837811e+001 -5.313896805139e+001
  2.598310029479e+002 -6.036879640735e+001 -5.315547055726e+001
  2.597673031050e+002 -6.028913433427e+001 -5.317761087393e+001
  2.596895928713e+002 -6.022612545747e+001 -5.319821875955e+001
  2.596886430699e+002 -6.013122902620e+001 -5.316628083990e+001
  2.596198548445e+002 -6.008576671537e+001 -5.321763826475e+001
  2.596517577136e+002 -5.999278914403e+001 -5.318891838904e+001
  2.596703790684e+002 -5.991275994091e+001 -5.314629536932e+001
  2.597311288784e+002 -5.981850797113e+001 -5.309206141386e+001
  2.597611101186e+002 -5.974551484325e+001 -5.306443136707e+001
  2.598050644625e+002 -5.966346472731e+001 -5.300191742535e+001
  2.598192017773e+002 -5.960070929135e+001 -5.298388737637e+001
  2.598670405700e+002 -5.951821226724e+001 -5.296571142196e+001
  2.599096631670e+002 -5.942792912311e+001 -5.284715352604e+001
  2.599426934796e+002 -5.934157282306e+001 -5.280582193119e+001
  2.599369639451e+002 -5.926766421958e+001 -5.272264769822e+001
  2.599102619713e+002 -5.920131800453e+001 -5.267528073178e+001
  2.598917867752e+002 -5.912443674269e+001 -5.271267702194e+001
  2.598117091345e+002 -5.907385984297e+001 -5.274930567222e+001
  2.598228118547e+002 -5.897244267571e+001 -5.273329878387e+001
  2.597009377818e+002 -5.893591947257e+001 -5.273149003520e+001
  2.596484355748e+002 -5.886390030255e+001 -5.279901002245e+001
  2.595720156543e+002 -5.880051343842e+001 -5.284038064969e+001
  2.594696180668e+002 -5.875256435733e+001 -5.280618942883e+001
  2.594479461731e+002 -5.866452103926e+001 -5.286569249751e+001
  2.594183326080e+002 -5.858537108357e+001 -5.294913196690e+001
  2.593378467552e+002 -5.853418534803e+001 -5.298242596524e+001
  2.593431579981e+002 -5.844142233538e+001 -5.301636041383e+001
  2.592939076909e+002 -5.838014172116e+001 -5.300919477564e+001
  2.592977842767e+002 -5.829586109621e+001 -5.305834149467e+001
  2.592610136509e+002 -5.823292473572e+001 -5.310089503282e+001
  2.593227475319e+002 -5.812228700584e+001 -5.311581868203e+001
  2.593459543158e+002 -5.803357393766e+001 -5.311161777385e+001
  2.593283224929e+002 -5.796547174327e+001 -5.312193596013e+001
  2.593058629544e+002 -5.789913220797e+001 -5.307938503282e+001
  2.592789578337e+002 -5.783783358909e+001 -5.309342360285e+001
  2.592741701957e+002 -5.776356130778e+001 -5.310346533121e+001
  2.592570618933e+002 -5.769567283507e+001 -5.313037616128e+001
  2.592433331012e+002 -5.762317646731e+001 -5.309587010577e+001
  2.592431327811e+002 -5.754569500261e+001 -5.318008035793e+001
  2.591910899895e+002 -5.748985092953e+001 -5.317515965095e+001
  2.591064803425e+002 -5.745116712509e+001 -5.312997129479e+001
  2.590775772840e+002 -5.738115599113e+001 -5.313788877743e+001
  2.590212168240e+002 -5.732604994098e+001 -5.310092911392e+001
  2.589569186382e+002 -5.727518678898e+001 -5.316068202090e+001
  2.589224745294e+002 -5.720404666086e+001 -5.316222007809e+001
  2.588936597665e+002 -5.713111842851e+001 -5.316651395214e+001
  2.588566097665e+002 -5.706030042851e+001 -5.316330595214e+001
  2.587888113578e+002 -5.700407431746e+001 -5.313561224685e+001
  2.587637213578e+002 -5.692322631746e+001 -5.312542624685e+001
  2.587624530662e+002 -5.682786093561e+001 -5.307070696767e+001
  2.587479830662e+002 -5.673717793561e+001 -5.305390496767e+001
  2.586804131370e+002 -5.667126224758e+001 -5.302373975774e+001
  2.586398818941e+002 -5.658971330381e+001 -5.302007121673e+001
  2.586393666677e+002 -5.648539724148e+001 -5.295822453291e+001
  2.586396879834e+002 -5.637988240757e+001 -5.295497922998e+001
  2.586361755481e+002 -5.627530316040e+001 -5.288224170509e+001
  2.586386034927e+002 -5.617090162263e+001 -5.292391339764e+001
  2.585914557724e+002 -5.609143710023e+001 -5.292942339655e+001
  2.585451166327e+002 -5.601493654905e+001 -5.291638285832e+001
  2.585284666799e+002 -5.591985682284e+001 -5.283718008554e+001
  2.584971671090e+002 -5.583775849794e+001 -5.284418943409e+001
  2.584316172148e+002 -5.577890154760e+001 -5.292072599586e+001
  2.583982814077e+002 -5.570395249937e+001 -5.293254712998e+001
  2.583533747013e+002 -5.563718444576e+001 -5.298871641907e+001
  2.583004102854e+002 -5.557750783691e+001 -5.297668724104e+001
  2.582703890041e+002 -5.550739074043e+001 -5.304672944272e+001
  2.582513271555e+002 -5.543078976993e+001 -5.301342402830e+001
  2.582043115014e+002 -5.537168784908e+001 -5.301472416301e+001
  2.582083192951e+002 -5.528458018127e+001 -5.304730526081e+001
  2.581808273987e+002 -5.520987538950e+001 -5.303569310751e+001
  2.581431018551e+002 -5.514327425433e+001 -5.305375571109e+001
  2.581005980152e+002 -5.507080141287e+001 -5.302544159191e+001
  2.581416348340e+002 -5.495648509015e+001 -5.310206939491e+001
  2.581445038613e+002 -5.485659627964e+001 -5.309157452086e+001
  2.581145740506e+002 -5.477242412499e+001 -5.307712788263e+001
  2.581282648597e+002 -5.466418818805e+001 -5.312396322664e+001
  2.581204311451e+002 -5.456312913909e+001 -5.307300882427e+001
  2.581576646293e+002 -5.443980482101e+001 -5.311006130355e+001
  2.581567146293e+002 -5.433663882101e+001 -5.309606930355e+001
  2.580508191928e+002 -5.429472695710e+001 -5.313486085209e+001
  2.580458820984e+002 -5.419818479830e+001 -5.314065019895e+001
  2.580981919111e+002 -5.407585733755e+001 -5.311791451621e+001
  2.580290138007e+002 -5.402612731413e+001 -5.317566122199e+001
  2.579670469757e+002 -5.397877389764e+001 -5.321003444457e+001
  2.579581711606e+002 -5.390601381384e+001 -5.326412289031e+001
  2.579060396873e+002 -5.386242829873e+001 -5.327360266380e+001
  2.578451765096e+002 -5.382913326267e+001 -5.330412177534e+001
  2.578002714341e+002 -5.379224998136e+001 -5.332928584127e+001
  2.577406895990e+002 -5.376983809825e+001 -5.343709309342e+001
  2.577009596462e+002 -5.372977204249e+001 -5.339079989618e+001
  2.576718007806e+002 -5.368585100501e+001 -5.334752482862e+001
  2.575994881055e+002 -5.366448187175e+001 -5.337942132167e+001
  2.575539180280e+002 -5.362613430721e+001 -5.338603495056e+001
  2.575485941584e+002 -5.355664720931e+001 -5.335357043272e+001
  2.575136659767e+002 -5.350152413039e+001 -5.338282580097e+001
  2.574773100019e+002 -5.343622860238e+001 -5.336526456738e+001
  2.574547800019e+002 -5.335794060238e+001 -5.334764256738e+001
  2.574573025625e+002 -5.325939756489e+001 -5.331455560260e+001
  2.574496696610e+002 -5.315810580334e+001 -5.325646976321e+001
  2.574112602431e+002 -5.306820319569e+001 -5.320828480834e+001
  2.574070020680e+002 -5.295957484548e+001 -5.317844807939e+001
  2.573718039314e+002 -5.286225856272e+001 -5.312661585516e+001
  2.573454662953e+002 -5.276304474027e+001 -5.311494459678e+001
  2.573108558615e+002 -5.267177244629e+001 -5.314533532680e+001
  2.572564276838e+002 -5.259607482012e+001 -5.313458532514e+001
  2.572245438917e+002 -5.250913349450e+001 -5.309218479966e+001
  2.572184566463e+002 -5.241823798549e+001 -5.309400060778e+001
  2.571994023860e+002 -5.234202831039e+001 -5.309051072982e+001
  2.571519914153e+002 -5.228757807121e+001 -5.309881452863e+001
  2.571510188573e+002 -5.221782946991e+001 -5.312603771991e+001
  2.571266071165e+002 -5.216256202155e+001 -5.309135718235e+001
  2.570455443228e+002 -5.214832038417e+001 -5.313167830154e+001
  2.570218019650e+002 -5.210175781402e+001 -5.310360094203e+001
  2.569932875538e+002 -5.206065247038e+001 -5.306356666336e+001
  2.569561318141e+002 -5.202702346381e+001 -5.307421885189e+001
  2.569270863095e+002 -5.198582050740e+001 -5.308765399697e+001
  2.568843280933e+002 -5.194488108411e+001 -5.306970215531e+001
  2.568189788694e+002 -5.191168767228e+001 -5.303076144725e+001
  2.568116949958e+002 -5.183955330989e+001 -5.300041359185e+001
  2.567891449958e+002 -5.176821030989e+001 -5.298028459185e+001
  2.567472954269e+002 -5.169667978116e+001 -5.288915315936e+001
  2.567217961949e+002 -5.161444711358e+001 -5.293989986456e+001
  2.567078861949e+002 -5.151687511358e+001 -5.292502586456e+001
  2.566504084464e+002 -5.143912646795e+001 -5.286495316976e+001
  2.566570556163e+002 -5.132057789661e+001 -5.285017862993e+001
  2.566714260501e+002 -5.119221161507e+001 -5.281542110110e+001
  2.566168338000e+002 -5.110700701302e+001 -5.281410644033e+001
  2.565677542143e+002 -5.102145679892e+001 -5.289765139458e+001
  2.565591499109e+002 -5.091237103391e+001 -5.294253081835e+001
  2.565415599109e+002 -5.081219503391e+001 -5.296210281835e+001
  2.565211799109e+002 -5.071769903391e+001 -5.298579681835e+001
  2.564820104438e+002 -5.064160303952e+001 -5.306342330263e+001
  2.564266433103e+002 -5.057462272607e+001 -5.308703958191e+001
  2.564183841235e+002 -5.048625564035e+001 -5.312762794310e+001
  2.563568391538e+002 -5.042994395842e+001 -5.316874827190e+001
  2.563322321799e+002 -5.035535849884e+001 -5.319316697723e+001
  2.563146211404e+002 -5.027899963962e+001 -5.320895912292e+001
  2.562829426502e+002 -5.020943347890e+001 -5.323643605699e+001
  2.562460996240e+002 -5.014365779843e+001 -5.329604838296e+001
  2.562195939618e+002 -5.007007176966e+001 -5.338298358130e+001
  2.561388802384e+002 -5.002468002563e+001 -5.339865078643e+001
  2.561152313991e+002 -4.994660683734e+001 -5.347707977258e+001
  2.561074186122e+002 -4.985712043962e+001 -5.353040982694e+001
  2.560866563708e+002 -4.977254341550e+001 -5.354213916284e+001
  2.560933859525e+002 -4.967422895545e+001 -5.356094103582e+001
  2.560521524622e+002 -4.960269115174e+001 -5.360069278842e+001
  2.560285449406e+002 -4.952476836822e+001 -5.368280322259e+001
  2.559924903266e+002 -4.945474663221e+001 -5.372350725388e+001
  2.559639117548e+002 -4.938591098338e+001 -5.381417444231e+001
  2.559600032712e+002 -4.930272840666e+001 -5.381756222847e+001
  2.559481546604e+002 -4.922847545490e+001 -5.384668925268e+001
  2.559238459781e+002 -4.916640251066e+001 -5.388010840709e+001
  2.559251727620e+002 -4.909061793586e+001 -5.390951191170e+001
  2.558956182322e+002 -4.903250021180e+001 -5.388188746037e+001
  2.558995439699e+002 -4.896144992537e+001 -5.393281520786e+001
  2.558723603697e+002 -4.890389259391e+001 -5.390608561194e+001
  2.558699602471e+002 -4.882981004204e+001 -5.393717531831e+001
  2.558672979479e+002 -4.875283020180e+001 -5.395799338870e+001
  2.558295704264e+002 -4.869121532992e+001 -5.394650607479e+001
  2.558064302754e+002 -4.861037658077e+001 -5.387180912385e+001
  2.557752111580e+002 -4.853095700334e+001 -5.386898027342e+001
  2.557519413803e+002 -4.844514294269e+001 -5.393086619902e+001
  2.557240150235e+002 -4.835239540419e+001 -5.393586816322e+001
  2.556889647211e+002 -4.825759318401e+001 -5.390775519394e+001
  2.556274338238e+002 -4.817642118544e+001 -5.394353161879e+001
  2.555622507525e+002 -4.809767949037e+001 -5.394819203607e+001
  2.555156521806e+002 -4.800546062433e+001 -5.394674250888e+001
  2.554901016309e+002 -4.790223102934e+001 -5.395650104986e+001
  2.554784219004e+002 -4.779539720547e+001 -5.392809990703e+001
  2.554283168168e+002 -4.771735811219e+001 -5.392118062783e+001
  2.553736737557e+002 -4.764850838084e+001 -5.389739343989e+001
  2.553584682080e+002 -4.756841101773e+001 -5.390406111448e+001
  2.552857381648e+002 -4.752733109543e+001 -5.389324181607e+001
  2.552767586351e+002 -4.745873810738e+001 -5.387223781834e+001
  2.552499589066e+002 -4.740705506379e+001 -5.386852310096e+001
  2.552377806884e+002 -4.735618737114e+001 -5.389210469523e+001
  2.551949900632e+002 -4.732733421722e+001 -5.392878569354e+001
  2.551747761115e+002 -4.728533659035e+001 -5.391953251658e+001
  2.551352417999e+002 -4.725487160837e+001 -5.395819505422e+001
  2.550559993477e+002 -4.724820096834e+001 -5.399565617790e+001
  2.550266571799e+002 -4.720359754971e+001 -5.395810160846e+001
  2.549975893127e+002 -4.715212805871e+001 -5.394073903509e+001
  2.549681607106e+002 -4.709263787315e+001 -5.389730301705e+001
  2.549368335811e+002 -4.702992159280e+001 -5.392474975190e+001
  2.548810360945e+002 -4.697511828496e+001 -5.393785217792e+001
  2.548844747337e+002 -4.687520527279e+001 -5.393408660453e+001
  2.548958703508e+002 -4.676572692522e+001 -5.397128089134e+001
  2.548749021347e+002 -4.666875648247e+001 -5.391867763689e+001
  2.548634833790e+002 -4.656385115757e+001 -5.387069351487e+001
  2.548369937670e+002 -4.646748119851e+001 -5.380798153970e+001
  2.547975913600e+002 -4.638269575791e+001 -5.381985272705e+001
  2.547711360453e+002 -4.629585769581e+001 -5.381390325146e+001
  2.547381253158e+002 -4.621199838774e+001 -5.372800105422e+001
  2.547634921509e+002 -4.609779860376e+001 -5.363982222584e+001
  2.547005020404e+002 -4.604746781030e+001 -5.356766050848e+001
  2.546654050153e+002 -4.598952395251e+001 -5.362847339122e+001
  2.546435098193e+002 -4.592346744935e+001 -5.361457121258e+001
  2.546223092797e+002 -4.586197161544e+001 -5.359787952925e+001
  2.545486047822e+002 -4.583421522116e+001 -5.357950247265e+001
  2.544807681519e+002 -4.580371031786e+001 -5.358405086572e+001
  2.544335981519e+002 -4.575631831786e+001 -5.358481486572e+001
  2.543813181519e+002 -4.570756531786e+001 -5.358775086572e+001
  2.543422077800e+002 -4.564140832707e+001 -5.355575641600e+001
  2.543184354977e+002 -4.556338432100e+001 -5.354225225935e+001
  2.542375114273e+002 -4.550996645495e+001 -5.352779024895e+001
  2.541841229438e+002 -4.543103228325e+001 -5.349520437492e+001
  2.540922498051e+002 -4.537318983954e+001 -5.348322276967e+001
  2.540027194170e+002 -4.530665189385e+001 -5.347193780490e+001
  2.539699929437e+002 -4.520363941553e+001 -5.347374609516e+001
  2.539289429437e+002 -4.510461541553e+001 -5.347421209516e+001
  2.538513180906e+002 -4.503016603533e+001 -5.352681895928e+001
  2.537984013026e+002 -4.494437804022e+001 -5.354105642052e+001
  2.537499985095e+002 -4.486264417513e+001 -5.357149916918e+001
  2.537404742796e+002 -4.476187162181e+001 -5.356976958539e+001
  2.537403444001e+002 -4.466331517978e+001 -5.355230058708e+001
  2.537593840552e+002 -4.456418215639e+001 -5.356884859581e+001
  2.537606259166e+002 -4.448141280081e+001 -5.358372290914e+001
  2.537775640957e+002 -4.439517521944e+001 -5.361677215537e+001
  2.537642456040e+002 -4.433255226158e+001 -5.362958448251e+001
  2.537141183114e+002 -4.429901368342e+001 -5.368766085075e+001
  2.537674141286e+002 -4.419765413515e+001 -5.373552895895e+001
  2.537239430804e+002 -4.415516744081e+001 -5.376261438665e+001
  2.536755529618e+002 -4.410761108915e+001 -5.375680466054e+001
  2.536417949316e+002 -4.404798961835e+001 -5.384627830579e+001
  2.535726235014e+002 -4.399717500831e+001 -5.381333597277e+001
  2.535182875246e+002 -4.392961505381e+001 -5.391057447342e+001
  2.534486105507e+002 -4.385836745298e+001 -5.391697814687e+001
  2.533548287688e+002 -4.379270133513e+001 -5.390318289241e+001
  2.532441415619e+002 -4.372728172163e+001 -5.389703422998e+001
  2.531613211395e+002 -4.364197021727e+001 -5.386829399642e+001
  2.530500310209e+002 -4.357080910693e+001 -5.389449779129e+001
  2.529343698150e+002 -4.350128659743e+001 -5.392223686986e+001
  2.528766631908e+002 -4.340298891375e+001 -5.398189607469e+001
  2.527872302441e+002 -4.332589059912e+001 -5.396032206429e+001
  2.527430359778e+002 -4.323123093058e+001 -5.397341872673e+001
  2.526558596580e+002 -4.317185632661e+001 -5.393947515895e+001
  2.525843012417e+002 -4.311243075798e+001 -5.388924795078e+001
  2.527121724511e+002 -4.295902880454e+001 -5.417118807406e+001
  2.526469651606e+002 -4.291952330682e+001 -5.405335060497e+001
  2.526314385363e+002 -4.285944980494e+001 -5.393464670869e+001
  2.526399369485e+002 -4.279909793425e+001 -5.393738301103e+001
  2.526812667544e+002 -4.272748756649e+001 -5.395090802202e+001
  2.526909926066e+002 -4.268020673090e+001 -5.395980131504e+001
  2.527520835875e+002 -4.259601252828e+001 -5.388620814860e+001
  2.527572448176e+002 -4.255098587752e+001 -5.395669704626e+001
  2.528289338853e+002 -4.245747326788e+001 -5.403805565738e+001
  2.528107033032e+002 -4.240773160888e+001 -5.401168624518e+001
  2.528195201707e+002 -4.232490982345e+001 -5.394686022942e+001
  2.528074851322e+002 -4.225252486703e+001 -5.397087659659e+001
  2.527215181112e+002 -4.221332822581e+001 -5.397385121675e+001
  2.526709448196e+002 -4.213856496325e+001 -5.398229276590e+001
  2.526144521795e+002 -4.206074492134e+001 -5.404406257881e+001
  2.524859031913e+002 -4.201262889682e+001 -5.392941807335e+001
  2.524945909884e+002 -4.187779734463e+001 -5.398495122099e+001
  2.523926325762e+002 -4.180819843131e+001 -5.401284563319e+001
  2.523004554797e+002 -4.173375706652e+001 -5.398811787186e+001
  2.522146826132e+002 -4.165430208919e+001 -5.392381185441e+001
  2.521641983899e+002 -4.156262594328e+001 -5.393430905443e+001
  2.521456159930e+002 -4.145720191428e+001 -5.389974795272e+001
  2.521094564997e+002 -4.137050976013e+001 -5.384292704406e+001
  2.520521470413e+002 -4.131052855606e+001 -5.381112121396e+001
  2.520331063467e+002 -4.123725383737e+001 -5.375734235092e+001
  2.520044118472e+002 -4.118117984298e+001 -5.375787078626e+001
  2.519624692051e+002 -4.114375534100e+001 -5.380595954640e+001
  2.519391144832e+002 -4.109590499400e+001 -5.368511512441e+001
  2.519545604951e+002 -4.103325304296e+001 -5.365719156478e+001
  2.519611906399e+002 -4.097708265692e+001 -5.367981413872e+001
  2.519529952276e+002 -4.092906128187e+001 -5.359084597003e+001
  2.519345032780e+002 -4.089204825680e+001 -5.366410218267e+001
  2.519798764854e+002 -4.081112549588e+001 -5.381861423727e+001
  2.519530663365e+002 -4.076376860453e+001 -5.378020186736e+001
  2.519132018801e+002 -4.071571625287e+001 -5.375632282902e+001
  2.518601753334e+002 -4.067114279161e+001 -5.375493392909e+001
  2.518490017009e+002 -4.058880535519e+001 -5.369318846366e+001
  2.518431753395e+002 -4.050231654804e+001 -5.379452408636e+001
  2.517435851845e+002 -4.046502909631e+001 -5.378851469781e+001
  2.517492499170e+002 -4.035894179794e+001 -5.382918113483e+001
  2.517203737152e+002 -4.026692193823e+001 -5.382273224275e+001
  2.516623015129e+002 -4.019788513693e+001 -5.389503430025e+001
  2.515800020936e+002 -4.013752765652e+001 -5.377472531556e+001
  2.515293563128e+002 -4.006699734548e+001 -5.388199718449e+001
  2.515141739792e+002 -3.997644832674e+001 -5.393204399425e+001
  2.514985672835e+002 -3.988429596555e+001 -5.389111532251e+001
  2.514639129822e+002 -3.981247398133e+001 -5.396492818753e+001
  2.514310330455e+002 -3.974660548185e+001 -5.399406906771e+001
  2.513908423832e+002 -3.968746408829e+001 -5.399151249207e+001
  2.514032256486e+002 -3.958814840302e+001 -5.379002658491e+001
  2.513607320100e+002 -3.954276389880e+001 -5.388346505450e+001
  2.513477107529e+002 -3.947915405295e+001 -5.396012018462e+001
  2.512951895497e+002 -3.943708370225e+001 -5.394083872170e+001
  2.512900328514e+002 -3.935725607740e+001 -5.374475442312e+001
  2.512648337467e+002 -3.929853273663e+001 -5.376942567750e+001
  2.512340135486e+002 -3.924480639395e+001 -5.381812476312e+001
  2.512083556020e+002 -3.918241924805e+001 -5.385426575860e+001
  2.511908926143e+002 -3.911227918764e+001 -5.388426269973e+001
  2.511429786584e+002 -3.905860515158e+001 -5.393243247371e+001
  2.510806621487e+002 -3.900897733185e+001 -5.388795279607e+001
  2.510754233950e+002 -3.892420384030e+001 -5.398792033453e+001
  2.510311040552e+002 -3.885991423683e+001 -5.398020791135e+001
  2.509175927623e+002 -3.883735639451e+001 -5.396836628438e+001
  2.509508733566e+002 -3.872656476402e+001 -5.421038857711e+001
  2.508646654125e+002 -3.867478484743e+001 -5.405733624950e+001
  2.508639842842e+002 -3.857163775834e+001 -5.400120883533e+001
  2.507942135532e+002 -3.852254620565e+001 -5.418211771212e+001
  2.507822738227e+002 -3.842796824171e+001 -5.418620302828e+001
  2.507573353822e+002 -3.832796497291e+001 -5.399759260994e+001
  2.507302143536e+002 -3.825583369199e+001 -5.430464814458e+001
  2.506820230035e+002 -3.817720500960e+001 -5.425121629420e+001
  2.506370493131e+002 -3.809737752791e+001 -5.421493192877e+001
  2.506173660296e+002 -3.799481282964e+001 -5.413560874085e+001
  2.505762760296e+002 -3.791034482964e+001 -5.411570174085e+001
  2.504897264466e+002 -3.785863758294e+001 -5.415311102992e+001
  2.504421564466e+002 -3.777827158294e+001 -5.413430102992e+001
  2.503835566406e+002 -3.770550467404e+001 -5.409615391015e+001
  2.503139162936e+002 -3.764175847069e+001 -5.408063091947e+001
  2.502716766493e+002 -3.756343259320e+001 -5.403133214659e+001
  2.501882237787e+002 -3.751674151259e+001 -5.405379501896e+001
  2.501539119173e+002 -3.744621117064e+001 -5.411388677744e+001
  2.500990892489e+002 -3.738318280143e+001 -5.404644807224e+001
  2.500326387833e+002 -3.734095708739e+001 -5.405486196885e+001
  2.500369180066e+002 -3.725558014483e+001 -5.409256249543e+001
  2.500284248700e+002 -3.717823309957e+001 -5.400760426697e+001
  2.500012704035e+002 -3.712791343568e+001 -5.406646530863e+001
  2.500131709101e+002 -3.704750816094e+001 -5.405818157910e+001
  2.500287077330e+002 -3.697133568822e+001 -5.404794139821e+001
  2.500539840595e+002 -3.688550527688e+001 -5.397766718664e+001
  2.500817032848e+002 -3.679762625933e+001 -5.395649812945e+001
  2.501103289039e+002 -3.671096728344e+001 -5.392914334222e+001
  2.501368276596e+002 -3.662216581730e+001 -5.393096586006e+001
  2.501268594825e+002 -3.654853383340e+001 -5.386145150339e+001
  2.500234462918e+002 -3.653899181914e+001 -5.384779100376e+001
  2.500240562918e+002 -3.644983681914e+001 -5.383078700376e+001
  2.500189842054e+002 -3.635654823777e+001 -5.380868954027e+001
  2.500230905272e+002 -3.625280397570e+001 -5.380332616751e+001
  2.499812555622e+002 -3.617996148054e+001 -5.389874953065e+001
  2.499300655622e+002 -3.610294148054e+001 -5.391429453065e+001
  2.498597074236e+002 -3.603251706383e+001 -5.393119284456e+001
  2.497704902907e+002 -3.597942007408e+001 -5.395014531905e+001
  2.496725033990e+002 -3.592502791264e+001 -5.391742282938e+001
  2.495837333990e+002 -3.587073191264e+001 -5.396116082938e+001
  2.495155317270e+002 -3.580833289773e+001 -5.408023540587e+001
  2.494137359934e+002 -3.577159618537e+001 -5.412203444983e+001
  2.493323238235e+002 -3.572860502657e+001 -5.417056020243e+001
  2.492308088949e+002 -3.570413874262e+001 -5.421157572145e+001
  2.491186745920e+002 -3.569411969270e+001 -5.425456384456e+001
  2.490547533174e+002 -3.566054971097e+001 -5.427649956362e+001
  2.489792202973e+002 -3.563581368613e+001 -5.426148400016e+001
  2.489713113065e+002 -3.557323451146e+001 -5.428740945916e+001
  2.489286413065e+002 -3.553778251146e+001 -5.428962445916e+001
  2.488925124302e+002 -3.550278586216e+001 -5.433135522754e+001
  2.488667924302e+002 -3.545736586216e+001 -5.432277722754e+001
  2.488476724302e+002 -3.540523286216e+001 -5.431142622754e+001
  2.487567228047e+002 -3.540566584077e+001 -5.441660113108e+001
  2.487722210781e+002 -3.531104270071e+001 -5.427678382125e+001
  2.487241029339e+002 -3.526218102320e+001 -5.427192792630e+001
  2.487153329339e+002 -3.517707202320e+001 -5.426716992630e+001
  2.487163773189e+002 -3.507415826357e+001 -5.424964385647e+001
  2.486693206542e+002 -3.500065761723e+001 -5.426125398891e+001
  2.486303162779e+002 -3.490856661627e+001 -5.426493368266e+001
  2.486269172420e+002 -3.478606450762e+001 -5.432102865949e+001
  2.486047072420e+002 -3.466809950762e+001 -5.433662265949e+001
  2.485575758144e+002 -3.456104093579e+001 -5.431270311968e+001
  2.485112165480e+002 -3.445173396552e+001 -5.434551101795e+001
  2.484955641470e+002 -3.432065053078e+001 -5.436069325378e+001
  2.484360763560e+002 -3.422263064039e+001 -5.439231373308e+001
  2.483363650671e+002 -3.415629814484e+001 -5.442074970176e+001
  2.483092771575e+002 -3.404067041516e+001 -5.442732365781e+001
  2.482757471575e+002 -3.393868141516e+001 -5.442467065781e+001
  2.482537337468e+002 -3.383873783380e+001 -5.443827481221e+001
  2.482231188592e+002 -3.375121101039e+001 -5.440933108776e+001
  2.482264366477e+002 -3.365259468717e+001 -5.441091369300e+001
  2.481945940076e+002 -3.359011976586e+001 -5.442611961324e+001
  2.481932348982e+002 -3.351090972980e+001 -5.438648843852e+001
  2.481691588500e+002 -3.345833063798e+001 -5.438015183159e+001
  2.481154087644e+002 -3.343525827952e+001 -5.441079875348e+001
  2.480972086007e+002 -3.339292872155e+001 -5.445366959454e+001
  2.480748555684e+002 -3.335364018770e+001 -5.449962561648e+001
  2.480295834335e+002 -3.333251256106e+001 -5.452773585063e+001
  2.480220274668e+002 -3.328131637062e+001 -5.450710684357e+001
  2.479925685905e+002 -3.323927152309e+001 -5.449046798278e+001
  2.479635575342e+002 -3.319959800679e+001 -5.455689529498e+001
  2.479334138479e+002 -3.314915122696e+001 -5.457374412791e+001
  2.479207594649e+002 -3.308007922792e+001 -5.460485101744e+001
  2.478807636047e+002 -3.302528789646e+001 -5.467204304870e+001
  2.478037994493e+002 -3.299032881393e+001 -5.473766046205e+001
  2.477606710796e+002 -3.291689584927e+001 -5.470482656830e+001
  2.476909525778e+002 -3.286548067565e+001 -5.480629599037e+001
  2.476363422617e+002 -3.279396699325e+001 -5.484237071822e+001
  2.475573105889e+002 -3.273319674368e+001 -5.483848474361e+001
  2.475274955848e+002 -3.263572955442e+001 -5.485689229391e+001
  2.474969285679e+002 -3.254218951156e+001 -5.486777088818e+001
  2.474581785679e+002 -3.245374851156e+001 -5.486764088818e+001
  2.474227285679e+002 -3.236603951156e+001 -5.486582088818e+001
  2.473393174002e+002 -3.231574129171e+001 -5.484867694820e+001
  2.472952748093e+002 -3.224031791010e+001 -5.480253106594e+001
  2.472688654634e+002 -3.216283513660e+001 -5.482923563321e+001
  2.472454093746e+002 -3.208637318603e+001 -5.484804875523e+001
  2.472166359625e+002 -3.201817863904e+001 -5.485601844132e+001
  2.472142654573e+002 -3.193201191010e+001 -5.486524736048e+001
  2.471524678629e+002 -3.188737011545e+001 -5.482978863546e+001
  2.470973748413e+002 -3.184216224726e+001 -5.481037375152e+001
  2.470387277475e+002 -3.179822000593e+001 -5.482217816490e+001
  2.469964962741e+002 -3.173343342193e+001 -5.480546470590e+001
  2.469751998008e+002 -3.165424231328e+001 -5.482463859260e+001
  2.469318798008e+002 -3.158237431328e+001 -5.481903459260e+001
  2.468141968574e+002 -3.155549770059e+001 -5.477225642555e+001
  2.467739115448e+002 -3.147046359194e+001 -5.479744391749e+001
  2.466994589909e+002 -3.139953853522e+001 -5.474881121278e+001
  2.466185810463e+002 -3.133008986573e+001 -5.473004319023e+001
  2.465436689154e+002 -3.125132620937e+001 -5.471362500934e+001
  2.464741918539e+002 -3.117591569940e+001 -5.475690837590e+001
  2.464397325971e+002 -3.106246972006e+001 -5.467646286533e+001
  2.463768336433e+002 -3.098125247385e+001 -5.467360657173e+001
  2.463267660483e+002 -3.089569139028e+001 -5.470094336377e+001
  2.462785850411e+002 -3.081789911338e+001 -5.471142709047e+001
  2.462720819060e+002 -3.071924590242e+001 -5.474302319918e+001
  2.461931368626e+002 -3.067931021378e+001 -5.470397239840e+001
  2.461774143922e+002 -3.059780715538e+001 -5.459430730800e+001
  2.462225225262e+002 -3.050065494633e+001 -5.473269612679e+001
  2.462487587726e+002 -3.041737773929e+001 -5.474580228622e+001
  2.462471938156e+002 -3.035995886477e+001 -5.471255953982e+001
  2.463090562935e+002 -3.027164126658e+001 -5.480298983596e+001
  2.463021952135e+002 -3.022768077271e+001 -5.479229636767e+001
  2.463262250990e+002 -3.016728024519e+001 -5.483838125271e+001
  2.463373967218e+002 -3.011490183289e+001 -5.490208813831e+001
  2.463804709876e+002 -3.003161241320e+001 -5.494436222454e+001
  2.463215342439e+002 -3.001673942154e+001 -5.497933364067e+001
  2.463049642439e+002 -2.995851242154e+001 -5.499783164067e+001
  2.462643169204e+002 -2.990216145031e+001 -5.496372770072e+001
  2.462009055272e+002 -2.985706529055e+001 -5.497794350826e+001
  2.461001572322e+002 -2.982831959597e+001 -5.501140336906e+001
  2.460192737500e+002 -2.976776665078e+001 -5.495516388978e+001
  2.459328672053e+002 -2.970280789699e+001 -5.490682917409e+001
  2.458628208601e+002 -2.961310827788e+001 -5.477056750041e+001
  2.457264860102e+002 -2.958740736947e+001 -5.487140018451e+001
  2.456752946583e+002 -2.949690361215e+001 -5.499990901628e+001
  2.455792619104e+002 -2.943204318767e+001 -5.496013097234e+001
  2.454149403243e+002 -2.941303977962e+001 -5.482211523664e+001
  2.453573405163e+002 -2.933045260326e+001 -5.483802299688e+001
  2.453013343104e+002 -2.926551499266e+001 -5.496732507122e+001
  2.452363350897e+002 -2.920242237068e+001 -5.492655122907e+001
  2.452170583874e+002 -2.911473895933e+001 -5.489405658155e+001
  2.452091905640e+002 -2.902900021653e+001 -5.485949074215e+001
  2.452176302555e+002 -2.893803222309e+001 -5.485794005607e+001
  2.452431337081e+002 -2.883884477665e+001 -5.483880868724e+001
  2.452573557945e+002 -2.876101178106e+001 -5.488769725892e+001
  2.452853946277e+002 -2.866954932148e+001 -5.492321613354e+001
  2.452836400877e+002 -2.859978781079e+001 -5.496688163705e+001
  2.452742548532e+002 -2.853179878571e+001 -5.501078364410e+001
  2.451646217620e+002 -2.852376229002e+001 -5.488914419751e+001
  2.451709070335e+002 -2.843376594245e+001 -5.494499823861e+001
  2.451840059902e+002 -2.832471321173e+001 -5.497518267005e+001
  2.450842261039e+002 -2.829117205302e+001 -5.497094450632e+001
  2.450234097876e+002 -2.821978844097e+001 -5.500743642265e+001
  2.449770415405e+002 -2.813827217833e+001 -5.513698670194e+001
  2.448447188174e+002 -2.810530454714e+001 -5.515229563060e+001
  2.447770667264e+002 -2.801511433473e+001 -5.513423033053e+001
  2.447176394065e+002 -2.791290283540e+001 -5.510275724432e+001
  2.445990554506e+002 -2.785837968685e+001 -5.511738535870e+001
  2.444564141294e+002 -2.782764938881e+001 -5.514263956155e+001
  2.443644345155e+002 -2.776146019932e+001 -5.518032223272e+001
  2.442907915304e+002 -2.769243658727e+001 -5.523261068779e+001
  2.441954460608e+002 -2.764668762141e+001 -5.527418313411e+001
  2.441249415578e+002 -2.758779973590e+001 -5.528675735078e+001
  2.441045489562e+002 -2.750463312874e+001 -5.529482296162e+001
  2.440767523238e+002 -2.743632480192e+001 -5.530956310954e+001
  2.440543300784e+002 -2.737170232848e+001 -5.528633712279e+001
  2.440642913167e+002 -2.729441756813e+001 -5.529724042404e+001
  2.441074518186e+002 -2.720267969984e+001 -5.533798815181e+001
  2.441020399113e+002 -2.716014943954e+001 -5.542280943694e+001
  2.441295172012e+002 -2.708061611488e+001 -5.537140657783e+001
  2.441317907655e+002 -2.702717203796e+001 -5.534378106448e+001
  2.441732410289e+002 -2.694602050507e+001 -5.538171817883e+001
  2.441762743595e+002 -2.689089840011e+001 -5.540492631017e+001
  2.441860387714e+002 -2.683036016704e+001 -5.545929489284e+001
  2.441660925311e+002 -2.677562796858e+001 -5.541867537185e+001
  2.441324011379e+002 -2.673345268512e+001 -5.543949938059e+001
  2.441174590024e+002 -2.666692607330e+001 -5.547785478130e+001
  2.440590871026e+002 -2.662215334267e+001 -5.549587391598e+001
  2.440039481057e+002 -2.657153515126e+001 -5.552749883680e+001
  2.439169863189e+002 -2.654433732009e+001 -5.557696441781e+001
  2.438611336829e+002 -2.648067663400e+001 -5.559094900109e+001
  2.438055494570e+002 -2.641207565370e+001 -5.559803298078e+001
  2.437082327087e+002 -2.637939356999e+001 -5.561995314900e+001
  2.436305958808e+002 -2.632680033892e+001 -5.560410101664e+001
  2.435794490949e+002 -2.625703776340e+001 -5.563090892589e+001
  2.435649475745e+002 -2.617173016521e+001 -5.573135248637e+001
  2.434977749760e+002 -2.611743649964e+001 -5.570929597244e+001
  2.434543581852e+002 -2.606030081701e+001 -5.577290249123e+001
  2.434115101226e+002 -2.599823961175e+001 -5.574842438245e+001
  2.433983981468e+002 -2.591399164243e+001 -5.572068321647e+001
  2.433921293075e+002 -2.583450219384e+001 -5.572358569802e+001
  2.434298063953e+002 -2.572314497677e+001 -5.574198627627e+001
  2.433853515109e+002 -2.567123672696e+001 -5.571503541154e+001
  2.433759924762e+002 -2.559490851072e+001 -5.570493008555e+001
  2.433672854983e+002 -2.551565149758e+001 -5.569913825152e+001
  2.433653559213e+002 -2.542829558940e+001 -5.569764799145e+001
  2.433438137905e+002 -2.534911001830e+001 -5.568346456316e+001
  2.433080799147e+002 -2.527422539704e+001 -5.566083268687e+001
  2.432632696452e+002 -2.519715418079e+001 -5.561316455611e+001
  2.432182518082e+002 -2.512212704515e+001 -5.566659607491e+001
  2.431703157635e+002 -2.503551560312e+001 -5.563189980888e+001
  2.430454153017e+002 -2.500024431341e+001 -5.556909159024e+001
  2.429587371616e+002 -2.493973068535e+001 -5.559600712614e+001
  2.429106759618e+002 -2.484025498828e+001 -5.558344165557e+001
  2.428012836005e+002 -2.478433013764e+001 -5.555504920925e+001
  2.427451838330e+002 -2.469317900952e+001 -5.555823645665e+001
  2.426667028258e+002 -2.461899464737e+001 -5.557976999648e+001
  2.425915862365e+002 -2.454957411794e+001 -5.559833390466e+001
  2.425287353844e+002 -2.447216021095e+001 -5.562711624330e+001
  2.424510469323e+002 -2.441796852175e+001 -5.569389337071e+001
  2.424136636826e+002 -2.432806075579e+001 -5.566315770456e+001
  2.423310497314e+002 -2.428470708998e+001 -5.567597584093e+001
  2.422594119025e+002 -2.424588983433e+001 -5.570885004213e+001
  2.422112596571e+002 -2.419071595588e+001 -5.572919380739e+001
  2.421753196632e+002 -2.412798056328e+001 -5.571279872394e+001
  2.421414832755e+002 -2.406619858740e+001 -5.568143681972e+001
  2.421320276613e+002 -2.399504619160e+001 -5.570959149309e+001
  2.420943436416e+002 -2.392819877151e+001 -5.554770551394e+001
  2.420891112380e+002 -2.386141979362e+001 -5.561823828174e+001
  2.419966228666e+002 -2.386491519241e+001 -5.565252438994e+001
  2.419487955087e+002 -2.382228665832e+001 -5.563626526568e+001
  2.419231010579e+002 -2.375645866047e+001 -5.558331563082e+001
  2.419108000536e+002 -2.368127943684e+001 -5.555815858630e+001
  2.418611064535e+002 -2.363341419720e+001 -5.552116291288e+001
  2.418300413693e+002 -2.357395006909e+001 -5.554043128337e+001
  2.417680567189e+002 -2.353253928246e+001 -5.552088742738e+001
  2.417335789004e+002 -2.346244999746e+001 -5.545357555220e+001
  2.416506691326e+002 -2.343501811805e+001 -5.545861530087e+001
  2.415529976295e+002 -2.341219308890e+001 -5.538266329326e+001
  2.415240566116e+002 -2.334281879076e+001 -5.545282025015e+001
  2.415062228336e+002 -2.326525365166e+001 -5.554546190526e+001
  2.413263010177e+002 -2.328182179312e+001 -5.522648937473e+001
  2.412965945849e+002 -2.319727158166e+001 -5.521121188926e+001
  2.412447337758e+002 -2.312794825020e+001 -5.516437943136e+001
  2.412035027727e+002 -2.304640660578e+001 -5.510751855733e+001
  2.411542620842e+002 -2.296536288709e+001 -5.501987079771e+001
  2.410828764293e+002 -2.290598570106e+001 -5.501049636717e+001
  2.410207139453e+002 -2.284046093951e+001 -5.505030024659e+001
  2.409453243817e+002 -2.277643801532e+001 -5.497090296685e+001
  2.741368546456e+002 -4.007251434155e+001 -4.856996155243e+001
