  0.000000000000e+000
  0.000000000000e+000
  0.000000000000e+000
  0.000000000000e+000
  0.000000000000e+000
  0.000000000000e+000
  0.000000000000e+000
  0.000000000000e+000
  0.000000000000e+000
  0.000000000000e+000
  0.000000000000e+000
  0.000000000000e+000
  0.000000000000e+000
  0.000000000000e+000
  0.000000000000e+000
  0.000000000000e+000
  0.000000000000e+000
  0.000000000000e+000
  0.000000000000e+000
  9.888999938965e+001
  9.887081311404e+001
  9.908969738310e+001
  9.905984771656e+001
  9.918705545279e+001
  9.915320510552e+001
  9.910989166071e+001
  9.900143246472e+001
  9.878844235344e+001
  9.898649148388e+001
  9.887739354094e+001
  9.888182161754e+001
  9.924821850027e+001
  9.948372627799e+001
  9.965794558205e+001
  9.990253336397e+001
  1.001996646184e+002
  1.000258088987e+002
  1.002331439348e+002
  1.001961402764e+002
  1.003669643563e+002
  1.003338476993e+002
  1.002712924647e+002
  1.002104644669e+002
  1.002328984854e+002
  1.002353022112e+002
  1.029599542722e+002
  1.032281859374e+002
  1.057841978677e+002
  1.053542236794e+002
  1.047413528458e+002
  1.054219752239e+002
  1.045549858254e+002
  1.041054518056e+002
  1.026217757131e+002
  1.003993434849e+002
  9.964971252215e+001
  9.957879672820e+001
  9.980757915577e+001
  9.998941952421e+001
  1.002037958053e+002
  1.003873849273e+002
  1.007601983900e+002
  1.016247973167e+002
  1.012110637967e+002
  1.013092461070e+002
  1.013582977886e+002
  1.013483500907e+002
  1.015390382213e+002
  1.013507344277e+002
  1.011989557862e+002
  1.012104357220e+002
  9.996768279017e+001
  9.848028037210e+001
  9.779114775384e+001
  9.760447006389e+001
  9.773356444954e+001
  9.752222474426e+001
  9.648717977240e+001
  9.676749830751e+001
  9.680391070464e+001
  9.669963724995e+001
  9.690518555747e+001
  9.670680366456e+001
  9.679138362503e+001
  9.687602529691e+001
  9.687240571333e+001
  9.711640063813e+001
  9.692861068419e+001
  9.694395980556e+001
  9.692080740645e+001
  9.697611686059e+001
  9.714693786683e+001
  9.718381265452e+001
  9.723968340326e+001
  9.698103660749e+001
  9.700523070024e+001
  9.701753874771e+001
  9.726391884161e+001
  9.716151278100e+001
  9.724251573443e+001
  9.696292879999e+001
  9.678751713167e+001
  9.667830608529e+001
  9.685155949328e+001
  9.818677029004e+001
  9.833515878719e+001
  1.003263842384e+002
  1.003338605508e+002
  1.007346906129e+002
  1.006075886759e+002
  9.939477545649e+001
  1.002181465981e+002
  1.002049621474e+002
  1.001502419466e+002
  1.001461053551e+002
  1.009963087499e+002
  1.000372771823e+002
  1.020069616732e+002
  1.025616770147e+002
  1.016123168740e+002
  1.015127560964e+002
  1.013840048177e+002
  1.019937332525e+002
  1.031909397583e+002
  1.015317254753e+002
  1.006123045513e+002
  1.000230625902e+002
  9.986059635721e+001
  9.967956903446e+001
  9.960141658422e+001
  9.949786499597e+001
  1.000927624541e+002
  9.999290831116e+001
  9.994610980395e+001
  9.967845208598e+001
  9.927127823537e+001
  9.986772018365e+001
  1.002057644635e+002
  1.006283493047e+002
  1.021360428584e+002
  1.022423056007e+002
  1.024707225269e+002
  1.024408143779e+002
  1.030364202236e+002
  1.032695507338e+002
  1.036818746337e+002
  1.039087371206e+002
  1.040557495435e+002
  1.043714190102e+002
  1.044527041779e+002
  1.043718228967e+002
  1.048274586486e+002
  1.050254916407e+002
  1.054051346016e+002
  1.053722674547e+002
  1.067041581478e+002
  1.070378003628e+002
  1.073149214213e+002
  1.074570377577e+002
  1.074412048099e+002
  1.071456013342e+002
  1.078098386328e+002
  1.080517711257e+002
  1.063891214200e+002
  1.065168752994e+002
  1.075490010592e+002
  1.087374892629e+002
  1.094372463116e+002
  1.103776904138e+002
  1.100951936148e+002
  1.099922165891e+002
  1.099600935048e+002
  1.100511497549e+002
  1.108730766845e+002
  1.116887940297e+002
  1.120816663271e+002
  1.120187610580e+002
  1.119129102102e+002
  1.115250678795e+002
  1.116693901590e+002
  1.120015634980e+002
  1.132247719707e+002
  1.134221755128e+002
  1.138184713175e+002
  1.143184558622e+002
  1.138817417270e+002
  1.120265152593e+002
  1.119092219169e+002
  1.123290213668e+002
  1.129861003640e+002
  1.126578463503e+002
  1.130596595168e+002
  1.117125744005e+002
  1.113339906343e+002
  1.125042328715e+002
  1.130269951691e+002
  1.124606705276e+002
  1.124287703691e+002
  1.115490770314e+002
  1.121911745821e+002
  1.113469482368e+002
  1.104736578118e+002
  1.091769935111e+002
  1.086268997299e+002
  1.084357546461e+002
  1.092030550654e+002
  1.099637987725e+002
  1.105484876176e+002
  1.107826575957e+002
  1.107620481484e+002
  1.110716983309e+002
  1.111147926615e+002
  1.109371228852e+002
  1.107918960726e+002
  1.107008474363e+002
  1.103621172060e+002
  1.096224429365e+002
  1.104382602425e+002
  1.109115253478e+002
  1.105715597822e+002
  1.112969041702e+002
  1.123525314369e+002
  1.126650539123e+002
  1.136618413629e+002
  1.138843515639e+002
  1.139143000563e+002
  1.143428482561e+002
  1.143657639196e+002
  1.152207768048e+002
  1.152513059175e+002
  1.152728261238e+002
  1.153398135059e+002
  1.156215829721e+002
  1.160573546517e+002
  1.161916979596e+002
  1.166908603938e+002
  1.169378611853e+002
  1.170202775504e+002
  1.172488330053e+002
  1.173633467292e+002
  1.173035407946e+002
  1.165695988847e+002
  1.165405849582e+002
  1.164771553318e+002
  1.163218140149e+002
  1.163802560200e+002
  1.167326217831e+002
  1.157156149263e+002
  1.161582002146e+002
  1.179198774582e+002
  1.188849014869e+002
  1.182617849241e+002
  1.178199347271e+002
  1.177043902912e+002
  1.181927276614e+002
  1.176577759719e+002
  1.179084321354e+002
  1.179462634033e+002
  1.179522189701e+002
  1.181901279891e+002
  1.187626611464e+002
  1.185333453929e+002
  1.185281954727e+002
  1.183041349436e+002
  1.180147740195e+002
  1.180012416518e+002
  1.180873141935e+002
  1.183458997744e+002
  1.183940378356e+002
  1.191079038762e+002
  1.184199198934e+002
  1.184131157757e+002
  1.182648915779e+002
  1.180486395115e+002
  1.185479629539e+002
  1.190524054243e+002
  1.191008718983e+002
  1.188517899995e+002
  1.189075153981e+002
  1.193463241297e+002
  1.195416401669e+002
  1.197321511263e+002
  1.197456410734e+002
  1.195583811327e+002
  1.217445449658e+002
  1.207350734909e+002
  1.197732621495e+002
  1.207897296296e+002
  1.229491526616e+002
  1.232147782062e+002
  1.229788123780e+002
  1.223917433327e+002
  1.224646048910e+002
  1.222965315366e+002
  1.226409767275e+002
  1.229167600628e+002
  1.227334802969e+002
  1.224173217043e+002
  1.224347280891e+002
  1.230291034657e+002
  1.226577016766e+002
  1.224523305068e+002
  1.222038212249e+002
  1.224070944423e+002
  1.226878543794e+002
  1.222911559084e+002
  1.221623731954e+002
  1.221469917004e+002
  1.220789999855e+002
  1.218191460880e+002
  1.227564207239e+002
  1.228010438043e+002
  1.220641854829e+002
  1.220831712591e+002
  1.219290639842e+002
  1.218021350470e+002
  1.206569811075e+002
  1.211952939834e+002
  1.217476338630e+002
  1.222484504560e+002
  1.236012210476e+002
  1.239370075381e+002
  1.246504587973e+002
  1.254346479161e+002
  1.256525683888e+002
  1.264455159245e+002
  1.264516631787e+002
  1.263556421873e+002
  1.252883875109e+002
  1.254391919468e+002
  1.257580868374e+002
  1.256688747699e+002
  1.250110961045e+002
  1.258929187478e+002
  1.268507866700e+002
  1.269763684707e+002
  1.271055653987e+002
  1.273058513687e+002
  1.278436867738e+002
  1.280557121680e+002
  1.278228710057e+002
  1.277880546936e+002
  1.279514293748e+002
  1.278591343579e+002
  1.278074404907e+002
  1.278608120060e+002
  1.316526053151e+002
  1.316929813580e+002
  1.317253024983e+002
  1.316374014278e+002
  1.316010356289e+002
  1.330241921869e+002
  1.329973233808e+002
  1.338438185926e+002
  1.352048554465e+002
  1.346446807842e+002
  1.328260685139e+002
  1.338964802317e+002
  1.337373417421e+002
  1.330175098518e+002
  1.325562737959e+002
  1.322081474145e+002
  1.315748985463e+002
  1.318181589011e+002
  1.318998528611e+002
  1.314609281890e+002
  1.315726863807e+002
  1.318281179943e+002
  1.320853498844e+002
  1.324664989557e+002
  1.326320965530e+002
  1.326097451403e+002
  1.323618436074e+002
  1.329374871679e+002
  1.328189578768e+002
  1.328711651592e+002
  1.328099641449e+002
  1.328293037055e+002
  1.329075450686e+002
  1.330842399014e+002
  1.161871563739e+002
  1.138228435072e+002
  1.137779076734e+002
  1.137719228290e+002
  1.137321035652e+002
  1.137204846590e+002
  1.006381452899e+002
  9.460538787801e+001
  8.987098887131e+001
  8.681550574413e+001
  8.449913735361e+001
  8.081084252834e+001
  7.942619753150e+001
  7.878209257403e+001
  7.894931468321e+001
  7.961205606453e+001
  8.033665737633e+001
  8.034083197584e+001
  8.023854957626e+001
  7.984593342188e+001
  7.961468123579e+001
  7.960895556366e+001
  7.833487037232e+001
  7.829347487409e+001
  7.852009642647e+001
  7.859882515453e+001
  7.897397803261e+001
  7.887835654576e+001
  7.897254739203e+001
  7.898495959898e+001
  7.898998729936e+001
  7.905803671140e+001
  7.908706952445e+001
  7.925190187731e+001
  7.938666376284e+001
  7.982523203594e+001
  7.990624326651e+001
  8.038279718761e+001
  8.064787973822e+001
  8.089394477943e+001
  8.131740710707e+001
  8.119149738919e+001
  7.949945769318e+001
  7.899408344512e+001
  7.905955258792e+001
  7.766326610796e+001
  7.832737386539e+001
  7.498206165118e+001
  7.625192345371e+001
  7.623692999955e+001
  7.593428241000e+001
  7.568559993764e+001
  7.522833467627e+001
  7.505850456311e+001
  7.475225634651e+001
  7.469638003229e+001
  7.457302253138e+001
  7.460029712704e+001
  7.453900214820e+001
  7.450032587127e+001
  7.466728016788e+001
  7.491018986357e+001
  7.493630412840e+001
  7.537789766203e+001
  7.549742898374e+001
  7.555559579992e+001
  7.542376811547e+001
  7.544951381257e+001
  6.729193280845e+001
  6.676904560851e+001
  6.502998244114e+001
  6.654193975524e+001
  6.887338360175e+001
  7.016168280955e+001
  7.042667412368e+001
  6.957162782465e+001
  6.892300080853e+001
  6.816316179422e+001
  6.777757499215e+001
  6.741912512015e+001
  6.765377903501e+001
  6.770537711787e+001
  6.765232839282e+001
  6.786705574811e+001
  6.792782781177e+001
  6.782893211679e+001
  6.806412738557e+001
  6.810333759280e+001
  6.814370148474e+001
  6.821093608051e+001
  6.831964208728e+001
  6.828178469234e+001
  6.825806309726e+001
  6.781010844684e+001
  6.781407487198e+001
  6.777954077011e+001
  6.769564091176e+001
  6.800595094893e+001
  6.827991549795e+001
  6.816504460296e+001
  6.717680353450e+001
  6.710926251451e+001
  6.708782438279e+001
  6.711157372912e+001
  6.717560660174e+001
  6.725024849520e+001
  6.706076101451e+001
  6.866937466134e+001
                  nan
                  nan
                  nan
                  nan
                  nan
                  nan
                  nan
                  nan
                  nan
                  nan
