  7.680000305176e+001
  7.692636561914e+001
  7.686252760137e+001
  7.689402684311e+001
  7.699498537372e+001
  7.703369784597e+001
  7.709948962167e+001
  7.729712769701e+001
  7.742361171716e+001
  7.767809266532e+001
  7.782364915535e+001
  7.782496671055e+001
  7.758876545153e+001
  7.760773678732e+001
  7.748156312814e+001
  7.718365496932e+001
  7.683390636882e+001
  7.909676014922e+001
  7.996861637015e+001
  7.978090393831e+001
  7.932361640245e+001
  7.934011740850e+001
  7.935327873412e+001
  7.952264423696e+001
  7.945964342824e+001
  7.922169846815e+001
  7.843104992425e+001
  7.747311808769e+001
  7.685605046084e+001
  7.663352255542e+001
  7.642739113330e+001
  7.682695889026e+001
  7.658459310457e+001
  7.672428490585e+001
  7.695022791039e+001
  7.721264765805e+001
  7.732971248347e+001
  7.746713989346e+001
  7.767399969015e+001
  7.760744531715e+001
  7.752197201527e+001
  7.806728163113e+001
  7.814264992416e+001
  7.810208018844e+001
  7.785128243215e+001
  7.761777823827e+001
  7.751732128761e+001
  7.801976333558e+001
  7.797353867673e+001
  7.818319253602e+001
  7.834526124178e+001
  7.925433048521e+001
  7.888996491257e+001
  7.856207247383e+001
  7.874086000025e+001
  7.906853685298e+001
  7.905216487697e+001
  7.906778049378e+001
  7.912461581947e+001
  7.921998030436e+001
  7.940382120157e+001
  7.982856915923e+001
  8.003892926586e+001
  7.923511214349e+001
  7.819985970407e+001
  7.825165720211e+001
  7.814625713559e+001
  7.792151701756e+001
  7.779713942130e+001
  7.786197917442e+001
  7.764897078246e+001
  7.716106193197e+001
  7.617914192067e+001
  7.609136893228e+001
  7.621291617153e+001
  7.640245017104e+001
  7.605370749941e+001
  7.536257946866e+001
  7.924516573477e+001
  8.108518251281e+001
  8.169830850551e+001
  8.026692943347e+001
  7.219053629742e+001
  6.744512679325e+001
  6.762793145570e+001
  6.699762417763e+001
  6.673852922931e+001
  6.653165062219e+001
  6.623327658782e+001
  6.642790571781e+001
  6.704267500987e+001
  6.757189356365e+001
  7.134601013796e+001
  7.995930887564e+001
  8.520148253796e+001
  8.519491468751e+001
  8.490372598231e+001
  8.481141788056e+001
  8.488526857639e+001
  8.475084010559e+001
  8.451335094432e+001
  8.457091011287e+001
  8.472020780842e+001
  8.482125520315e+001
  8.480279969962e+001
  8.461194749854e+001
  8.458270278370e+001
  8.434385073900e+001
  8.434027524839e+001
  8.450662650290e+001
  8.440737306707e+001
  8.431461100812e+001
  8.421764732984e+001
  8.426937936669e+001
  8.452487475753e+001
  8.447701919107e+001
  8.447728134500e+001
  8.498240943617e+001
  8.501693535615e+001
  8.497510860587e+001
  8.498409494719e+001
  8.512947885806e+001
  8.541001465573e+001
  8.557152661537e+001
  8.570408989839e+001
  8.578213589935e+001
  8.584650329806e+001
  8.620810332559e+001
  8.631722693446e+001
  8.572285641547e+001
  8.548795837509e+001
  8.530317893366e+001
  8.541613588876e+001
  8.475832826836e+001
  8.476651392169e+001
  8.410269488407e+001
  8.430512978154e+001
  8.381392904048e+001
  8.566464357070e+001
  8.649476847058e+001
  8.936092130435e+001
