  7.680000305176e+001
  7.691296474855e+001
  7.680335246311e+001
  7.666081299815e+001
  7.674547038902e+001
  7.658679343980e+001
  7.655954477426e+001
  7.662482181423e+001
  7.657766202560e+001
  7.652013928457e+001
  7.643797909191e+001
  7.654427375176e+001
  7.679419900084e+001
  7.760977968211e+001
  7.817381441839e+001
  7.791552372709e+001
  7.787308044624e+001
  7.783863576293e+001
  7.774812342516e+001
  7.771453713537e+001
  7.754427762023e+001
  7.757193718610e+001
  7.767254670090e+001
  7.778266301035e+001
  7.761962293116e+001
  7.774413619863e+001
  7.766886101784e+001
  7.840485899208e+001
  7.858783447884e+001
  7.858823312610e+001
  7.902576403791e+001
  7.915567049514e+001
  7.841251845201e+001
  7.881246407838e+001
  7.846610738107e+001
  8.215334346096e+001
  8.807004107890e+001
  9.089534378407e+001
  9.151150530165e+001
  9.170048239287e+001
  9.192196684787e+001
  9.213087006149e+001
  9.237384448181e+001
  9.278250936718e+001
  9.341130722990e+001
  9.468083839672e+001
  9.550733621197e+001
  9.708303267722e+001
  9.927881171961e+001
  1.008868162451e+002
  1.019496980026e+002
  1.027113542216e+002
  1.032194487096e+002
  1.036192271272e+002
  1.035373405962e+002
  1.036271822861e+002
  1.035310542239e+002
  1.035735038304e+002
  1.036069308034e+002
  1.034425140932e+002
  1.032828070384e+002
  1.029203960607e+002
  1.025810524482e+002
  1.021647561850e+002
  1.019763176994e+002
  1.018438082226e+002
  1.013380728666e+002
  1.025204224487e+002
  1.007946540042e+002
  9.938302171413e+001
  9.984900822519e+001
  1.001267429008e+002
  9.999436358712e+001
  1.005046567619e+002
  9.980736825301e+001
  9.795961167248e+001
  9.709576298242e+001
  9.572827141178e+001
  9.441401853728e+001
  9.342739207894e+001
  9.382344380165e+001
  9.427155712042e+001
  9.459244714224e+001
  9.495854241416e+001
  9.506988312291e+001
  9.497575081925e+001
  9.498479025473e+001
  9.471170928348e+001
  9.436883861746e+001
  9.440466412365e+001
  9.434000316224e+001
  9.419297510257e+001
