0, 0, -0.02, -0.03
0, 1, -0.10, 0.05
0, 2, 0.15, -0.05
0, 3, 0.09, -0.00
0, 4, -0.36, -0.03
0, 5, 0.20, 0.01
0, 6, -0.08, -0.02
0, 7, 0.14, 0.09
0, 8, 0.03, 0.08
0, 9, -0.18, -0.08
0, 10, 0.09, 0.02
0, 11, 0.00, -0.06
0, 12, 0.11, 0.05
0, 13, -0.04, -0.10
0, 14, -0.01, 0.07
0, 15, 0.01, 0.07
0, 16, -0.09, -0.03
0, 17, 0.07, -0.10
0, 18, 0.00, 0.05
0, 19, 0.00, -0.01
0, 20, -0.04, 0.05
0, 21, 0.00, -0.07
0, 22, 0.02, 0.05
0, 23, 0.04, -0.06
0, 24, -0.01, 0.04
0, 25, -0.02, -0.05
0, 26, -0.02, 0.07
0, 27, 0.03, -0.01
0, 28, -0.02, -0.02
0, 29, 0.01, 0.00
0, 30, 0.04, 0.00
0, 31, -0.01, -0.01
0, 32, -0.02, -0.00
0, 33, 0.00, 0.00
0, 34, 0.03, 0.00
0, 35, -0.06, 0.04
0, 36, 0.16, -0.06
0, 37, -0.07, 0.03
0, 38, -0.06, 0.20
0, 39, -0.01, -0.22
0, 40, 0.02, -0.04
0, 41, 0.02, 0.05
0, 42, -0.04, -0.04
0, 43, -0.04, 0.01
0, 44, 0.09, -0.02
0, 45, -0.02, 0.02
0, 46, -0.00, -0.05
0, 47, 0.03, 0.07
0, 48, -0.04, -0.06
0, 49, 0.05, 0.02
0, 50, -0.03, 0.01
0, 51, 0.02, -0.02
0, 52, -0.01, -0.01
0, 53, 0.04, -0.01
0, 54, -0.04, -0.04
0, 55, 0.03, 0.06
0, 56, 0.00, -0.02
0, 57, 0.02, 0.05
0, 58, -0.08, -0.05
0, 59, 0.07, 0.04
0, 60, -0.01, -0.05
0, 61, 0.03, 0.06
0, 62, 0.00, -0.07
0, 63, -0.04, 0.01
0, 64, -0.01, -0.02
0, 65, 0.07, 0.04
0, 66, -0.06, -0.05
0, 67, 0.08, -0.01
0, 68, 0.03, 0.01
0, 69, 0.00, 0.03
0, 70, 0.00, -0.09
0, 71, 0.01, 0.10
0, 72, -0.01, -0.08
0, 73, 0.15, -0.02
0, 74, -0.13, 0.00
0, 75, 0.09, 0.06
0, 76, -0.05, -0.13
0, 77, -0.03, 0.06
0, 78, -0.02, -0.15
0, 79, 0.14, 0.07
0, 80, 0.06, -0.12
0, 81, 0.04, 0.02
0, 82, -0.02, -0.13
0, 83, 0.25, 0.02
0, 84, -0.11, 0.30
0, 85, 0.04, -0.26
0, 86, -0.29, -0.34
0, 87, 0.45, 0.12
0, 88, -0.04, -0.03
0, 89, 0.40, -0.15
0, 90, -0.38, 0.08
0, 91, 0.38, -0.21
0, 92, 0.11, 0.16
0, 93, 0.05, -0.32
0, 94, 0.01, 0.05
0, 95, -0.05, 0.11
0, 96, -0.06, -0.39
0, 97, 0.11, 0.02
0, 98, 0.02, -0.36
0, 99, 0.38, -0.07
0, 100, 0.57, -0.27
0, 101, -0.21, -0.25
0, 102, -0.23, 0.29
0, 103, 0.54, 0.17
0, 104, -0.32, 0.05
0, 105, -0.17, 0.19
0, 106, 0.02, 0.14
0, 107, 0.17, -0.52
0, 108, 0.12, 0.17
0, 109, 0.61, -0.45
0, 110, 0.18, 0.23
0, 111, -0.88, 0.23
0, 112, -0.13, -0.16
0, 113, 0.12, 0.46
0, 114, -0.15, -0.36
0, 115, 0.13, 0.61
0, 116, -0.16, -0.36
0, 117, 0.26, -0.13
0, 118, -0.09, 0.10
0, 119, -1.04, 0.77
0, 120, 0.32, -0.25
0, 121, 0.01, -0.04
0, 122, 0.02, -0.17
0, 123, -0.37, 0.51
0, 124, 0.67, 0.11
0, 125, -0.60, -0.67
0, 126, -0.14, 0.16
0, 127, 0.11, 0.62
0, 128, 0.36, -0.43
0, 129, -0.95, 0.88
0, 130, -0.14, -0.30
0, 131, 0.70, -0.23
0, 132, -0.44, 0.21
0, 133, -0.23, 0.08
0, 134, 0.23, -0.22
0, 135, -0.24, 0.58
0, 136, 0.48, -0.13
0, 137, -0.14, -0.48
0, 138, -0.18, 0.33
0, 139, 0.02, 0.23
0, 140, 0.98, -0.71
0, 141, -0.98, 0.45
0, 142, 0.15, 0.09
0, 143, -0.21, -0.43
0, 144, -0.11, 0.90
0, 145, 0.32, -0.60
0, 146, -0.32, -0.02
0, 147, 0.44, 0.07
0, 148, -1.18, 0.71
0, 149, 0.92, -0.95
0, 150, -0.71, 0.27
0, 151, 0.22, 0.07
0, 152, 0.15, -0.09
0, 153, -0.03, -0.32
0, 154, 0.07, 0.53
0, 155, -0.12, 0.06
0, 156, 0.14, -0.01
0, 157, -0.03, -0.03
0, 158, -0.21, -0.16
0, 159, 0.27, 0.01
0, 160, -0.04, 0.12
0, 161, -0.04, 0.04
0, 162, 0.12, -0.25
0, 163, -0.50, 0.32
0, 164, 0.35, -0.15
0, 165, -0.14, -0.04
0, 166, 0.35, -0.09
0, 167, -0.38, 0.13
0, 168, 0.65, 0.05
0, 169, -0.54, 0.10
0, 170, -0.28, -0.15
0, 171, 0.26, -0.01
0, 172, 0.01, 0.27
0, 173, -0.10, -0.28
0, 174, -0.11, 0.22
0, 175, -0.15, -0.01
0, 176, 0.14, -0.13
0, 177, 0.75, -0.06
0, 178, -0.35, 0.10
0, 179, 0.00, -0.21
0, 180, -0.32, -0.04
0, 181, -0.04, 0.42
0, 182, 0.48, 0.04
0, 183, -0.88, 0.02
0, 184, 0.82, -0.33
0, 185, -0.39, 0.34
0, 186, 0.46, -0.24
0, 187, -0.18, -0.08
0, 188, -0.13, -0.07
0, 189, 0.62, 0.07
0, 190, -0.71, 0.19
0, 191, 0.89, -0.27
0, 192, -0.71, 0.26
0, 193, -0.84, -0.18
0, 194, 0.60, 0.16
0, 195, 0.16, -0.11
0, 196, -0.30, -0.17
0, 197, -0.07, 0.51
0, 198, 0.00, -0.30
0, 199, 0.02, 0.37
0, 200, 0.23, -0.02
0, 201, 0.16, -0.45
0, 202, 0.29, 0.07
0, 203, -0.68, 0.07
0, 204, -0.01, 0.14
0, 205, 0.33, -0.33
0, 206, 0.23, 0.36
0, 207, -0.55, -0.26
0, 208, 0.20, 0.02
0, 209, 0.27, 0.17
0, 210, -0.39, -0.09
0, 211, 0.25, 0.07
0, 212, -0.27, -0.02
0, 213, 0.51, 0.09
0, 214, -0.45, 0.07
0, 215, -0.04, 0.02
0, 216, 0.11, -0.20
0, 217, -0.30, 0.31
0, 218, 0.34, -0.30
0, 219, 0.10, 0.15
0, 0, -0.23, -0.29
0, 1, 0.10, 0.23
0, 2, -0.31, 0.16
0, 3, -1.00, 0.36
0, 4, -1.58, 1.60
Done resting actuator 0
Incrementing Calibrator to 1
1, 5, -0.05, -0.01
1, 6, -0.03, -0.05
1, 7, -0.01, 0.06
1, 8, 0.07, -0.06
1, 9, -0.06, 0.04
1, 10, 0.00, -0.00
1, 11, 0.02, 0.00
1, 12, 0.03, 0.04
1, 13, 0.03, -0.02
1, 14, -0.06, -0.02
1, 15, 0.10, 0.03
1, 16, -0.08, -0.02
1, 17, 0.07, 0.01
1, 18, -0.09, -0.03
1, 19, -0.01, -0.04
1, 20, 0.05, 0.06
1, 21, -0.05, -0.01
1, 22, 0.05, 0.02
1, 23, 0.11, 0.09
1, 24, -0.01, -0.08
1, 25, -0.04, -0.02
1, 26, -0.04, -0.02
1, 27, -0.04, -0.05
1, 28, -0.03, 0.16
1, 29, 0.09, -0.00
1, 30, -0.06, -0.04
1, 31, 0.03, -0.20
1, 32, -0.05, 0.23
1, 33, 0.07, -0.10
1, 34, -0.06, 0.04
1, 35, -0.03, 0.01
1, 36, 0.03, -0.02
1, 37, -0.00, -0.01
1, 38, -0.01, 0.02
1, 39, 0.02, 0.02
1, 40, 0.04, -0.01
1, 41, 0.03, 0.01
1, 42, -0.04, 0.02
1, 43, 0.07, -0.01
1, 44, -0.10, -0.02
1, 45, -0.04, -0.05
1, 46, 0.04, 0.04
1, 47, -0.03, -0.04
1, 48, 0.01, -0.01
1, 49, 0.03, 0.05
1, 50, -0.05, 0.13
1, 51, 0.07, -0.28
1, 52, -0.06, 0.14
1, 53, 0.07, 0.06
1, 54, -0.06, 0.01
1, 55, 0.03, 0.00
1, 56, -0.01, -0.04
1, 57, -0.02, 0.01
1, 58, 0.05, -0.01
1, 59, 0.05, 0.02
1, 60, -0.09, 0.02
1, 61, 0.01, -0.05
1, 62, -0.05, 0.02
1, 63, -0.03, -0.08
1, 64, 0.15, 0.09
1, 65, -0.14, -0.09
1, 66, 0.04, 0.03
1, 67, -0.06, -0.07
1, 68, -0.02, -0.06
1, 69, 0.03, 0.14
1, 70, 0.18, -0.01
1, 71, -0.09, 0.03
1, 72, -0.00, -0.01
1, 73, 0.11, 0.10
1, 74, -0.18, -0.11
1, 75, 0.16, -0.17
1, 76, -0.02, 0.13
1, 77, -0.05, 0.05
1, 78, 0.02, -0.15
1, 79, 0.00, 0.19
1, 80, -0.02, -0.05
1, 81, 0.02, 0.01
1, 82, 0.04, -0.01
1, 83, 0.04, 0.02
1, 84, -0.12, -0.17
1, 85, 0.07, 0.13
1, 86, -0.02, 0.03
1, 87, -0.11, -0.04
1, 88, 0.19, -0.01
1, 89, -0.16, 0.01
1, 90, 0.04, -0.05
1, 91, -0.03, 0.03
1, 92, 0.16, -0.04
1, 93, -0.19, 0.11
1, 94, -0.04, -0.11
1, 95, 0.18, 0.21
1, 96, -0.11, -0.17
1, 97, 0.04, 0.04
1, 98, -0.21, -0.05
1, 99, 0.20, 0.19
1, 100, -0.10, -0.14
1, 101, 0.11, -0.06
1, 102, 0.13, 0.15
1, 103, -0.10, -0.02
1, 104, 0.05, -0.01
1, 105, -0.12, -0.07
1, 106, 0.26, 0.19
1, 107, -0.22, -0.12
1, 108, -0.16, -0.12
1, 109, 0.21, 0.27
1, 110, -0.10, -0.34
1, 111, 0.00, 0.29
1, 112, 0.06, -0.16
1, 113, 0.00, -0.00
1, 114, 0.12, 0.15
1, 115, -0.27, -0.14
1, 116, -0.03, 0.04
1, 117, 0.13, -0.12
1, 118, 0.07, 0.18
1, 119, 0.10, 0.06
1, 120, -0.05, -0.04
1, 121, -0.18, 0.13
1, 122, 0.04, -0.09
1, 123, 0.13, -0.16
1, 124, -0.23, 0.04
1, 125, 0.19, -0.15
1, 126, 0.29, 0.22
1, 127, -0.48, -0.11
1, 128, 0.25, 0.04
1, 129, -0.13, 0.04
1, 130, -0.08, -0.07
1, 131, 0.14, 0.08
1, 132, -0.05, -0.02
1, 133, 0.03, 0.06
1, 134, -0.02, -0.04
1, 135, 0.04, -0.01
1, 136, -0.04, 0.06
1, 137, 0.02, -0.02
1, 138, -0.05, -0.02
1, 139, 0.05, 0.10
1, 140, 0.05, -0.09
1, 141, 0.00, 0.06
1, 142, -0.01, -0.03
1, 143, 0.01, 0.15
1, 144, 0.13, -0.25
1, 145, -0.07, 0.08
1, 146, 0.01, 0.09
1, 147, 0.03, 0.07
1, 148, -0.01, -0.06
1, 149, -0.07, -0.04
1, 150, 0.02, 0.10
1, 151, -0.00, -0.10
1, 152, 0.06, 0.02
1, 153, -0.07, 0.03
1, 154, 0.03, 0.04
1, 155, 0.05, 0.13
1, 156, -0.13, -0.09
1, 157, 0.09, 0.02
1, 158, 0.09, 0.20
1, 159, -0.02, -0.07
1, 160, -0.02, -0.05
1, 161, 0.14, -0.05
1, 162, -0.11, 0.10
1, 163, -0.13, -0.13
1, 164, -0.00, 0.24
1, 165, 0.10, -0.16
1, 166, -0.06, 0.05
1, 167, 0.10, 0.19
1, 168, -0.02, -0.20
1, 169, 0.23, 0.33
1, 170, -0.27, -0.27
1, 171, 0.06, -0.02
1, 172, -0.10, 0.08
1, 173, 0.19, 0.09
1, 174, 0.10, 0.01
1, 175, -0.24, -0.04
1, 176, 0.00, -0.03
1, 177, -0.01, 0.16
1, 178, 0.07, 0.12
1, 179, -0.05, -0.08
1, 180, 0.28, 0.19
1, 181, -0.44, -0.11
1, 182, 0.41, 0.35
1, 183, 0.10, 0.00
1, 184, -0.07, -0.15
1, 185, -0.22, -0.12
1, 186, 0.20, 0.18
1, 187, 0.03, 0.08
1, 188, -0.02, 0.22
1, 189, -0.12, 0.07
1, 190, 0.08, -0.10
1, 191, 0.16, 0.42
1, 192, -0.07, -0.46
1, 193, 0.14, 0.41
1, 194, -0.42, -0.40
1, 195, -0.06, -0.41
1, 196, 0.19, 0.14
1, 197, -0.13, 0.48
1, 198, -0.01, -0.23
1, 199, -0.21, -0.87
1, 200, 0.03, 0.18
1, 201, -0.04, 0.26
1, 202, 0.13, -0.06
1, 203, -0.01, 0.08
1, 204, 0.04, 0.36
1, 205, 0.19, -0.18
1, 206, -0.26, -0.28
1, 207, 0.04, 0.09
1, 208, -0.04, -0.07
1, 209, 0.08, -0.30
1, 210, 0.16, 0.48
1, 211, 0.35, -0.64
1, 212, 0.33, 1.03
1, 213, -1.03, -0.43
1, 214, -0.10, -0.11
1, 215, -0.09, -0.02
1, 216, -0.05, 0.11
1, 217, 0.02, -0.01
1, 218, -0.66, -0.67
1, 219, 0.68, -0.15
1, 0, 0.02, 1.35
1, 1, 0.21, -0.82
1, 2, -0.29, -1.07
1, 3, -1.54, -6.74
1, 4, -0.91, -0.21
Done resting actuator 1
Incrementing Calibrator to 2
2, 5, -0.05, 0.07
2, 6, -0.01, 0.03
2, 7, -0.02, -0.07
2, 8, 0.11, 0.00
2, 9, -0.07, 0.08
2, 10, -0.05, -0.06
2, 11, -0.00, -0.03
2, 12, -0.01, 0.04
2, 13, 0.05, 0.01
2, 14, -0.03, 0.00
2, 15, -0.00, -0.01
2, 16, 0.02, -0.02
2, 17, -0.02, 0.04
2, 18, 0.02, -0.05
2, 19, -0.03, -0.02
2, 20, 0.02, 0.12
2, 21, 0.04, -0.04
2, 22, 0.04, 0.04
2, 23, -0.02, -0.09
2, 24, -0.06, 0.05
2, 25, 0.04, 0.02
2, 26, -0.09, 0.02
2, 27, 0.14, 0.05
2, 28, -0.06, -0.11
2, 29, -0.17, -0.02
2, 30, 0.06, 0.01
2, 31, 0.06, -0.06
2, 32, 0.06, 0.15
2, 33, 0.00, -0.01
2, 34, -0.05, -0.07
2, 35, 0.16, 0.04
2, 36, -0.04, -0.06
2, 37, -0.28, -0.07
2, 38, 0.15, 0.09
2, 39, -0.05, -0.09
2, 40, 0.06, 0.06
2, 41, 0.02, -0.04
2, 42, 0.07, -0.01
2, 43, -0.09, 0.06
2, 44, 0.11, 0.00
2, 45, -0.06, -0.02
2, 46, 0.00, 0.00
2, 47, 0.05, -0.01
2, 48, -0.07, 0.00
2, 49, 0.05, -0.05
2, 50, -0.04, 0.18
2, 51, 0.09, -0.16
2, 52, -0.01, 0.04
2, 53, -0.12, -0.02
2, 54, 0.06, -0.02
2, 55, -0.03, 0.21
2, 56, 0.05, -0.13
2, 57, -0.04, -0.07
2, 58, -0.00, 0.07
2, 59, -0.03, -0.08
2, 60, 0.01, 0.05
2, 61, -0.05, 0.01
2, 62, 0.23, -0.02
2, 63, -0.21, 0.00
2, 64, 0.27, -0.08
2, 65, -0.17, 0.01
2, 66, -0.20, -0.03
2, 67, 0.42, 0.07
2, 68, -0.20, -0.09
2, 69, 0.01, 0.13
2, 70, 0.02, -0.06
2, 71, -0.12, 0.07
2, 72, -0.08, -0.14
2, 73, 0.10, 0.08
2, 74, 0.04, 0.12
2, 75, 0.17, -0.16
2, 76, -0.13, 0.04
2, 77, -0.13, 0.06
2, 78, 0.06, -0.05
2, 79, 0.04, -0.03
2, 80, -0.04, 0.07
2, 81, 0.05, -0.11
2, 82, 0.01, 0.11
2, 83, 0.10, 0.07
2, 84, 0.02, 0.04
2, 85, -0.19, -0.06
2, 86, -0.09, 0.03
2, 87, -0.07, -0.18
2, 88, 0.32, 0.31
2, 89, -0.04, 0.08
2, 90, -0.27, -0.50
2, 91, 0.00, 0.54
2, 92, 0.39, -0.33
2, 93, -0.17, -0.10
2, 94, 0.00, -0.00
2, 95, -0.05, 0.01
2, 96, -0.08, 0.06
2, 97, 0.10, 0.19
2, 98, -0.02, -0.25
2, 99, -0.10, 0.10
2, 100, 0.05, -0.02
2, 101, -0.04, -0.10
2, 102, 0.06, 0.21
2, 103, 0.02, -0.13
2, 104, -0.11, 0.13
2, 105, -0.03, -0.24
2, 106, 0.03, 0.09
2, 107, -0.02, -0.21
2, 108, 0.02, 0.22
2, 109, -0.06, -0.06
2, 110, -0.12, -0.05
2, 111, 0.02, 0.04
2, 112, 0.20, 0.02
2, 113, -0.14, 0.06
2, 114, 0.31, 0.15
2, 115, -0.40, -0.22
2, 116, -0.00, -0.05
2, 117, -0.01, 0.05
2, 118, 0.09, -0.01
2, 119, -0.20, -0.05
2, 120, -0.07, -0.08
2, 121, 0.01, 0.07
2, 122, -0.02, 0.11
2, 123, -0.03, -0.05
2, 124, -0.27, -0.15
2, 125, 0.10, 0.07
2, 126, -0.16, -0.07
2, 127, -0.18, -0.07
2, 128, -0.11, 0.01
2, 129, -0.12, -0.08
2, 130, -0.04, 0.09
2, 131, -0.27, -0.14
2, 132, 0.31, 0.03
2, 133, 0.04, -0.25
2, 134, 0.03, 0.49
2, 135, -0.52, -0.26
2, 136, -0.02, -0.01
2, 137, -0.14, -0.20
2, 138, -0.20, 0.00
2, 139, -0.63, -0.14
2, 140, 0.04, -0.07
2, 141, -0.36, 0.11
2, 142, 0.34, 0.24
2, 143, 0.26, 0.26
2, 144, 0.14, -0.37
2, 145, -0.58, 0.36
2, 146, -0.60, 0.04
2, 147, 1.41, -0.14
2, 148, -0.70, 0.10
2, 149, -3.00, -0.48
2, 150, 2.14, 0.32
2, 151, 0.30, 0.63
2, 152, 2.52, -0.23
2, 153, -0.67, -0.17
2, 154, 0.41, 0.10
2, 155, 0.20, -0.20
2, 156, 0.18, 0.14
2, 157, -0.14, 0.11
2, 158, 0.39, 0.02
2, 159, 0.01, -0.09
2, 160, -0.23, -0.03
2, 161, 0.11, 0.22
2, 162, 0.25, -0.18
2, 163, -0.16, -0.02
2, 164, 0.07, 0.12
2, 165, -0.02, -0.13
2, 166, 0.13, 0.11
2, 167, -0.05, -0.04
2, 168, 0.17, 0.04
2, 169, 0.01, -0.02
2, 170, -0.05, 0.04
2, 171, 0.20, 0.09
2, 172, -0.08, -0.07
2, 173, -0.05, -0.02
2, 174, -0.15, -0.09
2, 175, 0.08, 0.24
2, 176, 0.13, -0.18
2, 177, -0.05, 0.00
2, 178, 0.04, -0.05
2, 179, -0.09, -0.04
2, 180, 0.08, 0.04
2, 181, -0.18, 0.11
2, 182, -0.14, -0.12
2, 183, -0.01, 0.84
2, 184, -4.77, -0.36
2, 185, 3.91, -0.49
2, 186, 0.82, 0.02
2, 187, 0.03, -0.01
2, 188, 0.20, -0.02
2, 189, -1.25, -2.04
2, 190, 1.39, 1.79
2, 191, -0.06, 0.37
2, 192, 0.01, -0.04
2, 193, -0.02, -0.07
2, 194, 0.08, 0.04
2, 195, -0.08, 0.02
2, 196, 0.09, 0.04
2, 197, -0.02, -0.04
2, 198, 0.03, 0.01
2, 199, -0.03, 0.00
2, 200, 0.01, -0.02
2, 201, -0.02, 0.03
2, 202, -0.03, -0.01
2, 203, 0.03, -0.03
2, 204, 0.08, 0.03
2, 205, -0.06, 0.02
2, 206, 0.05, -0.00
2, 207, -0.07, 0.00
2, 208, 0.06, 0.03
2, 209, -0.00, -0.07
2, 210, -0.01, 0.02
2, 211, 0.04, 0.01
2, 212, -0.06, -0.04
2, 213, 0.05, 0.04
2, 214, -0.03, -0.03
2, 215, 0.01, 0.03
2, 216, -0.03, 0.03
2, 217, 0.02, -0.03
2, 218, -0.02, 0.00
2, 219, 0.00, 0.00
2, 0, 0.02, 0.02
2, 1, 0.13, -0.08
2, 2, 2.40, 0.51
2, 3, 1.79, 0.41S
2, 4, -1.36, -0.41
Setting servo valve position 90.00