  0.000000000000e+000
  0.000000000000e+000
  0.000000000000e+000
  0.000000000000e+000
  0.000000000000e+000
  0.000000000000e+000
  0.000000000000e+000
  0.000000000000e+000
  0.000000000000e+000
  0.000000000000e+000
  0.000000000000e+000
  0.000000000000e+000
  0.000000000000e+000
  0.000000000000e+000
  0.000000000000e+000
  0.000000000000e+000
  0.000000000000e+000
  0.000000000000e+000
  0.000000000000e+000
  9.888999938965e+001
  9.874499709441e+001
  9.876095017171e+001
  9.867870974831e+001
  9.883821435059e+001
  9.904844012962e+001
  9.905302116499e+001
  9.910752120929e+001
  9.915183136415e+001
  9.923483960298e+001
  9.920114177519e+001
  9.954802710391e+001
  9.954631490448e+001
  9.960503708015e+001
  9.992344355196e+001
  9.987809622612e+001
  9.996531007536e+001
  9.988753542531e+001
  9.991425099335e+001
  9.992008240561e+001
  1.000475754831e+002
  1.001416904334e+002
  1.000947576477e+002
  9.957957271985e+001
  1.004281199882e+002
  9.989225056056e+001
  9.980352417520e+001
  9.973043231057e+001
  9.984544550030e+001
  9.985408708117e+001
  1.000311047231e+002
  1.001136259621e+002
  1.001027290236e+002
  1.001746963451e+002
  1.001141569693e+002
  9.971344584249e+001
  9.971216940922e+001
  9.971067772768e+001
  9.974773356199e+001
  9.975118665171e+001
  9.962857303307e+001
  1.003584397632e+002
  9.994222875233e+001
  9.987102392620e+001
  9.976010678820e+001
  9.865610017629e+001
  9.847100785044e+001
  9.843087253277e+001
  9.797028888627e+001
  9.766018630869e+001
  9.783381347940e+001
  9.755440983055e+001
  9.755114956071e+001
  9.773183358558e+001
  9.764562198629e+001
  9.785161356936e+001
  9.786417825421e+001
  9.782750684945e+001
  9.782218965380e+001
  9.795902940445e+001
  9.813251930601e+001
  9.778801959310e+001
  9.803023022172e+001
  9.833844938455e+001
  9.892847567912e+001
  9.922390181267e+001
  9.970586989270e+001
  1.011571863405e+002
  1.009769047607e+002
  1.007928201669e+002
  1.004427073642e+002
  1.001406219206e+002
  1.006281937346e+002
  1.006247638500e+002
  9.957068426864e+001
  9.859393540996e+001
  9.958814014618e+001
  9.952885037694e+001
  9.924442232780e+001
  9.931301703568e+001
  9.919701858201e+001
  9.899763478498e+001
  9.906259539741e+001
  9.907486582010e+001
  9.909125133991e+001
  9.904460100674e+001
  9.888036797082e+001
  9.882374220914e+001
  9.877745585396e+001
  9.888976264110e+001
  9.930101903139e+001
  9.887654846943e+001
  9.948066815495e+001
  9.918976454010e+001
  1.002601751175e+002
  1.015257912633e+002
  1.030529529836e+002
  1.037695741964e+002
  1.032884079233e+002
  1.030989673780e+002
  1.034626576212e+002
  1.039856106771e+002
  1.052968026169e+002
  1.042328235763e+002
  1.043955371744e+002
  1.042419513375e+002
  1.039847168326e+002
  1.038902532691e+002
  1.037157527887e+002
  1.040581224377e+002
  1.044014738109e+002
  1.034770638023e+002
  1.037323463076e+002
  1.038193824117e+002
  1.042870309173e+002
  1.047329952920e+002
  1.051334414626e+002
  1.053180300101e+002
  1.066307980364e+002
  1.076268050965e+002
  1.081101403024e+002
  1.091882836028e+002
  1.085390709460e+002
  1.080283247527e+002
  1.083949115505e+002
  1.086583109535e+002
  1.092502547633e+002
  1.087080869342e+002
  1.104614973062e+002
  1.092544515232e+002
  1.091947599134e+002
  1.087852444095e+002
  1.084461193348e+002
  1.084585097869e+002
  1.077707438527e+002
  1.076409046803e+002
  1.076410956875e+002
  1.076033456301e+002
  1.075237564689e+002
  1.075773714574e+002
  1.075605412023e+002
  1.073945556593e+002
  1.073927536525e+002
  1.075038842070e+002
  1.075467520592e+002
  1.073849865220e+002
  1.072164004783e+002
  1.072149623996e+002
  1.067209417753e+002
  1.070151926366e+002
  1.066944400457e+002
  1.067427040797e+002
  1.065720656000e+002
  1.067884236962e+002
  1.065172786608e+002
  1.073357259539e+002
  1.077242678125e+002
  1.061425484264e+002
  1.047187914241e+002
  1.036536429203e+002
  1.042479430082e+002
  1.045826734699e+002
  1.052953641666e+002
  1.063762266297e+002
  1.056784308373e+002
  1.051969612250e+002
  1.042040579106e+002
  1.043405964680e+002
  1.043220009188e+002
  1.046479442030e+002
  1.051984079488e+002
  1.060839850549e+002
  1.067042044890e+002
  1.065994239998e+002
  1.063550525506e+002
  1.066103541501e+002
  1.070022227628e+002
  1.067090586517e+002
  1.069802381243e+002
  1.065599907135e+002
  1.062819635099e+002
  1.059981471340e+002
  1.059951947027e+002
  1.058343906452e+002
  1.067379105744e+002
  1.069075715150e+002
  1.070905438305e+002
  1.070121411624e+002
  1.072330655172e+002
  1.079179398262e+002
  1.080980279546e+002
  1.079160825292e+002
  1.076515051146e+002
  1.078893374586e+002
  1.081852288042e+002
  1.082833152277e+002
  1.079721314641e+002
  1.086636693325e+002
  1.080598595447e+002
  1.081421086664e+002
  1.087802386857e+002
  1.087761471696e+002
  1.085022488239e+002
  1.085786661488e+002
  1.087744718700e+002
  1.088098204640e+002
  1.087984842274e+002
  1.068204295206e+002
  1.024701330049e+002
  9.845409700153e+001
  9.635801313455e+001
  9.103269628405e+001
  9.012182453131e+001
  8.976706638182e+001
  8.999331714492e+001
  9.005444938055e+001
  8.988997707644e+001
  8.983764627410e+001
  8.988024889730e+001
  8.858492245468e+001
  8.855352135534e+001
  8.855767105179e+001
  8.866092397050e+001
  8.855041583091e+001
  8.871508986040e+001
  8.869079557004e+001
  8.864553205358e+001
  8.869564734257e+001
  8.878570340486e+001
  8.882601591995e+001
  8.885655336924e+001
  8.892725613065e+001
  8.871718732114e+001
  8.892576866755e+001
  8.932362624027e+001
  8.943537617145e+001
  8.984439216879e+001
  9.050551099538e+001
  9.110984236703e+001
  9.098553432986e+001
  9.142185700046e+001
  9.132699983885e+001
  9.116877111530e+001
  9.127190691810e+001
  9.116021840042e+001
  9.076189581089e+001
  9.020822074457e+001
  8.976889963038e+001
  8.979877091553e+001
  8.943317824818e+001
  8.943877745644e+001
  8.936053332532e+001
  8.937281860535e+001
  8.935032016763e+001
  8.922780849353e+001
  8.970092284848e+001
  9.006599267273e+001
  9.049066861724e+001
  9.079089462064e+001
  9.111464262604e+001
  9.117644928586e+001
  9.137269533167e+001
  9.138667667561e+001
  9.165724081469e+001
  9.171614937824e+001
  9.154780952707e+001
  9.179504797706e+001
  9.261125324014e+001
  9.318765856437e+001
  9.370496691146e+001
  9.268886757616e+001
  9.249656683479e+001
  9.235753786469e+001
  9.283318547171e+001
  9.256084241314e+001
  9.137888593538e+001
  8.787678327685e+001
  8.437248110900e+001
  8.362768903624e+001
  8.382029878450e+001
  8.417375934617e+001
  8.456150353717e+001
  8.537717677166e+001
  8.541368854411e+001
  8.627695232602e+001
  8.689144120497e+001
  8.714465514741e+001
  8.680386702174e+001
  8.666700092554e+001
  8.728602861637e+001
  8.765741527100e+001
  8.755078507221e+001
  8.746171308769e+001
  8.754435000529e+001
  8.764706841611e+001
  8.765269681954e+001
  8.770623451528e+001
  8.781384937488e+001
  8.792242684215e+001
  8.778277067489e+001
  8.793217754415e+001
  8.799416858282e+001
  8.791561215192e+001
  8.810681137462e+001
  8.843871628697e+001
  8.817667141727e+001
  8.785108646933e+001
  8.626673230504e+001
  8.537513573967e+001
  8.529558374093e+001
  8.589048269941e+001
  8.495519796142e+001
  8.461594155020e+001
  8.450439591291e+001
  8.471075584441e+001
  8.491742329021e+001
  8.521596435202e+001
  8.535805727983e+001
  8.560512042850e+001
  8.520855939672e+001
  8.535840063301e+001
  8.612486567338e+001
  8.658663950858e+001
  8.838966142165e+001
  8.823722394996e+001
  8.843160713677e+001
  8.848904791489e+001
  8.872090061089e+001
  8.865607526529e+001
  8.850530207103e+001
  8.812584365444e+001
  8.693426841083e+001
  8.636806561759e+001
  8.686922977128e+001
  8.722324930267e+001
  8.840947092132e+001
  8.869769741930e+001
  8.847869927215e+001
  8.913580059106e+001
  8.933622781123e+001
  8.933554034027e+001
  8.924942407177e+001
  8.984227236938e+001
  9.029381932017e+001
  9.058066061263e+001
  9.095694311377e+001
  9.146170989337e+001
  9.215038512903e+001
  9.215079484443e+001
  9.363290966894e+001
  9.407224936032e+001
  9.353643356188e+001
  9.662246710633e+001
  9.770960439154e+001
  9.847093264376e+001
  9.840341642866e+001
  9.809358960210e+001
  9.759071770044e+001
  9.674150887373e+001
  9.658023574165e+001
  9.672935508518e+001
  9.695740969028e+001
  9.695657563550e+001
  9.558948181828e+001
  9.577584054415e+001
  9.522527077229e+001
  9.531525023915e+001
  9.599752786379e+001
  9.704171689305e+001
  9.750931241240e+001
  9.820373867275e+001
  9.848719204993e+001
  9.857531551836e+001
  9.846712111654e+001
  9.833554822954e+001
  9.818682789578e+001
  9.835052686735e+001
  9.839583513767e+001
  9.841145781771e+001
  9.855188841698e+001
  9.855124290869e+001
  9.840693582803e+001
  9.823356447051e+001
  9.816797392610e+001
  9.793593976338e+001
  9.758803082652e+001
  9.718534316937e+001
  9.730327530153e+001
  9.622256763283e+001
  9.551900411709e+001
  9.473090266580e+001
  9.448104346991e+001
  9.439845151242e+001
  9.381501610505e+001
  9.358144961052e+001
  9.382311189050e+001
  9.418923666076e+001
  9.402647516079e+001
  9.380227162796e+001
  9.387821126811e+001
  9.369933577929e+001
  9.373040349138e+001
  9.422347573654e+001
  9.363322408497e+001
  9.333261674599e+001
  9.341841936635e+001
  9.338256931882e+001
  9.344866716299e+001
  9.345867230192e+001
  9.360805531110e+001
  9.365847460669e+001
  9.429731264133e+001
  9.456316711374e+001
  9.437914034801e+001
  9.359264255229e+001
  9.279641493987e+001
  9.254392482124e+001
  9.233060260093e+001
  9.202121145590e+001
  9.199992399361e+001
  9.180757650609e+001
  9.182721130600e+001
  9.182851079704e+001
  9.176808447174e+001
  9.190105067536e+001
  9.256131925975e+001
  9.257082363626e+001
  9.259343105149e+001
  9.266279621496e+001
  9.292622825184e+001
  9.269485580416e+001
  9.346860103017e+001
  9.328779428779e+001
  9.330264532346e+001
  9.342677808896e+001
  9.330940607010e+001
  9.322846305279e+001
  9.313352166504e+001
  9.313144766649e+001
  9.309695992972e+001
  9.315529705145e+001
  9.320415045994e+001
  9.366667766207e+001
  9.412574932035e+001
  9.390296199414e+001
  9.316840016330e+001
  9.246893300821e+001
  9.030994832499e+001
  9.024406423501e+001
  9.047325005598e+001
  9.065110921176e+001
  8.980469733026e+001
  8.849877630616e+001
  9.023203159735e+001
  8.977837639644e+001
  9.032208640846e+001
  9.186513731727e+001
  9.198228930484e+001
  9.193092854971e+001
  9.191404873196e+001
  9.177564165987e+001
  9.164742025619e+001
  9.175302782824e+001
  9.442158932746e+001
  9.398909343948e+001
  9.404352581832e+001
  9.406927028767e+001
  9.488409286918e+001
  9.580688894131e+001
  9.780239795003e+001
  9.954549451168e+001
  9.799055344842e+001
  9.639197335020e+001
  9.341551020200e+001
  9.765433958052e+001
  9.817978225440e+001
  1.027672332504e+002
  1.054489749661e+002
  1.076371774914e+002
  1.075631835096e+002
  1.090531417754e+002
  1.102062192403e+002
  1.115670550838e+002
  1.115613860948e+002
  1.123534483251e+002
  1.120667510233e+002
  1.126383651302e+002
  1.130553602708e+002
  1.126219234584e+002
  1.111943040551e+002
  1.043331632176e+002
  1.057016352986e+002
  1.111194893414e+002
  1.087288741418e+002
  1.004154688717e+002
  1.018742065919e+002
  1.042295988979e+002
  1.086235766157e+002
  1.088181368376e+002
  1.089075044719e+002
  1.089088702333e+002
  1.089207406453e+002
                  nan
                  nan
                  nan
                  nan
                  nan
                  nan
                  nan
                  nan
