  0.000000000000e+000  0.000000000000e+000  0.000000000000e+000
  0.000000000000e+000  0.000000000000e+000  0.000000000000e+000
  0.000000000000e+000  0.000000000000e+000  0.000000000000e+000
  0.000000000000e+000  0.000000000000e+000  0.000000000000e+000
  0.000000000000e+000  0.000000000000e+000  0.000000000000e+000
  0.000000000000e+000  0.000000000000e+000  0.000000000000e+000
  0.000000000000e+000  0.000000000000e+000  0.000000000000e+000
  0.000000000000e+000  0.000000000000e+000  0.000000000000e+000
  0.000000000000e+000  0.000000000000e+000  0.000000000000e+000
  0.000000000000e+000  0.000000000000e+000  0.000000000000e+000
  0.000000000000e+000  0.000000000000e+000  0.000000000000e+000
  0.000000000000e+000  0.000000000000e+000  0.000000000000e+000
  0.000000000000e+000  0.000000000000e+000  0.000000000000e+000
  0.000000000000e+000  0.000000000000e+000  0.000000000000e+000
  0.000000000000e+000  0.000000000000e+000  0.000000000000e+000
  0.000000000000e+000  0.000000000000e+000  0.000000000000e+000
  0.000000000000e+000  0.000000000000e+000  0.000000000000e+000
  0.000000000000e+000  0.000000000000e+000  0.000000000000e+000
  0.000000000000e+000  0.000000000000e+000  0.000000000000e+000
  2.604681589912e+002 -6.349602520040e+001 -5.390241006719e+001
  2.611891178059e+002 -6.310258844732e+001 -5.319718663421e+001
  2.614595919192e+002 -6.290091834702e+001 -5.290964324319e+001
  2.616737083588e+002 -6.278301212639e+001 -5.274903569025e+001
  2.616479435395e+002 -6.270971295030e+001 -5.271506168344e+001
  2.612412064063e+002 -6.268151155570e+001 -5.289708223453e+001
  2.611517757114e+002 -6.263002663531e+001 -5.297252941525e+001
  2.612257216571e+002 -6.253690362276e+001 -5.299607674603e+001
  2.611488323703e+002 -6.247561472014e+001 -5.294026903230e+001
  2.612329206436e+002 -6.233424320685e+001 -5.284653553144e+001
  2.611257127188e+002 -6.223266558226e+001 -5.278613590354e+001
  2.611920642383e+002 -6.195108603728e+001 -5.282878997143e+001
  2.612106588018e+002 -6.176979602932e+001 -5.272073576649e+001
  2.612625690105e+002 -6.144774931215e+001 -5.257878065207e+001
  2.610773000020e+002 -6.075932815315e+001 -5.260088637743e+001
  2.610406546087e+002 -6.078740072178e+001 -5.258964417099e+001
  2.608557266290e+002 -6.100245792974e+001 -5.266345486227e+001
  2.607750169115e+002 -6.108615934524e+001 -5.281901344548e+001
  2.606520165300e+002 -6.117548090955e+001 -5.295518488055e+001
  2.606005801053e+002 -6.107567843325e+001 -5.307286302391e+001
  2.605724144493e+002 -6.100470688642e+001 -5.315608268791e+001
  2.606257104755e+002 -6.086671429194e+001 -5.309332975783e+001
  2.606546426527e+002 -6.074826164111e+001 -5.311734194376e+001
  2.604105140020e+002 -6.102247293237e+001 -5.325439148667e+001
  2.606227561342e+002 -6.065246494952e+001 -5.352927019756e+001
  2.604540520874e+002 -6.070506035979e+001 -5.357905945396e+001
  2.603727228773e+002 -6.068627755857e+001 -5.361214360618e+001
  2.603623255679e+002 -6.062292539280e+001 -5.361936803683e+001
  2.603344277749e+002 -6.058562608927e+001 -5.361949281826e+001
  2.603118191243e+002 -6.052726565503e+001 -5.361798644011e+001
  2.602917903549e+002 -6.046416614523e+001 -5.363554605723e+001
  2.602540422304e+002 -6.042042468487e+001 -5.364354634363e+001
  2.602438011347e+002 -6.035552073231e+001 -5.366842013455e+001
  2.602143509180e+002 -6.029627172657e+001 -5.367591111943e+001
  2.601990567855e+002 -6.020652660325e+001 -5.365619027347e+001
  2.603738360892e+002 -6.010144333001e+001 -5.412677380852e+001
  2.603518373607e+002 -6.008511347917e+001 -5.429923605714e+001
  2.603424122883e+002 -6.001109965384e+001 -5.428195580173e+001
  2.603190280586e+002 -5.996532443187e+001 -5.427653243975e+001
  2.602970919514e+002 -5.993750470245e+001 -5.425210859299e+001
  2.598910828990e+002 -6.020965485935e+001 -5.411301885056e+001
  2.604692234934e+002 -5.970765410945e+001 -5.422587041604e+001
  2.600806672588e+002 -5.987816076840e+001 -5.396356663142e+001
  2.599918355701e+002 -5.993369149552e+001 -5.377143623639e+001
  2.599039102101e+002 -6.006610088483e+001 -5.363778961570e+001
  2.597924653370e+002 -5.990329029503e+001 -5.363738226675e+001
  2.596657813573e+002 -6.003382670254e+001 -5.359849175877e+001
  2.596408687727e+002 -6.004175215038e+001 -5.352036310473e+001
  2.594338508160e+002 -5.996978040446e+001 -5.351872499179e+001
  2.590639752448e+002 -5.915710400220e+001 -5.354520852105e+001
  2.587929287208e+002 -5.886767778173e+001 -5.355223723762e+001
  2.587416360865e+002 -5.878522840625e+001 -5.355474268489e+001
  2.588355658902e+002 -5.876096909515e+001 -5.342253953983e+001
  2.589895997265e+002 -5.873697062480e+001 -5.324774593419e+001
  2.589767511000e+002 -5.866741298648e+001 -5.315131340859e+001
  2.589081750014e+002 -5.856120454747e+001 -5.308346614286e+001
  2.588039893952e+002 -5.849608106291e+001 -5.308826973029e+001
  2.586657707872e+002 -5.848190304029e+001 -5.314331647735e+001
  2.585079010334e+002 -5.842688470407e+001 -5.314912519130e+001
  2.584280094947e+002 -5.837956112125e+001 -5.312657276219e+001
  2.582578839346e+002 -5.836197087863e+001 -5.313667493599e+001
  2.582404497956e+002 -5.846757859225e+001 -5.307798813731e+001
  2.581137445524e+002 -5.840212847361e+001 -5.292148091743e+001
  2.582123349134e+002 -5.803914282261e+001 -5.303598073690e+001
  2.583195106246e+002 -5.768850817991e+001 -5.312971229744e+001
  2.583580059363e+002 -5.736507843873e+001 -5.312632264137e+001
  2.583693750735e+002 -5.714170824029e+001 -5.311198035472e+001
  2.580349467721e+002 -5.680673565063e+001 -5.319708155077e+001
  2.577561713902e+002 -5.639151230205e+001 -5.340978312182e+001
  2.577928406155e+002 -5.621535568527e+001 -5.350508494055e+001
  2.578820307136e+002 -5.601380253488e+001 -5.354797368011e+001
  2.578054416941e+002 -5.582732719893e+001 -5.362838771301e+001
  2.574369813203e+002 -5.605004411966e+001 -5.376612729514e+001
  2.572778514431e+002 -5.616741476126e+001 -5.387416567518e+001
  2.569841904512e+002 -5.629597212057e+001 -5.399143687505e+001
  2.567408604375e+002 -5.642213110679e+001 -5.426408439899e+001
  2.563393824148e+002 -5.666816425315e+001 -5.447353753160e+001
  2.563078215724e+002 -5.664060866785e+001 -5.448437468255e+001
  2.564828650741e+002 -5.651329414756e+001 -5.438463512571e+001
  2.564443190141e+002 -5.641424556720e+001 -5.439308858923e+001
  2.564234605642e+002 -5.635372690621e+001 -5.442379934546e+001
  2.563749875690e+002 -5.629619961979e+001 -5.441184021054e+001
  2.563793545935e+002 -5.624087902674e+001 -5.442526743412e+001
  2.563538680926e+002 -5.618166825338e+001 -5.445713145293e+001
  2.563290520091e+002 -5.611192523016e+001 -5.447892886747e+001
  2.562866275671e+002 -5.606391541786e+001 -5.449709731910e+001
  2.562650312128e+002 -5.601801489065e+001 -5.449346548498e+001
  2.562317081131e+002 -5.594281899516e+001 -5.450317380408e+001
  2.561817685494e+002 -5.586931147159e+001 -5.450890907797e+001
  2.561436264751e+002 -5.583810580793e+001 -5.450854324142e+001
  2.561755061523e+002 -5.590301386019e+001 -5.450113541528e+001
  2.560336764499e+002 -5.609193548484e+001 -5.554833009206e+001
  2.563444077459e+002 -5.614540228759e+001 -5.583869931477e+001
  2.566766296147e+002 -5.599977561798e+001 -5.562316138388e+001
  2.565961232505e+002 -5.595418379043e+001 -5.533355628181e+001
  2.563498698344e+002 -5.606632431115e+001 -5.506846356986e+001
  2.564277109134e+002 -5.619759139628e+001 -5.484487489634e+001
  2.564167609086e+002 -5.632744998943e+001 -5.473185927655e+001
  2.566536534416e+002 -5.634715854211e+001 -5.446732131725e+001
  2.566374664629e+002 -5.646310612138e+001 -5.425918108881e+001
  2.566586890246e+002 -5.629720340405e+001 -5.414764684395e+001
  2.564250460135e+002 -5.616987764750e+001 -5.417956532125e+001
  2.561745226947e+002 -5.569900179081e+001 -5.427917868541e+001
  2.563226462539e+002 -5.563325075672e+001 -5.419849860314e+001
  2.561480934248e+002 -5.550168385696e+001 -5.427132023547e+001
  2.560258305282e+002 -5.543204098738e+001 -5.427628942877e+001
  2.559487009075e+002 -5.532236619283e+001 -5.427614432479e+001
  2.559437705862e+002 -5.518177829451e+001 -5.427952120555e+001
  2.560079926363e+002 -5.503543390559e+001 -5.419015706639e+001
  2.559219046082e+002 -5.503121201486e+001 -5.417790207703e+001
  2.558245635393e+002 -5.501508069574e+001 -5.414301278771e+001
  2.557497361981e+002 -5.507892528956e+001 -5.410514539074e+001
  2.556955984317e+002 -5.502829175319e+001 -5.408751955299e+001
  2.557598206174e+002 -5.488356958108e+001 -5.412086166306e+001
  2.558326401634e+002 -5.472228964120e+001 -5.418742031561e+001
  2.559063421084e+002 -5.457012743661e+001 -5.421470895791e+001
  2.559225378050e+002 -5.446910896021e+001 -5.424814315384e+001
  2.558816827851e+002 -5.439764854519e+001 -5.423609341227e+001
  2.561451316207e+002 -5.399395267512e+001 -5.408447508796e+001
  2.562435872736e+002 -5.379652473623e+001 -5.404517735990e+001
  2.565523120420e+002 -5.349546325564e+001 -5.386499540824e+001
  2.568991618345e+002 -5.314862646229e+001 -5.367116253432e+001
  2.567700182572e+002 -5.301539958039e+001 -5.367449477869e+001
  2.563727089841e+002 -5.290133070940e+001 -5.373784754561e+001
  2.561935782994e+002 -5.276160996905e+001 -5.391262780453e+001
  2.560541369862e+002 -5.271045455538e+001 -5.402154087378e+001
  2.560158762930e+002 -5.251628661359e+001 -5.406485065330e+001
  2.555695022301e+002 -5.286679416719e+001 -5.417380006242e+001
  2.551653683872e+002 -5.167808000449e+001 -5.424546466138e+001
  2.550208496065e+002 -5.211114613734e+001 -5.424861329142e+001
  2.549775888763e+002 -5.203176666428e+001 -5.423840262448e+001
  2.551138707453e+002 -5.251326273449e+001 -5.449670886236e+001
  2.551164581833e+002 -5.254303995113e+001 -5.447633540860e+001
  2.551866520694e+002 -5.248640776450e+001 -5.456454082443e+001
  2.551685469498e+002 -5.243738921536e+001 -5.460831970498e+001
  2.551070712739e+002 -5.238760563364e+001 -5.461509349395e+001
  2.550830572483e+002 -5.232690196948e+001 -5.460080451869e+001
  2.550558503341e+002 -5.227146457257e+001 -5.463370098670e+001
  2.550198984951e+002 -5.219338010898e+001 -5.464020234926e+001
  2.549840232083e+002 -5.215675068890e+001 -5.465704008350e+001
  2.549705378388e+002 -5.209395524466e+001 -5.467248417285e+001
  2.549355132545e+002 -5.202438815285e+001 -5.469195037224e+001
  2.549059814701e+002 -5.198339914001e+001 -5.470238651341e+001
  2.548615752789e+002 -5.193036334966e+001 -5.468903316286e+001
  2.548292856331e+002 -5.189539496875e+001 -5.469723243705e+001
  2.548053918261e+002 -5.182311098494e+001 -5.469882707034e+001
  2.548171453347e+002 -5.183057519249e+001 -5.470299054125e+001
  2.548276752790e+002 -5.179594524617e+001 -5.471301719009e+001
  2.550299002794e+002 -5.229545933537e+001 -5.459485560283e+001
  2.550744722134e+002 -5.240988991057e+001 -5.455761256640e+001
  2.553458512934e+002 -5.286031285112e+001 -5.440100603416e+001
  2.553999230040e+002 -5.303272099442e+001 -5.431139843015e+001
  2.554391225564e+002 -5.305372666444e+001 -5.429043424180e+001
  2.554376859217e+002 -5.305985588226e+001 -5.427384314031e+001
  2.554773815547e+002 -5.311213854138e+001 -5.424910447863e+001
  2.553869418354e+002 -5.315871144553e+001 -5.421153815825e+001
  2.554792721046e+002 -5.316588423671e+001 -5.416171010457e+001
  2.553549413199e+002 -5.310604953323e+001 -5.417471501359e+001
  2.555278615405e+002 -5.360734149220e+001 -5.396811192589e+001
  2.557387287210e+002 -5.392922724238e+001 -5.395719287636e+001
  2.560284901863e+002 -5.438663574225e+001 -5.371899329939e+001
  2.560351695835e+002 -5.455269024804e+001 -5.365403305724e+001
  2.561057679782e+002 -5.477544821030e+001 -5.351014807867e+001
  2.567218625052e+002 -5.532763740875e+001 -5.326650321544e+001
  2.567290298855e+002 -5.506253444408e+001 -5.330643402489e+001
  2.566590323937e+002 -5.491865976209e+001 -5.342290139457e+001
  2.564373907400e+002 -5.495496354946e+001 -5.354065651618e+001
  2.564186867498e+002 -5.495770042529e+001 -5.354158848974e+001
  2.567574913946e+002 -5.507668718600e+001 -5.358087937562e+001
  2.569851770648e+002 -5.518969216514e+001 -5.354949337179e+001
  2.569273990120e+002 -5.533095582438e+001 -5.353919000642e+001
  2.567786681190e+002 -5.538208654929e+001 -5.353169646085e+001
  2.567131494640e+002 -5.543026095059e+001 -5.359953204099e+001
  2.565719072120e+002 -5.536537693624e+001 -5.375511081503e+001
  2.564220112197e+002 -5.534751848695e+001 -5.394999758073e+001
  2.564516610542e+002 -5.492339348736e+001 -5.405047790019e+001
  2.565502164403e+002 -5.453902796383e+001 -5.416990920449e+001
  2.568463641042e+002 -5.413488750772e+001 -5.413350569891e+001
  2.574817508237e+002 -5.384224816839e+001 -5.395808443425e+001
  2.577237212415e+002 -5.363286466299e+001 -5.394465405491e+001
  2.569076921155e+002 -5.312337161460e+001 -5.398424509120e+001
  2.572989693954e+002 -5.295457627528e+001 -5.387792433116e+001
  2.566069559659e+002 -5.277756999700e+001 -5.387282805981e+001
  2.567289844965e+002 -5.260707743593e+001 -5.387348796763e+001
  2.565863208356e+002 -5.248016497866e+001 -5.388668002254e+001
  2.566214362671e+002 -5.239067100526e+001 -5.388469677504e+001
  2.570604254073e+002 -5.257364156865e+001 -5.396928409917e+001
  2.561709413547e+002 -5.257661572086e+001 -5.406657068619e+001
  2.557347886590e+002 -5.285244695688e+001 -5.420869190746e+001
  2.557666064235e+002 -5.289590906395e+001 -5.428574070178e+001
  2.557551187000e+002 -5.267867099988e+001 -5.417502109290e+001
  2.557064084807e+002 -5.231139291719e+001 -5.402213781705e+001
  2.556337980644e+002 -5.214791891583e+001 -5.389569693907e+001
  2.556640007204e+002 -5.217877032853e+001 -5.373418127702e+001
  2.559053611816e+002 -5.191643259131e+001 -5.358429759862e+001
  2.556824104574e+002 -5.176467628579e+001 -5.348155590922e+001
  2.556273545684e+002 -5.154475564168e+001 -5.356401207258e+001
  2.557207014802e+002 -5.150661071378e+001 -5.361391670885e+001
  2.552625023734e+002 -5.135951517505e+001 -5.363958723485e+001
  2.551031218420e+002 -5.133318082090e+001 -5.368601828466e+001
  2.556338396086e+002 -5.201321767602e+001 -5.363932725635e+001
  2.555925929013e+002 -5.208982208107e+001 -5.366569738492e+001
  2.554438396504e+002 -5.219587546360e+001 -5.374160365779e+001
  2.554697807909e+002 -5.211859344658e+001 -5.375805055668e+001
  2.557320016534e+002 -5.203324756151e+001 -5.375905320980e+001
  2.555887843086e+002 -5.192134416855e+001 -5.377060505990e+001
  2.554515993511e+002 -5.185800351731e+001 -5.381029834708e+001
  2.547383795686e+002 -5.077379655121e+001 -5.404984515599e+001
  2.536175447433e+002 -4.914990959199e+001 -5.438561999112e+001
  2.529082105118e+002 -4.783000828309e+001 -5.465481089910e+001
  2.525307426596e+002 -4.700265669176e+001 -5.478759276095e+001
  2.528623509642e+002 -4.637347399186e+001 -5.494656310462e+001
  2.528580329328e+002 -4.596781320188e+001 -5.501589959402e+001
  2.528839182204e+002 -4.582377037026e+001 -5.507272293373e+001
  2.527730450515e+002 -4.589997876733e+001 -5.515311069769e+001
  2.526646007889e+002 -4.606210902448e+001 -5.525376223660e+001
  2.526654081585e+002 -4.607706307135e+001 -5.531542610789e+001
  2.525714930837e+002 -4.611614211516e+001 -5.536382499986e+001
  2.525121380823e+002 -4.611361078538e+001 -5.551458068380e+001
  2.527334373448e+002 -4.589038762605e+001 -5.556284201352e+001
  2.526813604786e+002 -4.581297002550e+001 -5.557338031421e+001
  2.526410389112e+002 -4.575453479555e+001 -5.558572887967e+001
  2.525356871551e+002 -4.567766714822e+001 -5.562402920338e+001
  2.525288539354e+002 -4.566538863327e+001 -5.563903877580e+001
  2.524868344236e+002 -4.562096127915e+001 -5.563675866778e+001
  2.524249604424e+002 -4.558305181362e+001 -5.565961565168e+001
  2.523958697375e+002 -4.554066432323e+001 -5.567312118215e+001
  2.523642115400e+002 -4.545786808355e+001 -5.567969083338e+001
  2.523440979720e+002 -4.539373855607e+001 -5.568710838567e+001
  2.523115269817e+002 -4.534863867848e+001 -5.572569414356e+001
  2.522636949643e+002 -4.538405256736e+001 -5.573806764063e+001
  2.522296519385e+002 -4.542043195265e+001 -5.573344064138e+001
  2.519658499096e+002 -4.578469599666e+001 -5.635808442040e+001
  2.518768750120e+002 -4.594302717920e+001 -5.600524117702e+001
  2.516278743775e+002 -4.620118082190e+001 -5.616497693178e+001
  2.519554801472e+002 -4.586218933351e+001 -5.586920355003e+001
  2.519600785047e+002 -4.592532067406e+001 -5.580584020512e+001
  2.520841915000e+002 -4.590805815168e+001 -5.560399140589e+001
  2.523037464615e+002 -4.583398183945e+001 -5.539462882106e+001
  2.525113273410e+002 -4.575466370419e+001 -5.528441142974e+001
  2.525916006393e+002 -4.582891739769e+001 -5.515078741504e+001
  2.524461785543e+002 -4.611932533477e+001 -5.517135053016e+001
  2.525307783950e+002 -4.619675689133e+001 -5.512118384921e+001
  2.525413933288e+002 -4.613328638030e+001 -5.507982453341e+001
  2.525121689356e+002 -4.593507791052e+001 -5.503234167640e+001
  2.526559745796e+002 -4.596656332244e+001 -5.497833135637e+001
  2.527690247344e+002 -4.628730596924e+001 -5.489059434151e+001
  2.528650874535e+002 -4.654861994652e+001 -5.485322861973e+001
  2.528955314758e+002 -4.667418474926e+001 -5.482087087169e+001
  2.529165141351e+002 -4.660654562841e+001 -5.476870657815e+001
  2.528719616481e+002 -4.653224116446e+001 -5.475770638504e+001
  2.527002164134e+002 -4.639693860761e+001 -5.471484055273e+001
  2.526109282467e+002 -4.627414434950e+001 -5.457298842075e+001
  2.525414983245e+002 -4.622704989192e+001 -5.444524168640e+001
  2.524779763699e+002 -4.621800757203e+001 -5.443667166712e+001
  2.522866868426e+002 -4.622346325955e+001 -5.451287959891e+001
  2.521551389414e+002 -4.630416526916e+001 -5.457220358564e+001
  2.519600355783e+002 -4.637268449529e+001 -5.463167673891e+001
  2.517394058056e+002 -4.652142409409e+001 -5.465926959575e+001
  2.514851707574e+002 -4.666000871103e+001 -5.458318404207e+001
  2.513283330740e+002 -4.677270075157e+001 -5.459373776564e+001
  2.513075938536e+002 -4.660933553601e+001 -5.447546880320e+001
  2.511422890346e+002 -4.667727442965e+001 -5.444726502565e+001
  2.510538316824e+002 -4.664844323526e+001 -5.453077063573e+001
  2.510163164577e+002 -4.664626307444e+001 -5.454188106646e+001
  2.511245969052e+002 -4.646705240723e+001 -5.452024094897e+001
  2.513622273573e+002 -4.674141260442e+001 -5.449856300751e+001
  2.518870731677e+002 -4.745845190103e+001 -5.444969564146e+001
  2.520773470881e+002 -4.756359767412e+001 -5.437817156977e+001
  2.524773294548e+002 -4.795966291523e+001 -5.422530657735e+001
  2.523394360579e+002 -4.764112400576e+001 -5.428315005664e+001
  2.517178926319e+002 -4.671236259483e+001 -5.453169859338e+001
  2.510164558148e+002 -4.582322601388e+001 -5.471366517494e+001
  2.508163920167e+002 -4.572575743645e+001 -5.465237389562e+001
  2.505970770367e+002 -4.559014139034e+001 -5.463244743509e+001
  2.503793284703e+002 -4.525075571478e+001 -5.472587724902e+001
  2.499669829414e+002 -4.462792068753e+001 -5.484733796945e+001
  2.498815203548e+002 -4.404385182358e+001 -5.476526184459e+001
  2.498454819463e+002 -4.341959411957e+001 -5.488683731100e+001
  2.499772830601e+002 -4.302665443439e+001 -5.497474763732e+001
  2.501423635753e+002 -4.250812506368e+001 -5.501022562462e+001
  2.502337259926e+002 -4.261039177944e+001 -5.502973601456e+001
  2.504686882502e+002 -4.299123635284e+001 -5.496751590246e+001
  2.505199118338e+002 -4.336186796431e+001 -5.499224992475e+001
  2.506640404648e+002 -4.331452917257e+001 -5.497963914535e+001
  2.507948499665e+002 -4.323950816638e+001 -5.496210995672e+001
  2.508117555634e+002 -4.314748339459e+001 -5.502821375941e+001
  2.505891102678e+002 -4.332304315004e+001 -5.517164495580e+001
  2.505706628558e+002 -4.335290698393e+001 -5.532818543217e+001
  2.507395672053e+002 -4.301088196806e+001 -5.548544007883e+001
  2.508726257329e+002 -4.282221068885e+001 -5.548409318313e+001
  2.508219615409e+002 -4.276541003343e+001 -5.546125200930e+001
  2.507842738766e+002 -4.268169062124e+001 -5.545578892127e+001
  2.507409994798e+002 -4.262448830468e+001 -5.547654183539e+001
  2.507122345836e+002 -4.253178807438e+001 -5.548094095329e+001
  2.506723321968e+002 -4.245049456967e+001 -5.547586635805e+001
  2.506296141222e+002 -4.242655641891e+001 -5.550788812156e+001
  2.505876082927e+002 -4.237328969923e+001 -5.551664850988e+001
  2.505656981791e+002 -4.232856621753e+001 -5.553246856842e+001
  2.505111153057e+002 -4.226493714970e+001 -5.551612116361e+001
  2.504679645188e+002 -4.220549371074e+001 -5.556182356467e+001
  2.504153422030e+002 -4.213313126005e+001 -5.553599691702e+001
  2.503636302277e+002 -4.202067919756e+001 -5.550489477674e+001
  2.503021737144e+002 -4.191512600628e+001 -5.552519761840e+001
  2.500569573954e+002 -4.213484056549e+001 -5.577718550271e+001
  2.504649294722e+002 -4.151033913246e+001 -5.546247253532e+001
  2.509840191343e+002 -4.056113062830e+001 -5.506260873211e+001
  2.502773659955e+002 -3.950915174519e+001 -5.455072705859e+001
  2.503992340533e+002 -3.892156405934e+001 -5.433732724129e+001
  2.504235199061e+002 -3.905446423728e+001 -5.449484465625e+001
  2.506587976650e+002 -3.995028781060e+001 -5.476337242305e+001
  2.509145570478e+002 -4.061991349725e+001 -5.494081918676e+001
  2.509795286265e+002 -4.098043661373e+001 -5.496916067507e+001
  2.508231648528e+002 -4.117948227762e+001 -5.499824569086e+001
  2.506298863403e+002 -4.128426171099e+001 -5.502879158614e+001
  2.505596943337e+002 -4.124519719030e+001 -5.500762417095e+001
  2.505043213556e+002 -4.108061391471e+001 -5.498169961598e+001
  2.504583862258e+002 -4.099353429815e+001 -5.498881445873e+001
  2.503372438058e+002 -4.094454258661e+001 -5.492674233246e+001
  2.502159311652e+002 -4.086341561340e+001 -5.491275496859e+001
  2.501381874041e+002 -4.080054293923e+001 -5.483957768487e+001
  2.497966965508e+002 -4.082555022644e+001 -5.486002688297e+001
  2.495372332508e+002 -4.079786003843e+001 -5.489413549618e+001
  2.494847796528e+002 -4.083870212567e+001 -5.498234045978e+001
  2.496596370558e+002 -4.068183850084e+001 -5.492913488963e+001
  2.495309436018e+002 -4.066022581150e+001 -5.489607637333e+001
  2.495243337096e+002 -4.059020255332e+001 -5.491368161436e+001
  2.493050333909e+002 -4.066106704624e+001 -5.499559557405e+001
  2.493527642000e+002 -4.053355155548e+001 -5.492278512515e+001
  2.492637336227e+002 -4.034869559013e+001 -5.481191180076e+001
  2.492701030540e+002 -4.023613440952e+001 -5.468306849096e+001
  2.492868037146e+002 -4.019485309929e+001 -5.477564979563e+001
  2.493583525725e+002 -4.007984222195e+001 -5.478745341939e+001
  2.491874460446e+002 -4.001157143044e+001 -5.485211710257e+001
  2.490335356849e+002 -3.995461712893e+001 -5.482635627392e+001
  2.486994825254e+002 -4.002051269489e+001 -5.453913401337e+001
  2.487195823813e+002 -3.986513259401e+001 -5.444815668547e+001
  2.483753317831e+002 -4.009246987362e+001 -5.447388410784e+001
  2.484677623941e+002 -3.972653983342e+001 -5.461008973290e+001
  2.480710239847e+002 -3.988077802862e+001 -5.462439241279e+001
  2.478567474025e+002 -3.991848823666e+001 -5.454199595927e+001
  2.475509421515e+002 -4.018242750656e+001 -5.445693228745e+001
  2.474977682703e+002 -3.997277371624e+001 -5.465577898208e+001
  2.475094768971e+002 -3.992013861831e+001 -5.503686985739e+001
  2.475228928674e+002 -3.979262378213e+001 -5.513680875301e+001
  2.475120248471e+002 -3.967014983440e+001 -5.522499470324e+001
  2.475740272766e+002 -3.936276515620e+001 -5.526162481454e+001
  2.475251446140e+002 -3.911741529328e+001 -5.532147969903e+001
  2.475439130302e+002 -3.918128964211e+001 -5.542143873439e+001
  2.478763038250e+002 -3.858262941703e+001 -5.554314771947e+001
  2.476054065887e+002 -3.830434806636e+001 -5.564286118107e+001
  2.472404934809e+002 -3.837023727069e+001 -5.565157767079e+001
  2.476858043586e+002 -3.729735776501e+001 -5.561991215501e+001
  2.475996283339e+002 -3.702540976514e+001 -5.559071016827e+001
  2.476559020965e+002 -3.675028141777e+001 -5.556379293044e+001
  2.476441793100e+002 -3.674875392471e+001 -5.555952560803e+001
  2.474734384796e+002 -3.677670663104e+001 -5.564290685790e+001
  2.474320383174e+002 -3.687536587417e+001 -5.565806549882e+001
  2.474458592080e+002 -3.712805627766e+001 -5.564381037259e+001
  2.475709078783e+002 -3.762600229133e+001 -5.567865940549e+001
  2.475545701590e+002 -3.778315467471e+001 -5.576898495739e+001
  2.477042303850e+002 -3.758807365223e+001 -5.575206050834e+001
  2.478123651107e+002 -3.742049273300e+001 -5.576970350393e+001
  2.480165774959e+002 -3.720458468844e+001 -5.561571216949e+001
  2.480697153090e+002 -3.699518268423e+001 -5.560032074929e+001
  2.483634289854e+002 -3.676421997033e+001 -5.560404318252e+001
  2.482434551622e+002 -3.694452647639e+001 -5.575900552896e+001
  2.480281419610e+002 -3.702176365017e+001 -5.589825123761e+001
  2.478484929059e+002 -3.708084411997e+001 -5.607121836659e+001
  2.477426279648e+002 -3.714370566800e+001 -5.618771837120e+001
  2.476458162776e+002 -3.718450198548e+001 -5.631634054458e+001
  2.475212031179e+002 -3.719823927417e+001 -5.645276305614e+001
  2.474861664389e+002 -3.714777816396e+001 -5.644707403693e+001
  2.474633833293e+002 -3.708035077501e+001 -5.646732696665e+001
  2.474227683931e+002 -3.700088714499e+001 -5.645645594313e+001
  2.473865396347e+002 -3.693462156781e+001 -5.642853513389e+001
  2.473957435528e+002 -3.685590545328e+001 -5.645462777658e+001
  2.473554467095e+002 -3.682697520444e+001 -5.645398910013e+001
  2.472544351675e+002 -3.669935763644e+001 -5.648688115631e+001
  2.472368214355e+002 -3.670305617347e+001 -5.649334959639e+001
  2.472191538921e+002 -3.666992735295e+001 -5.653194878793e+001
  2.471735064062e+002 -3.659335735992e+001 -5.654518566192e+001
  2.471344472424e+002 -3.652720804390e+001 -5.658375609912e+001
  2.471259682088e+002 -3.645536645828e+001 -5.656463622237e+001
  2.470800690390e+002 -3.639469049952e+001 -5.657983592186e+001
  2.472455716081e+002 -3.609754873920e+001 -5.663469274688e+001
  2.472139145050e+002 -3.601443728112e+001 -5.667792945266e+001
  2.471893572505e+002 -3.599351950063e+001 -5.652460655771e+001
  2.470691434949e+002 -3.611210107156e+001 -5.646749539210e+001
  2.470230510363e+002 -3.618765338121e+001 -5.635349754439e+001
  2.469809783623e+002 -3.625397691073e+001 -5.628500394995e+001
  2.469363220736e+002 -3.609160604391e+001 -5.620133208261e+001
  2.468301282888e+002 -3.583226886492e+001 -5.606737772344e+001
  2.466537460562e+002 -3.571071998529e+001 -5.603245023966e+001
  2.463220344229e+002 -3.536561069292e+001 -5.592548584815e+001
  2.460429192116e+002 -3.508232903204e+001 -5.591655406882e+001
  2.460173545196e+002 -3.484616600445e+001 -5.584290160004e+001
  2.461231565987e+002 -3.463228954079e+001 -5.576656411477e+001
  2.462460767372e+002 -3.439202744366e+001 -5.571582474133e+001
  2.462434454677e+002 -3.417786828767e+001 -5.559943716979e+001
  2.462970631161e+002 -3.401740155121e+001 -5.557847521130e+001
  2.463614684882e+002 -3.384723483334e+001 -5.555241094274e+001
  2.463233400918e+002 -3.376362207721e+001 -5.550968649688e+001
  2.464842077901e+002 -3.343964772455e+001 -5.545975986426e+001
  2.464984740964e+002 -3.338615675671e+001 -5.544115493102e+001
  2.464799203414e+002 -3.327783568035e+001 -5.544884787699e+001
  2.463865251928e+002 -3.320120940625e+001 -5.556068004042e+001
  2.462940865491e+002 -3.315256298487e+001 -5.555454672593e+001
  2.461960705321e+002 -3.317934946067e+001 -5.559383680479e+001
  2.461460965281e+002 -3.307539045303e+001 -5.563995556381e+001
  2.461417952014e+002 -3.283647387552e+001 -5.560453340143e+001
  2.462667519023e+002 -3.238659721566e+001 -5.553031712083e+001
  2.461911973112e+002 -3.224017290375e+001 -5.561285737804e+001
  2.459339079468e+002 -3.216463416050e+001 -5.567828250929e+001
  2.454527308773e+002 -3.223008393009e+001 -5.585399622286e+001
  2.450745919392e+002 -3.229952574086e+001 -5.604007428211e+001
  2.448205373660e+002 -3.226087181176e+001 -5.611089857380e+001
  2.446185575735e+002 -3.234697861469e+001 -5.626766626118e+001
  2.445487325374e+002 -3.238705395193e+001 -5.636043623500e+001
  2.444326199592e+002 -3.236044235724e+001 -5.642320354152e+001
  2.443615661722e+002 -3.224545431543e+001 -5.647075136626e+001
  2.443723537792e+002 -3.211636351743e+001 -5.646896833790e+001
  2.442603740911e+002 -3.226643116688e+001 -5.644666532525e+001
  2.441585475659e+002 -3.228422319812e+001 -5.645080751639e+001
  2.440731653318e+002 -3.214353147733e+001 -5.638519619795e+001
  2.441216237832e+002 -3.205426305463e+001 -5.635886353238e+001
  2.442094554958e+002 -3.182066659975e+001 -5.632149461425e+001
  2.444624057879e+002 -3.156537892578e+001 -5.620652227783e+001
  2.443393842611e+002 -3.178436954101e+001 -5.642839044259e+001
  2.442262465134e+002 -3.185038157705e+001 -5.665061545712e+001
  2.441173521750e+002 -3.190600112307e+001 -5.682895463579e+001
  2.440679251413e+002 -3.189821384601e+001 -5.701669217499e+001
  2.440150052509e+002 -3.186565193560e+001 -5.705407077216e+001
  2.439533246919e+002 -3.181746042346e+001 -5.706268448354e+001
  2.439416760451e+002 -3.178921622112e+001 -5.708297437609e+001
  2.438978484389e+002 -3.173762766727e+001 -5.707474122751e+001
  2.438532905109e+002 -3.166501505039e+001 -5.709165909730e+001
  2.438200149162e+002 -3.162633913565e+001 -5.710377599180e+001
  2.437793930420e+002 -3.158516126949e+001 -5.712103496734e+001
  2.437575632027e+002 -3.152563696001e+001 -5.713226482427e+001
  2.437452744407e+002 -3.149058154654e+001 -5.715535928107e+001
  2.441417282293e+002 -3.075242700282e+001 -5.694545632528e+001
  2.444658933312e+002 -3.006727330374e+001 -5.650108479115e+001
  2.446248778828e+002 -2.963029629229e+001 -5.615204696606e+001
  2.450064282340e+002 -2.932305311581e+001 -5.601147941601e+001
  2.447540318956e+002 -2.993770495157e+001 -5.617926774599e+001
  2.444230954337e+002 -3.041523352766e+001 -5.634593017849e+001
  2.442489549141e+002 -3.079511069587e+001 -5.639201756688e+001
  2.441606953169e+002 -3.081738685378e+001 -5.632424913636e+001
  2.441435356358e+002 -3.062320484070e+001 -5.627604259760e+001
  2.438933190319e+002 -3.062859639703e+001 -5.631926022821e+001
  2.439025931519e+002 -3.071708944200e+001 -5.630395552700e+001
  2.436073967202e+002 -3.106836688933e+001 -5.630620379365e+001
  2.435119519209e+002 -3.110883178406e+001 -5.633138818870e+001
  2.434415942698e+002 -3.109483451784e+001 -5.633077214584e+001
  2.432855726923e+002 -3.095235279142e+001 -5.632074371105e+001
  2.430446114763e+002 -3.057810416935e+001 -5.640735009051e+001
  2.429856098248e+002 -3.043156953239e+001 -5.639548483724e+001
  2.430162276484e+002 -3.028457385619e+001 -5.636030208435e+001
  2.430234156655e+002 -3.024462770663e+001 -5.636130890809e+001
  2.430304815362e+002 -3.015525686027e+001 -5.639062653869e+001
  2.432901508867e+002 -2.995453768834e+001 -5.624113077119e+001
  2.436020248749e+002 -2.974313834032e+001 -5.610130564295e+001
  2.434663001732e+002 -2.971170349787e+001 -5.619459293697e+001
  2.432332455005e+002 -2.984947916571e+001 -5.630756251115e+001
  2.430911841779e+002 -2.991583737287e+001 -5.633750869468e+001
  2.430517078072e+002 -2.980921718076e+001 -5.634901012425e+001
  2.431799281978e+002 -2.953909055500e+001 -5.630628100915e+001
  2.431675628398e+002 -2.935834839366e+001 -5.635887289489e+001
  2.431310388563e+002 -2.909973544652e+001 -5.642336684162e+001
  2.431233725019e+002 -2.886728710949e+001 -5.645117868424e+001
  2.429093389340e+002 -2.902338585978e+001 -5.648761155092e+001
  2.426499001169e+002 -2.916456834351e+001 -5.653582416978e+001
  2.411889856725e+002 -2.865192851939e+001 -5.725768756035e+001
  2.421681245415e+002 -2.855333500853e+001 -5.673454605940e+001
  2.423622672954e+002 -2.843782451444e+001 -5.663705263261e+001
  2.431490506195e+002 -2.817068568683e+001 -5.628646943335e+001
  2.434693560320e+002 -2.794437147996e+001 -5.609413773030e+001
  2.434850640115e+002 -2.743050106931e+001 -5.595490641461e+001
  2.433241064726e+002 -2.657874290582e+001 -5.587451302933e+001
  2.428847108626e+002 -2.634717911697e+001 -5.605896349938e+001
  2.423465951346e+002 -2.636529057148e+001 -5.635966046377e+001
  2.417994527516e+002 -2.607185064291e+001 -5.639510512251e+001
  2.414917977477e+002 -2.604336665601e+001 -5.632495078018e+001
  2.415802594615e+002 -2.578117221423e+001 -5.638817139808e+001
  2.412984708898e+002 -2.578616396195e+001 -5.637815422960e+001
  2.412655983516e+002 -2.564500183611e+001 -5.635345759347e+001
  2.412484845950e+002 -2.554718086243e+001 -5.631710914519e+001
  2.415727751105e+002 -2.532357606738e+001 -5.612413172268e+001
  2.418881830273e+002 -2.524872796998e+001 -5.600074142644e+001
  2.420991730913e+002 -2.556815216222e+001 -5.582544453610e+001
  2.419951106787e+002 -2.547411510908e+001 -5.585229458862e+001
  2.415475499326e+002 -2.512544951258e+001 -5.608362872283e+001
  2.408072463507e+002 -2.555505333705e+001 -5.629658157183e+001
  2.399651413354e+002 -2.666687560865e+001 -5.662958689787e+001
  2.407925872325e+002 -2.753232822137e+001 -5.611590543383e+001
  2.410972935663e+002 -2.739688607767e+001 -5.564170887885e+001
  2.412604326041e+002 -2.665281136675e+001 -5.599977969776e+001
  2.412488344247e+002 -2.665917488690e+001 -5.593321811065e+001
  2.412098244848e+002 -2.659864220273e+001 -5.594217375627e+001
  2.411796129506e+002 -2.654797905258e+001 -5.597388059819e+001
  2.411504045903e+002 -2.649960037345e+001 -5.595869693505e+001
                  nan                  nan                  nan
                  nan                  nan                  nan
                  nan                  nan                  nan
                  nan                  nan                  nan
                  nan                  nan                  nan
                  nan                  nan                  nan
                  nan                  nan                  nan
                  nan                  nan                  nan
