  0.000000000000e+000
  0.000000000000e+000
  0.000000000000e+000
  0.000000000000e+000
  0.000000000000e+000
  0.000000000000e+000
  0.000000000000e+000
  0.000000000000e+000
  0.000000000000e+000
  7.680000305176e+001
  7.686421679164e+001
  7.626784796766e+001
  7.620522431984e+001
  7.626917607435e+001
  7.632121614746e+001
  7.603796193562e+001
  7.611486185116e+001
  7.629338937515e+001
  7.611479208361e+001
  7.636997254213e+001
  7.663618237455e+001
  7.726795471305e+001
  7.752585559480e+001
  7.784972037039e+001
  7.775489465919e+001
  7.805236482070e+001
  7.805557899959e+001
  7.805398666166e+001
  7.823201469829e+001
  7.822180413978e+001
  7.825247682399e+001
  7.831037154773e+001
  7.825415679195e+001
  7.833547020564e+001
  7.825487249660e+001
  7.856882198555e+001
  7.843565837093e+001
  7.875616993307e+001
  7.874563287747e+001
  7.880926134482e+001
  7.887384038316e+001
  7.881400102905e+001
  7.884913595834e+001
  7.810292079424e+001
  7.805633997179e+001
  7.826176339437e+001
  7.837866989386e+001
  7.848237368882e+001
  7.853829686045e+001
  7.930929357397e+001
  8.017914548210e+001
  7.988622499706e+001
  8.054918305687e+001
  8.059594953362e+001
  8.074793266333e+001
  8.081402436832e+001
  8.080559589651e+001
  8.112756072564e+001
  8.103920458959e+001
  8.097615839096e+001
  8.088315949298e+001
  8.072241597392e+001
  8.087090755117e+001
  8.057192373403e+001
  8.100248441640e+001
  8.077606420300e+001
  8.034704966174e+001
  7.987566485938e+001
  7.907139983847e+001
  7.858149123516e+001
  7.796069095373e+001
  7.749098792236e+001
  7.792877866876e+001
  7.792976563579e+001
  7.787992395802e+001
  7.814714581006e+001
  7.816352615500e+001
  7.819673868181e+001
  7.827081688823e+001
  7.814005672563e+001
  7.817255862147e+001
  7.837966422274e+001
  7.854687288007e+001
  7.881351040340e+001
  7.920880380788e+001
  7.918847310244e+001
  7.919119752803e+001
  7.889126767870e+001
  7.867465200033e+001
  7.753318591071e+001
  7.654721680577e+001
  7.554369542834e+001
  7.573314742917e+001
  7.469206227891e+001
  7.375817738898e+001
  7.284903063578e+001
  7.223683735742e+001
  7.202973795672e+001
  7.174679180114e+001
  7.146944907932e+001
  7.140430640149e+001
  7.174613068147e+001
  7.200563614291e+001
  7.201141180759e+001
  7.208441910943e+001
  7.213071244561e+001
  7.227319080560e+001
  7.146071790630e+001
  7.166201842393e+001
  7.151879394836e+001
  7.203715022359e+001
  7.216116095377e+001
  7.197022110715e+001
  7.348784208377e+001
  7.508816346312e+001
  7.642523797118e+001
  7.735741744545e+001
  7.823385655470e+001
  7.783177486719e+001
  7.789134795062e+001
  7.795311700060e+001
  7.804066084542e+001
  7.813109273415e+001
  7.819743292436e+001
  7.818875331081e+001
  7.818668292447e+001
  7.828567543615e+001
  7.832938534129e+001
  7.841376836534e+001
  7.836357229161e+001
  7.823766152442e+001
  7.819193746515e+001
  7.794782080766e+001
  7.802214010880e+001
  7.830398860962e+001
  7.663679404175e+001
  7.600144906671e+001
  7.512251661611e+001
  7.635527904161e+001
  7.574742143755e+001
  7.612482705261e+001
  7.636530345127e+001
  7.593901095837e+001
  7.585005116594e+001
  7.571387847970e+001
  7.582329421578e+001
  7.561810469203e+001
  7.561100940740e+001
  7.577609237171e+001
  7.566392264686e+001
  7.559649744974e+001
  7.540649597550e+001
  7.562014418775e+001
  7.557970886941e+001
  7.506393139958e+001
  7.560651284213e+001
  7.448861260732e+001
  7.415847524238e+001
  7.381406631628e+001
  7.132861962371e+001
  7.047328587632e+001
  7.045215128376e+001
  7.149207512979e+001
  7.209296502983e+001
  7.214801961264e+001
  7.143477771897e+001
  7.147777804066e+001
  7.204234454969e+001
  7.245888562426e+001
  7.249016370344e+001
  7.287749138128e+001
  7.206916182650e+001
  7.195384187531e+001
  7.193843863295e+001
  7.193761593401e+001
  7.202385479653e+001
  7.260134960350e+001
  7.296296914064e+001
  7.265866957466e+001
  7.258556878949e+001
  7.246500744846e+001
  7.214683373547e+001
  7.235881898200e+001
  7.239979081421e+001
  7.247370313457e+001
  7.257069274113e+001
  7.244571210427e+001
  7.214004365466e+001
  7.210606209217e+001
  7.196222438928e+001
  7.190507022865e+001
  7.196056003920e+001
  7.196460052484e+001
  7.188036647361e+001
  7.194236160941e+001
  7.207092717558e+001
  7.190579601402e+001
  7.320819241536e+001
  7.341867546786e+001
  7.343368236583e+001
  7.350957166045e+001
  7.357606779958e+001
  7.318861820476e+001
  7.343105376160e+001
  7.523749966693e+001
  7.619645879625e+001
  7.607777965923e+001
  7.609317711411e+001
  7.623158607875e+001
  7.637848464414e+001
  7.651592933977e+001
  7.654633909838e+001
  7.659285042764e+001
  7.661405175526e+001
  7.667805576750e+001
  7.674261260957e+001
  7.686205909391e+001
  7.643641455143e+001
  7.437723943317e+001
  7.477043295990e+001
  7.675214423404e+001
  7.807332458920e+001
  7.959458806307e+001
  8.055432445369e+001
  8.115326395367e+001
  8.158108178654e+001
  8.190649111702e+001
  8.131079083136e+001
  8.135897188524e+001
  8.135137331706e+001
  8.124709282320e+001
  8.128535357899e+001
  8.115179963260e+001
  8.122627179360e+001
  8.123635366328e+001
  8.132828204479e+001
  8.135946758856e+001
  8.168398154619e+001
  8.226685164888e+001
  8.251136047485e+001
  8.274897592306e+001
  8.255772622943e+001
  8.133268562952e+001
  8.131499148479e+001
  8.233366343856e+001
  8.205963567386e+001
  8.209491839504e+001
  8.227759849184e+001
  8.239761541424e+001
  8.238479506860e+001
  8.224069626776e+001
  8.219252872469e+001
  8.199446439390e+001
  8.199393430252e+001
  8.216304268179e+001
  8.226180578357e+001
  8.239340271931e+001
  8.245700890762e+001
  8.246511165946e+001
  8.235979473357e+001
  8.212590380401e+001
  8.205504953503e+001
  8.205123204275e+001
  8.155257456746e+001
  8.168723721281e+001
  8.188470320778e+001
  8.174583895664e+001
  8.115957018469e+001
  8.151077714765e+001
  8.233298963943e+001
  8.163689761425e+001
  8.181299449549e+001
  8.172924907119e+001
  8.159448363989e+001
  8.148639823894e+001
  8.155536662262e+001
  8.152215777359e+001
  8.168203035741e+001
  8.092227557007e+001
  8.166596626893e+001
  8.221439781533e+001
  8.292191317265e+001
  8.342682550465e+001
  8.395861014077e+001
  8.395008187041e+001
  8.390871354289e+001
  8.395742230532e+001
  8.400231087469e+001
  8.407213964713e+001
  8.415167492178e+001
  8.409840843863e+001
  8.409662370061e+001
  8.416600833328e+001
  8.401008987692e+001
  8.403166920576e+001
  8.425597102374e+001
  8.434767118705e+001
  8.408935462488e+001
  8.431545589170e+001
  8.487762136567e+001
  8.545534373301e+001
  8.611131126384e+001
  8.591419235274e+001
  8.579341343715e+001
  8.569801054954e+001
  8.558421952694e+001
  8.567440649693e+001
  8.568082863753e+001
  8.563327113291e+001
  8.556723303247e+001
  8.538267829470e+001
  8.532781067541e+001
  8.439535664494e+001
  8.448677680279e+001
  8.384981188111e+001
  8.339341046567e+001
  8.335982132413e+001
  8.344383226604e+001
  8.359702033396e+001
  8.521350347709e+001
  8.554528300922e+001
  8.552766415707e+001
  8.558350904684e+001
  8.549819083698e+001
  8.539597659737e+001
  8.541142493088e+001
  8.550089903977e+001
  8.555334061747e+001
  8.564721188904e+001
  8.566518090708e+001
  8.565435773613e+001
  8.573169605018e+001
  8.567693089401e+001
  8.570692925961e+001
  8.568219660421e+001
  8.570113586805e+001
  8.564660914815e+001
  8.587507157417e+001
  8.572507910302e+001
  8.568221499760e+001
  8.584610080480e+001
  8.577518019604e+001
  8.566058741984e+001
  8.492613054434e+001
  8.467942458018e+001
  8.552913749547e+001
  8.539639920291e+001
  8.492070912870e+001
  8.527978568559e+001
  8.505152153144e+001
  8.512591724564e+001
  8.523764868920e+001
  8.542683031046e+001
  8.536506771543e+001
  8.554662912242e+001
  8.574298386259e+001
  8.632625283155e+001
  8.729561938198e+001
  8.738228848393e+001
  8.756801285564e+001
  8.768221976375e+001
  8.877844220031e+001
  8.917357266287e+001
  9.006196913991e+001
  9.108388784039e+001
  9.157654471667e+001
  9.157317250587e+001
  9.159079178594e+001
  9.154458479706e+001
  9.149230028377e+001
  9.164687002676e+001
  9.157772976191e+001
  9.160688979040e+001
  9.163190868266e+001
  9.158031380198e+001
  9.162495124473e+001
  9.154039242321e+001
  9.147981858272e+001
  9.143936062399e+001
  9.147386796933e+001
  9.151984675913e+001
  9.144290506320e+001
  9.147543502628e+001
  9.141901863558e+001
  9.115458876218e+001
  9.068727939163e+001
  9.037065403777e+001
  9.060546815964e+001
  8.802597636855e+001
  8.892753474148e+001
  9.066048910062e+001
  9.134758178450e+001
  9.212900727451e+001
  9.267306840564e+001
  9.310801404340e+001
  9.346373303213e+001
  9.183391198519e+001
  9.188991330462e+001
  9.206323321141e+001
  9.217051090456e+001
  9.211670371962e+001
  9.230078813290e+001
  9.357033566645e+001
  9.285280701584e+001
  9.363583404168e+001
  9.371322994977e+001
  9.408084605180e+001
  9.414612154164e+001
  9.430081242948e+001
  9.428418223001e+001
  9.426240558387e+001
  9.426873480749e+001
  9.424531429911e+001
  9.439681282063e+001
  9.454346288174e+001
  9.476286531770e+001
  9.472148063680e+001
  9.471226682117e+001
  9.457915085598e+001
  9.459811230460e+001
  9.480194724422e+001
  9.470833991376e+001
  9.466232290439e+001
  9.454807052202e+001
  9.460654494417e+001
  9.462809853357e+001
  9.468894983850e+001
  9.470168038343e+001
  9.471610728259e+001
  9.479324449631e+001
  9.541728493186e+001
  9.624120166980e+001
  9.403049302375e+001
  9.433212678378e+001
  9.352083396326e+001
  9.308947009562e+001
  9.238176018996e+001
  9.243386570744e+001
  9.335695938097e+001
  9.351082316783e+001
  9.368167275326e+001
  9.404228897080e+001
  9.409623756344e+001
  9.425139007329e+001
  9.467093260187e+001
  9.480830237976e+001
  9.484867344623e+001
  9.505060123571e+001
  9.662671107961e+001
  9.610215010562e+001
  9.519561700327e+001
  9.469327703326e+001
  9.427255608819e+001
  9.696890313135e+001
  9.746116064163e+001
  9.699899325771e+001
  9.767415817611e+001
  9.766212670192e+001
  9.768122473244e+001
  9.765817316159e+001
  9.762658291302e+001
  9.765623431168e+001
  9.776283589285e+001
  9.779629359178e+001
  9.733785282036e+001
  9.527955811433e+001
  9.510179097238e+001
  9.491135303170e+001
  9.515361010842e+001
  9.490167862788e+001
  9.483874142748e+001
  9.456762765083e+001
  9.428946183740e+001
  9.387405729144e+001
  9.391518090232e+001
  9.427556585498e+001
  9.381628481087e+001
  9.362023567118e+001
  9.075758132209e+001
  9.046320260416e+001
  9.222384667900e+001
  9.414145204623e+001
  9.492980081017e+001
  9.564667586715e+001
  9.657969795402e+001
  9.739934295838e+001
  9.850216242686e+001
  9.905229907627e+001
  9.979054170749e+001
  1.004574405688e+002
  1.002527730862e+002
  9.761235083665e+001
  9.733460201491e+001
  9.735888777704e+001
  9.749390819916e+001
  9.801049942005e+001
  9.863940445496e+001
  9.991648593876e+001
  1.010600245515e+002
  1.032395341112e+002
  1.020398309226e+002
  1.010403141550e+002
  1.003467091228e+002
  1.004282938830e+002
  1.007534817110e+002
  9.911486841526e+001
  9.809475595976e+001
  9.726332376199e+001
  9.800865850920e+001
  9.952450840704e+001
  1.005036412043e+002
  1.010980742935e+002
  1.013786129037e+002
  1.019559147884e+002
  9.960578445483e+001
  9.859542779177e+001
  9.817441992897e+001
  9.759626970502e+001
  9.738260516480e+001
  9.724134855283e+001
  9.713893771784e+001
  9.603174244854e+001
  9.671588487612e+001
  9.702496894209e+001
  9.714372037476e+001
  9.721002592104e+001
  9.708287966642e+001
  9.702469477340e+001
  9.878336427275e+001
  9.910093762123e+001
  9.931818060123e+001
  9.971259660896e+001
  9.987772526592e+001
  9.999072852985e+001
  1.003335429876e+002
  1.007789202264e+002
  1.012257503149e+002
  1.019604438127e+002
  1.025437340076e+002
  1.030096236002e+002
  1.034035858148e+002
  1.039266776322e+002
  1.042972397225e+002
  1.055128519789e+002
  1.053536266685e+002
  1.031642824348e+002
  1.032356683402e+002
  1.030820891607e+002
  1.031750102148e+002
  1.031028133424e+002
  1.049064274409e+002
  1.062868899648e+002
  1.077728592734e+002
  1.081870071371e+002
  1.095012292950e+002
  1.099186347136e+002
  1.100008613235e+002
  1.106609648915e+002
  1.108335596735e+002
