  0.000000000000e+000  0.000000000000e+000  0.000000000000e+000
  0.000000000000e+000  0.000000000000e+000  0.000000000000e+000
  0.000000000000e+000  0.000000000000e+000  0.000000000000e+000
  0.000000000000e+000  0.000000000000e+000  0.000000000000e+000
  0.000000000000e+000  0.000000000000e+000  0.000000000000e+000
  0.000000000000e+000  0.000000000000e+000  0.000000000000e+000
  0.000000000000e+000  0.000000000000e+000  0.000000000000e+000
  0.000000000000e+000  0.000000000000e+000  0.000000000000e+000
  0.000000000000e+000  0.000000000000e+000  0.000000000000e+000
  1.492182039808e+002 -5.723649022881e+001 -5.120155650990e+001
  1.492612837342e+002 -5.696630899033e+001 -5.127237884410e+001
  1.493707052232e+002 -5.324204601588e+001 -5.199134594271e+001
  1.496279312233e+002 -5.248131394218e+001 -5.188703729984e+001
  1.498245761470e+002 -5.196444993107e+001 -5.175109509695e+001
  1.499499029217e+002 -5.173964034180e+001 -5.168200683293e+001
  1.500238280689e+002 -5.167119251785e+001 -5.164431559348e+001
  1.500941367519e+002 -5.166722704754e+001 -5.159473445486e+001
  1.502087688685e+002 -5.169552133466e+001 -5.154574626306e+001
  1.503840263244e+002 -5.183372407926e+001 -5.140579954715e+001
  1.505851576316e+002 -5.198539515867e+001 -5.131658637742e+001
  1.507847285083e+002 -5.212997540299e+001 -5.119519911673e+001
  1.508694784602e+002 -5.225138968184e+001 -5.109761625634e+001
  1.510026109683e+002 -5.228196541653e+001 -5.099336646879e+001
  1.511527021001e+002 -5.223296685171e+001 -5.092537358417e+001
  1.513946261163e+002 -5.220274836067e+001 -5.094397752830e+001
  1.517452980886e+002 -5.214391095833e+001 -5.098115382087e+001
  1.518428046761e+002 -5.201532153355e+001 -5.091644333908e+001
  1.518986902157e+002 -5.186360113065e+001 -5.086470674076e+001
  1.519509852077e+002 -5.171521812956e+001 -5.083163787227e+001
  1.520933045024e+002 -5.173231925443e+001 -5.068722847368e+001
  1.521454573032e+002 -5.158401223976e+001 -5.065956309700e+001
  1.521754956585e+002 -5.142866577440e+001 -5.061872582813e+001
  1.522241937114e+002 -5.128536188576e+001 -5.055973023489e+001
  1.522462772823e+002 -5.114576194049e+001 -5.052905515294e+001
  1.522827565404e+002 -5.102625610524e+001 -5.048175118907e+001
  1.523384652678e+002 -5.082417099078e+001 -5.043791242980e+001
  1.524408656402e+002 -5.071885302832e+001 -5.038011931695e+001
  1.524356418358e+002 -5.058254659949e+001 -5.024008914554e+001
  1.525269327650e+002 -5.047820806150e+001 -5.018281149445e+001
  1.526324949737e+002 -5.044477092800e+001 -5.009702908553e+001
  1.526635153657e+002 -5.030534176957e+001 -5.003407428111e+001
  1.528724899993e+002 -5.044685866802e+001 -4.995652749644e+001
  1.531018224751e+002 -5.061305893810e+001 -4.987020426063e+001
  1.532511256831e+002 -5.081275115198e+001 -4.974462397846e+001
  1.532505718356e+002 -5.080850883008e+001 -4.968711431217e+001
  1.536409649321e+002 -5.111845834556e+001 -4.969103225421e+001
  1.539110926351e+002 -5.129854906940e+001 -4.972992262763e+001
  1.540193945747e+002 -5.125763656600e+001 -4.973579782268e+001
  1.541382927719e+002 -5.118198204836e+001 -4.976413943074e+001
  1.544129402691e+002 -5.074704433336e+001 -4.965006774013e+001
  1.546938973067e+002 -5.009717697300e+001 -4.942997611322e+001
  1.550002237403e+002 -4.938513579989e+001 -4.920066043096e+001
  1.551583500856e+002 -4.895891403941e+001 -4.909921369004e+001
  1.552757368636e+002 -4.879011845978e+001 -4.901320751745e+001
  1.553397088346e+002 -4.864856012864e+001 -4.898282341701e+001
  1.554541384769e+002 -4.849090821264e+001 -4.892841726732e+001
  1.555908123894e+002 -4.836933316058e+001 -4.887246776640e+001
  1.556729071051e+002 -4.823236540566e+001 -4.885177830360e+001
  1.557837610731e+002 -4.815800892652e+001 -4.872853899120e+001
  1.559024205076e+002 -4.804648783697e+001 -4.855468380834e+001
  1.560211232096e+002 -4.789614987676e+001 -4.844444236179e+001
  1.561895628335e+002 -4.774072828038e+001 -4.827822509156e+001
  1.563513974090e+002 -4.744008400685e+001 -4.804514653100e+001
  1.565554684313e+002 -4.705500267622e+001 -4.784534365719e+001
  1.567678240311e+002 -4.667631103440e+001 -4.762785762704e+001
  1.568474238181e+002 -4.686072584242e+001 -4.752291895851e+001
  1.569688144669e+002 -4.710276868613e+001 -4.732810166619e+001
  1.571430515346e+002 -4.717724172322e+001 -4.707622825300e+001
  1.572945136638e+002 -4.719783266054e+001 -4.683440031739e+001
  1.574907508924e+002 -4.724543000117e+001 -4.663342423575e+001
  1.577151461497e+002 -4.728270321460e+001 -4.645473846705e+001
  1.579950419736e+002 -4.730254477556e+001 -4.628514909146e+001
  1.583554552837e+002 -4.736356453706e+001 -4.620940354180e+001
  1.584223388834e+002 -4.719891306235e+001 -4.612431301812e+001
  1.589731785641e+002 -4.728978727400e+001 -4.597666929798e+001
  1.595690220876e+002 -4.735646921822e+001 -4.577298435716e+001
  1.596228790101e+002 -4.725377943334e+001 -4.566775487132e+001
  1.596748921567e+002 -4.712956587168e+001 -4.557243592093e+001
  1.603140575450e+002 -4.720032360935e+001 -4.539366144705e+001
  1.603967043600e+002 -4.709644406979e+001 -4.527329883703e+001
  1.604324262329e+002 -4.701769595860e+001 -4.518313132155e+001
  1.606505306231e+002 -4.704153531116e+001 -4.517042999855e+001
  1.605867098928e+002 -4.698057161242e+001 -4.539736396202e+001
  1.608101776301e+002 -4.711086532811e+001 -4.525813095835e+001
  1.608978332115e+002 -4.725325629175e+001 -4.518217902556e+001
  1.609686693847e+002 -4.743803430599e+001 -4.511054041208e+001
  1.607625408744e+002 -4.749843053648e+001 -4.517624929024e+001
  1.606047754109e+002 -4.751452614343e+001 -4.530981847355e+001
  1.605409650276e+002 -4.747317756704e+001 -4.546212791393e+001
  1.604192579539e+002 -4.735787148899e+001 -4.575476946627e+001
  1.603667222338e+002 -4.705493047580e+001 -4.595801342309e+001
  1.603722569676e+002 -4.665967978145e+001 -4.607819743931e+001
  1.604648459136e+002 -4.624257581138e+001 -4.621551339561e+001
  1.604559290160e+002 -4.596288634443e+001 -4.633560436405e+001
  1.604575776129e+002 -4.567655061798e+001 -4.639809717306e+001
  1.604252968777e+002 -4.544852557048e+001 -4.646844184390e+001
  1.604311900936e+002 -4.518650347576e+001 -4.650339900417e+001
  1.604869367337e+002 -4.497832232718e+001 -4.648538015460e+001
  1.605145881462e+002 -4.472189048852e+001 -4.645107637390e+001
  1.605945967355e+002 -4.453512492141e+001 -4.640682956076e+001
  1.606549681129e+002 -4.443738506110e+001 -4.632424016707e+001
  1.607430847095e+002 -4.435224666810e+001 -4.620584803479e+001
  1.608523286718e+002 -4.422063729014e+001 -4.611069228750e+001
  1.609528816482e+002 -4.406749242324e+001 -4.604952727940e+001
  1.610540856782e+002 -4.375078166867e+001 -4.585664564993e+001
  1.612928197318e+002 -4.350025546640e+001 -4.574570219226e+001
  1.615222047555e+002 -4.324680554749e+001 -4.565514921716e+001
  1.618101538370e+002 -4.289753214890e+001 -4.552144908423e+001
  1.620479660020e+002 -4.263566175823e+001 -4.536396304048e+001
  1.622768886887e+002 -4.248055291382e+001 -4.519402334098e+001
  1.623822819294e+002 -4.239773589943e+001 -4.502579174157e+001
  1.622561290697e+002 -4.243631244978e+001 -4.504400788576e+001
  1.620481094739e+002 -4.251062197811e+001 -4.503559466749e+001
  1.621300417019e+002 -4.265437361978e+001 -4.480655534730e+001
  1.622097849021e+002 -4.273576663859e+001 -4.451820768532e+001
  1.624147612890e+002 -4.276474955540e+001 -4.426672214665e+001
  1.626037151997e+002 -4.280379938613e+001 -4.402493877687e+001
  1.627852744341e+002 -4.284196346831e+001 -4.383613299786e+001
  1.629019316686e+002 -4.270432553204e+001 -4.399292620547e+001
  1.629834108116e+002 -4.260332109747e+001 -4.388704780525e+001
  1.630781610880e+002 -4.249771384267e+001 -4.378987010549e+001
  1.631703792603e+002 -4.237895284738e+001 -4.369660948645e+001
  1.632551558057e+002 -4.224384636794e+001 -4.361116337831e+001
  1.633550878653e+002 -4.214202939854e+001 -4.352005916378e+001
  1.634329978791e+002 -4.203725983859e+001 -4.341952216309e+001
  1.635321562458e+002 -4.189010420473e+001 -4.332113603452e+001
  1.636500281827e+002 -4.177080149452e+001 -4.321364864919e+001
  1.637531046242e+002 -4.167855194405e+001 -4.311494584567e+001
  1.638446560903e+002 -4.160379777749e+001 -4.302563321270e+001
  1.639175061954e+002 -4.150167227249e+001 -4.293523945869e+001
  1.639902049622e+002 -4.145661859510e+001 -4.285432240060e+001
  1.640322688448e+002 -4.142240322130e+001 -4.280097625917e+001
  1.640516067084e+002 -4.139502729553e+001 -4.270266736366e+001
  1.640407846373e+002 -4.143475349010e+001 -4.261076594395e+001
  1.640343014189e+002 -4.135806316105e+001 -4.304914698313e+001
  1.639311129102e+002 -4.134150141710e+001 -4.353312361815e+001
  1.638297042418e+002 -4.151337978837e+001 -4.358213523625e+001
  1.636202294960e+002 -4.186712885256e+001 -4.354346341379e+001
  1.635368094192e+002 -4.205344452181e+001 -4.378590239391e+001
  1.634644626009e+002 -4.187974695830e+001 -4.391721500683e+001
  1.635244718669e+002 -4.146886193664e+001 -4.404819303190e+001
  1.636583965281e+002 -4.107785289343e+001 -4.412012717280e+001
  1.637224911523e+002 -4.080358645869e+001 -4.412233828853e+001
  1.637848619844e+002 -4.057537583141e+001 -4.406451476268e+001
  1.638436957697e+002 -4.038966942206e+001 -4.401141471972e+001
  1.639121031996e+002 -4.023689978953e+001 -4.392633404769e+001
  1.639502011910e+002 -4.008739691481e+001 -4.390111293973e+001
  1.639806698867e+002 -3.987536766293e+001 -4.388581884521e+001
  1.640571976683e+002 -3.979562166131e+001 -4.376254599845e+001
  1.641279205560e+002 -3.969970120603e+001 -4.366301687656e+001
  1.642173219119e+002 -3.958389619120e+001 -4.356742063548e+001
  1.643571605010e+002 -3.944724667994e+001 -4.352433098122e+001
  1.645848055229e+002 -3.935684169929e+001 -4.338510203488e+001
  1.648127294393e+002 -3.921926215560e+001 -4.328541030456e+001
  1.650157472892e+002 -3.902952255603e+001 -4.322970185770e+001
  1.653330880159e+002 -3.875985279472e+001 -4.307347963477e+001
  1.657069776630e+002 -3.846226644610e+001 -4.287936059874e+001
  1.659811140346e+002 -3.819178297751e+001 -4.274353463106e+001
  1.663141707965e+002 -3.787029600247e+001 -4.258904093484e+001
  1.668170910868e+002 -3.753308135876e+001 -4.231265361796e+001
  1.670279781423e+002 -3.728504129684e+001 -4.222192314168e+001
  1.671739356758e+002 -3.703556581157e+001 -4.215633775110e+001
  1.672297807749e+002 -3.716211964231e+001 -4.223106093444e+001
  1.672777819005e+002 -3.727557818679e+001 -4.228399621360e+001
  1.673082800396e+002 -3.738099583831e+001 -4.214117762218e+001
  1.673000661902e+002 -3.731573538449e+001 -4.196149930963e+001
  1.674584596001e+002 -3.732585594127e+001 -4.173467191784e+001
  1.676570170657e+002 -3.732657156200e+001 -4.170438897421e+001
  1.679136241405e+002 -3.738380529997e+001 -4.157341481773e+001
  1.680885632782e+002 -3.737767699842e+001 -4.130272393139e+001
  1.683152950739e+002 -3.743013918685e+001 -4.099930472977e+001
  1.683806995634e+002 -3.737833855010e+001 -4.084006497121e+001
  1.684835623941e+002 -3.727475626110e+001 -4.070511949322e+001
  1.685940261011e+002 -3.719315757602e+001 -4.058393840149e+001
  1.686571504300e+002 -3.712758428325e+001 -4.046217979195e+001
  1.687456143176e+002 -3.706500682789e+001 -4.034073723844e+001
  1.687900155131e+002 -3.705044652049e+001 -4.024563457772e+001
  1.687401188638e+002 -3.709861733454e+001 -4.018087604242e+001
  1.686699991534e+002 -3.720066608042e+001 -4.013360043651e+001
  1.686720016160e+002 -3.723545678604e+001 -4.005514758004e+001
  1.686259295865e+002 -3.716341502839e+001 -4.036454075703e+001
  1.687404677684e+002 -3.685614055038e+001 -4.061413882894e+001
  1.690073870026e+002 -3.651284095920e+001 -4.060089033722e+001
  1.690940542887e+002 -3.630794227959e+001 -4.059845036240e+001
  1.691596585768e+002 -3.616605473234e+001 -4.057534449584e+001
  1.692346269877e+002 -3.604008152453e+001 -4.050047593157e+001
  1.693237715906e+002 -3.601264791678e+001 -4.043235713929e+001
  1.693012770232e+002 -3.600617161710e+001 -4.038616376038e+001
  1.693582349420e+002 -3.593164525307e+001 -4.026767854127e+001
  1.694418008886e+002 -3.588889845077e+001 -4.012506805574e+001
  1.695118846859e+002 -3.583393806794e+001 -3.999397110288e+001
  1.696350314610e+002 -3.579543933706e+001 -3.987587319521e+001
  1.697716826817e+002 -3.572314140147e+001 -3.977606118151e+001
  1.699065421233e+002 -3.559353636584e+001 -3.969754462154e+001
  1.700310119734e+002 -3.542181113447e+001 -3.961893262211e+001
  1.701864578990e+002 -3.524460965870e+001 -3.956578637521e+001
  1.703631940348e+002 -3.509824073466e+001 -3.951634687058e+001
  1.705961493773e+002 -3.491636839606e+001 -3.947169165615e+001
  1.708082728606e+002 -3.473828952866e+001 -3.943708584261e+001
  1.710508891916e+002 -3.451742798654e+001 -3.935054863721e+001
  1.713728847074e+002 -3.407398062055e+001 -3.926978293998e+001
  1.717124093979e+002 -3.357594833464e+001 -3.922429662620e+001
  1.721302057469e+002 -3.316656548598e+001 -3.887222416358e+001
  1.722887369742e+002 -3.302054167880e+001 -3.895631727211e+001
  1.723166531071e+002 -3.308570305085e+001 -3.912832757502e+001
  1.724092435201e+002 -3.299463855770e+001 -3.921657877475e+001
  1.724991605717e+002 -3.288086635099e+001 -3.911287158366e+001
  1.725835810219e+002 -3.278600207907e+001 -3.900192172564e+001
  1.726632429619e+002 -3.267740205972e+001 -3.888953777812e+001
  1.727769460729e+002 -3.258877123011e+001 -3.877576083136e+001
  1.728910259638e+002 -3.248118312082e+001 -3.866867820080e+001
  1.729634790005e+002 -3.239715467240e+001 -3.858489155860e+001
  1.730737348592e+002 -3.229861663290e+001 -3.846607752772e+001
  1.731642830555e+002 -3.220397672352e+001 -3.839537107725e+001
  1.732536001025e+002 -3.214053897465e+001 -3.828454708673e+001
  1.732793644205e+002 -3.214384246624e+001 -3.821305250538e+001
  1.733206560030e+002 -3.218525585328e+001 -3.818994414272e+001
  1.733273255851e+002 -3.223238674489e+001 -3.816590252368e+001
  1.730294720483e+002 -3.187625132242e+001 -3.834849725745e+001
  1.730419386278e+002 -3.190539948211e+001 -3.841470524727e+001
  1.732996191745e+002 -3.206965951479e+001 -3.871802177100e+001
  1.733613077396e+002 -3.204562253111e+001 -3.887274828727e+001
  1.733962472182e+002 -3.211388706693e+001 -3.896392483039e+001
  1.734262695874e+002 -3.212638759799e+001 -3.899529149026e+001
  1.734887768016e+002 -3.208942670324e+001 -3.901674403175e+001
  1.736721793329e+002 -3.206521468600e+001 -3.898475277030e+001
  1.738741808119e+002 -3.193763313888e+001 -3.893811854067e+001
  1.741724808336e+002 -3.167313756510e+001 -3.885214271792e+001
  1.743569880319e+002 -3.158243095572e+001 -3.879510690125e+001
  1.745207250960e+002 -3.152443187991e+001 -3.875097290810e+001
  1.746511977205e+002 -3.142962584551e+001 -3.871654514371e+001
  1.747664877270e+002 -3.134490567068e+001 -3.864219172967e+001
  1.748720201226e+002 -3.125927090836e+001 -3.858201214338e+001
  1.750085050672e+002 -3.118376040434e+001 -3.848752736531e+001
  1.751035549180e+002 -3.110024779175e+001 -3.839747469110e+001
  1.751985026368e+002 -3.103800173777e+001 -3.828477258055e+001
  1.753661077742e+002 -3.096118239898e+001 -3.817569199395e+001
  1.755769831691e+002 -3.086679410782e+001 -3.807503733402e+001
  1.758074229148e+002 -3.074599423720e+001 -3.798003055223e+001
  1.760191681359e+002 -3.060561791452e+001 -3.787897653678e+001
  1.762352012558e+002 -3.044975428781e+001 -3.781285316703e+001
  1.764889167145e+002 -3.022731871057e+001 -3.772568143151e+001
  1.767308025502e+002 -2.997311709446e+001 -3.764053238258e+001
  1.772975444987e+002 -2.950374081517e+001 -3.743223170869e+001
  1.776414909623e+002 -2.925276629339e+001 -3.735658552300e+001
  1.777909705928e+002 -2.921156151436e+001 -3.727177251869e+001
  1.779439581231e+002 -2.914256502523e+001 -3.718588359193e+001
  1.781317645908e+002 -2.906702562870e+001 -3.704983048386e+001
  1.782419719258e+002 -2.897117002530e+001 -3.695723402532e+001
  1.783686522308e+002 -2.889164662673e+001 -3.689008838214e+001
  1.784883631499e+002 -2.881480146540e+001 -3.679256837227e+001
  1.786273717672e+002 -2.871402783319e+001 -3.671881138566e+001
  1.787619958071e+002 -2.863350240921e+001 -3.663645434050e+001
  1.788897648505e+002 -2.853583106858e+001 -3.655946279627e+001
  1.789912936829e+002 -2.846829067952e+001 -3.648881664653e+001
  1.791103672903e+002 -2.839144513928e+001 -3.640653651250e+001
  1.792418815540e+002 -2.831490328484e+001 -3.632340497565e+001
  1.793399813166e+002 -2.823703395750e+001 -3.624665512559e+001
  1.794322503301e+002 -2.816732334095e+001 -3.616398937369e+001
  1.794727531960e+002 -2.816205045383e+001 -3.608954317918e+001
  1.795089982544e+002 -2.818058231729e+001 -3.602904534467e+001
  1.794358226296e+002 -2.823507366976e+001 -3.599722888237e+001
  1.794146233966e+002 -2.828335248856e+001 -3.599304695551e+001
  1.793308213088e+002 -2.834686799574e+001 -3.597999565941e+001
  1.792716951354e+002 -2.839006664755e+001 -3.598375351910e+001
  1.792987581191e+002 -2.851735695450e+001 -3.620148130841e+001
  1.792132889068e+002 -2.842953798776e+001 -3.628251032454e+001
  1.792077658909e+002 -2.838350712269e+001 -3.633613182849e+001
  1.791567066723e+002 -2.850633071345e+001 -3.636559673895e+001
  1.791881638016e+002 -2.847813553068e+001 -3.631757424826e+001
  1.794014033761e+002 -2.837442842834e+001 -3.622592259900e+001
  1.795446515086e+002 -2.827625881872e+001 -3.614157376248e+001
  1.796829786806e+002 -2.824295719320e+001 -3.603870752220e+001
  1.798135325370e+002 -2.822523817620e+001 -3.593399126487e+001
  1.799443461771e+002 -2.814471858739e+001 -3.582530602875e+001
  1.800637651458e+002 -2.806275006020e+001 -3.569182114933e+001
  1.801481046298e+002 -2.795246535650e+001 -3.558475288224e+001
  1.802388975777e+002 -2.783114535478e+001 -3.549939599727e+001
  1.806760831971e+002 -2.743628056961e+001 -3.515890013225e+001
  1.808817906772e+002 -2.722633075832e+001 -3.506701177192e+001
  1.811301071102e+002 -2.709701214795e+001 -3.492685343354e+001
  1.814858736764e+002 -2.689222367547e+001 -3.465851132021e+001
  1.817299315607e+002 -2.682710601429e+001 -3.453604802144e+001
  1.818339116496e+002 -2.683773081586e+001 -3.443463769253e+001
  1.819681196776e+002 -2.675194187577e+001 -3.434670325271e+001
  1.820814885963e+002 -2.667208474426e+001 -3.425384899125e+001
  1.822097826028e+002 -2.659709478372e+001 -3.416801153847e+001
  1.823252217650e+002 -2.651655073780e+001 -3.410149947069e+001
  1.824366990349e+002 -2.644874723256e+001 -3.401609062264e+001
  1.825524730963e+002 -2.634927605182e+001 -3.394253985109e+001
  1.826790240488e+002 -2.625427408600e+001 -3.385615911745e+001
  1.828260839398e+002 -2.616183531802e+001 -3.376705019038e+001
  1.829483714965e+002 -2.607996678852e+001 -3.368524545290e+001
  1.830635911863e+002 -2.599318928125e+001 -3.359636349649e+001
  1.831326632059e+002 -2.593142432622e+001 -3.351099382207e+001
  1.830634588052e+002 -2.606678166486e+001 -3.349259872009e+001
  1.829968218863e+002 -2.624410902822e+001 -3.349519570499e+001
  1.829325771019e+002 -2.635672753782e+001 -3.347943270519e+001
  1.829507936690e+002 -2.658177553935e+001 -3.362456346051e+001
  1.829190993892e+002 -2.667024913727e+001 -3.363643218385e+001
  1.828686097914e+002 -2.675832193271e+001 -3.370277365722e+001
  1.829038322005e+002 -2.687083364028e+001 -3.371442972318e+001
  1.829705751160e+002 -2.696092241307e+001 -3.371570436657e+001
  1.832455052740e+002 -2.681107425740e+001 -3.365138493607e+001
  1.834858946014e+002 -2.670241891989e+001 -3.356567816592e+001
  1.836524797884e+002 -2.669284130671e+001 -3.348642433715e+001
  1.837675121592e+002 -2.663514905449e+001 -3.339755412217e+001
  1.838913156337e+002 -2.657858267176e+001 -3.327965777693e+001
  1.840077674031e+002 -2.650277499514e+001 -3.322195657437e+001
  1.841323480676e+002 -2.641736976638e+001 -3.314233541010e+001
  1.842410218145e+002 -2.633463310488e+001 -3.301384678591e+001
  1.843365399446e+002 -2.622868650178e+001 -3.290204682522e+001
  1.843258026653e+002 -2.602530106305e+001 -3.271209259560e+001
  1.843862467790e+002 -2.578748456383e+001 -3.265221323540e+001
  1.845910952126e+002 -2.558328484020e+001 -3.255465355470e+001
  1.848461691754e+002 -2.548872048722e+001 -3.240208295965e+001
  1.851311421125e+002 -2.540178286311e+001 -3.225559638949e+001
  1.854575948061e+002 -2.534734691327e+001 -3.214729276866e+001
  1.856310401890e+002 -2.530805650764e+001 -3.209000549468e+001
  1.858509555156e+002 -2.530294446227e+001 -3.206567266130e+001
  1.860245421412e+002 -2.534602539292e+001 -3.198349758702e+001
  1.861390704993e+002 -2.529530161785e+001 -3.187587582091e+001
  1.862688621368e+002 -2.520910159771e+001 -3.178020755175e+001
  1.863923019792e+002 -2.514159005118e+001 -3.169522859235e+001
  1.865209771911e+002 -2.506994301417e+001 -3.160842825716e+001
  1.866424154987e+002 -2.500260594873e+001 -3.150587747240e+001
  1.867680403599e+002 -2.495176798951e+001 -3.142714827994e+001
  1.868840016921e+002 -2.490509358288e+001 -3.134685322983e+001
  1.870030072184e+002 -2.484400761056e+001 -3.125106024254e+001
  1.871278344938e+002 -2.479563981739e+001 -3.116813931509e+001
  1.872624866739e+002 -2.475247384260e+001 -3.107216117063e+001
  1.874052713463e+002 -2.468854228869e+001 -3.096583552390e+001
  1.875252711997e+002 -2.462357728607e+001 -3.085757193447e+001
  1.876479085061e+002 -2.458712497823e+001 -3.076428951358e+001
  1.877503174519e+002 -2.455117379217e+001 -3.067266394547e+001
  1.878466568354e+002 -2.451010247071e+001 -3.057948297484e+001
  1.879623766628e+002 -2.446052724011e+001 -3.049814987486e+001
  1.880107545306e+002 -2.445304065337e+001 -3.043692273375e+001
  1.880844039375e+002 -2.443913981065e+001 -3.036287608487e+001
  1.881371869492e+002 -2.448772025997e+001 -3.030256311029e+001
  1.882611929043e+002 -2.451876641465e+001 -3.039228951977e+001
  1.884287891145e+002 -2.459760262003e+001 -3.046706115549e+001
  1.885906053335e+002 -2.462738165792e+001 -3.047199141667e+001
  1.885865001804e+002 -2.464740215614e+001 -3.048286013892e+001
  1.890021441395e+002 -2.446211833178e+001 -3.042221904930e+001
  1.894786312162e+002 -2.428897856518e+001 -3.030777393057e+001
  1.896910802500e+002 -2.432786349821e+001 -3.023893130477e+001
  1.898848958733e+002 -2.433364384676e+001 -3.014916488911e+001
  1.900595431048e+002 -2.419992050277e+001 -3.000136652425e+001
  1.901910277583e+002 -2.416604686894e+001 -2.989750346721e+001
  1.903020841660e+002 -2.410795873907e+001 -2.979962185475e+001
  1.904342984099e+002 -2.403500086351e+001 -2.969123598721e+001
  1.905499621962e+002 -2.397976863329e+001 -2.959841015165e+001
  1.906499043223e+002 -2.390917468562e+001 -2.950380003762e+001
  1.907506299673e+002 -2.382124434257e+001 -2.938472532428e+001
  1.908640584915e+002 -2.364400658930e+001 -2.929359890681e+001
  1.909394262304e+002 -2.343116477519e+001 -2.923507560130e+001
  1.910838775084e+002 -2.319319831661e+001 -2.912815056855e+001
  1.911998406024e+002 -2.309304537320e+001 -2.902714955901e+001
  1.916387218302e+002 -2.301198488436e+001 -2.882254238150e+001
  1.919052001421e+002 -2.302314678852e+001 -2.863598069167e+001
  1.923138818766e+002 -2.292006558204e+001 -2.838914868287e+001
  1.925137190898e+002 -2.291256843976e+001 -2.828193234450e+001
  1.930266263409e+002 -2.258193133302e+001 -2.805080813911e+001
  1.930643936812e+002 -2.258533750793e+001 -2.801466545609e+001
  1.931654710929e+002 -2.253834830570e+001 -2.796438234754e+001
  1.932830415035e+002 -2.249720915119e+001 -2.786909329347e+001
  1.934441943732e+002 -2.244869691002e+001 -2.779544910402e+001
  1.935705482739e+002 -2.241312556011e+001 -2.769513167558e+001
  1.937037706980e+002 -2.236354622298e+001 -2.760139282462e+001
  1.938457746190e+002 -2.233002927923e+001 -2.750893666144e+001
  1.939789727615e+002 -2.227685660478e+001 -2.742283748837e+001
  1.941211020524e+002 -2.223103178979e+001 -2.733906366977e+001
  1.942705226248e+002 -2.219086415228e+001 -2.723328361630e+001
  1.944223250055e+002 -2.214678258483e+001 -2.712499386262e+001
  1.945527453716e+002 -2.212171208936e+001 -2.701449157494e+001
  1.946710561536e+002 -2.209526913939e+001 -2.691870638979e+001
  1.947840661558e+002 -2.204473998850e+001 -2.682410004494e+001
  1.949265604868e+002 -2.200642069805e+001 -2.674395284066e+001
  1.950508744030e+002 -2.198734762870e+001 -2.665592603333e+001
  1.951540757423e+002 -2.196485124314e+001 -2.656844586990e+001
  1.952283261745e+002 -2.195713537202e+001 -2.651636725818e+001
  1.953188723370e+002 -2.193811902400e+001 -2.644392119577e+001
  1.953735112798e+002 -2.193718065794e+001 -2.636472970703e+001
  1.954263832980e+002 -2.197157183202e+001 -2.627421981911e+001
  1.953703605646e+002 -2.211734177765e+001 -2.620209745892e+001
  1.952535366244e+002 -2.230045024729e+001 -2.614877432200e+001
  1.949642022582e+002 -2.266498878410e+001 -2.620020437532e+001
  1.948946321535e+002 -2.296340652100e+001 -2.652190203094e+001
  1.950311704439e+002 -2.323179179332e+001 -2.665375882872e+001
  1.953124424706e+002 -2.309438727457e+001 -2.667081169386e+001
  1.956667627601e+002 -2.292033015406e+001 -2.656998487110e+001
  1.959340012649e+002 -2.281409692325e+001 -2.646915256607e+001
  1.961323293328e+002 -2.274382994239e+001 -2.636763253636e+001
  1.962983120033e+002 -2.271384452316e+001 -2.629497837236e+001
  1.964200147316e+002 -2.267983928597e+001 -2.622330476679e+001
  1.966021461991e+002 -2.262498717197e+001 -2.611854575576e+001
  1.967537575250e+002 -2.260216715292e+001 -2.606057257950e+001
  1.968812999646e+002 -2.254897748390e+001 -2.601884663881e+001
  1.970200785302e+002 -2.250459465998e+001 -2.600684271597e+001
  1.971068114623e+002 -2.243868437589e+001 -2.599399940591e+001
  1.972103317526e+002 -2.235354583777e+001 -2.595547356161e+001
  1.972847335227e+002 -2.206178083069e+001 -2.587913996585e+001
  1.969070558312e+002 -2.198786892866e+001 -2.601510357977e+001
  1.966813374795e+002 -2.200189668106e+001 -2.599898730046e+001
  1.967589449586e+002 -2.201957570802e+001 -2.585926316847e+001
  1.969370644808e+002 -2.210018148591e+001 -2.570114422914e+001
  1.971343322804e+002 -2.214326198362e+001 -2.557752363982e+001
  1.972835457898e+002 -2.211271723862e+001 -2.550200011113e+001
  1.974637299444e+002 -2.205070953806e+001 -2.541063898799e+001
  1.976325828598e+002 -2.202125046100e+001 -2.530905129612e+001
  1.977845198954e+002 -2.201555969349e+001 -2.523854523446e+001
  1.979336176927e+002 -2.199520792768e+001 -2.515833215501e+001
  1.981129979766e+002 -2.197464265615e+001 -2.506410864802e+001
  1.982542060973e+002 -2.197170332517e+001 -2.497690625561e+001
  1.984095451332e+002 -2.194909181746e+001 -2.486939294023e+001
  1.985612366506e+002 -2.193377460001e+001 -2.477297797129e+001
  1.986806156936e+002 -2.192749337027e+001 -2.470665019863e+001
  1.988132018095e+002 -2.191155095462e+001 -2.461833963417e+001
  1.989815845241e+002 -2.190948909521e+001 -2.452433085871e+001
  1.991180571504e+002 -2.188010121433e+001 -2.443754603285e+001
  1.992754971792e+002 -2.188166137671e+001 -2.437355118951e+001
  1.994330817925e+002 -2.183555993346e+001 -2.427737246131e+001
  1.995612523859e+002 -2.181204322488e+001 -2.419427545074e+001
  1.997121698939e+002 -2.178850652826e+001 -2.410160467937e+001
  1.998434419849e+002 -2.177125921529e+001 -2.401310526946e+001
  2.000127611601e+002 -2.174755224703e+001 -2.393533093214e+001
  2.001154957369e+002 -2.176187567829e+001 -2.385904062288e+001
  2.002105265448e+002 -2.182404766393e+001 -2.381130414178e+001
  2.003115630697e+002 -2.183388635126e+001 -2.375747486649e+001
  2.004414378628e+002 -2.200754062776e+001 -2.369181238387e+001
  2.005520795252e+002 -2.205344924825e+001 -2.361227005922e+001
  2.017489479614e+002 -2.122690519459e+001 -2.280458317025e+001
  2.022473817047e+002 -2.102217273094e+001 -2.250404710346e+001
  2.024182890619e+002 -2.108242308511e+001 -2.235915864428e+001
  2.026013585179e+002 -2.117023205009e+001 -2.221023409870e+001
  2.027621133319e+002 -2.126305255407e+001 -2.203641514572e+001
  2.029553109985e+002 -2.130648939567e+001 -2.191674093824e+001
  2.030881681262e+002 -2.121066741863e+001 -2.184209633838e+001
  2.031568731094e+002 -2.107670282105e+001 -2.175861180288e+001
  2.032115060849e+002 -2.091615095813e+001 -2.170049889490e+001
  2.033093022531e+002 -2.079893228594e+001 -2.162942893821e+001
  2.034420561470e+002 -2.073503282367e+001 -2.155783048189e+001
  2.035721033141e+002 -2.067577212179e+001 -2.148254111076e+001
  2.037311265950e+002 -2.069167036097e+001 -2.142551335476e+001
  2.038874207340e+002 -2.073422615818e+001 -2.138690577222e+001
  2.040831736163e+002 -2.084278931156e+001 -2.129296259900e+001
  2.043171458444e+002 -2.103110614689e+001 -2.116118475595e+001
  2.046034606102e+002 -2.112598196455e+001 -2.104403918086e+001
  2.048108952696e+002 -2.132179777064e+001 -2.088555018889e+001
  2.050698242938e+002 -2.148258952327e+001 -2.071137388309e+001
  2.053133060046e+002 -2.128687899140e+001 -2.054803218194e+001
  2.054212322989e+002 -2.112360155470e+001 -2.039642450823e+001
  2.058154491022e+002 -2.052749229324e+001 -2.000040087803e+001
  2.059919209657e+002 -2.000144218019e+001 -1.981927608411e+001
  2.058208668641e+002 -1.997708439110e+001 -1.986706908934e+001
  2.058725340724e+002 -1.988101320585e+001 -1.978900097590e+001
  2.059787575462e+002 -1.985382237499e+001 -1.967956402513e+001
  2.061098752104e+002 -1.981160275916e+001 -1.958422487241e+001
  2.062755631031e+002 -1.975900855488e+001 -1.943585253584e+001
  2.063857223203e+002 -1.970971410451e+001 -1.933576372580e+001
  2.065045384266e+002 -1.966964593513e+001 -1.923852499602e+001
  2.066209465840e+002 -1.963562226744e+001 -1.911381311784e+001
  2.067207007086e+002 -1.956849008102e+001 -1.900895955712e+001
  2.067947240139e+002 -1.960943762272e+001 -1.900432063012e+001
  2.067478572367e+002 -1.962306692933e+001 -1.888199913595e+001
  2.068934695372e+002 -1.964263514386e+001 -1.877244614092e+001
  2.070435834469e+002 -1.970762996883e+001 -1.869022562674e+001
  2.071853554148e+002 -1.973203015643e+001 -1.860379187678e+001
  2.073041335650e+002 -1.972013701252e+001 -1.849919210865e+001
  2.074349753484e+002 -1.972572544724e+001 -1.838803700303e+001
  2.075724844716e+002 -1.977821180298e+001 -1.826626020864e+001
  2.077124988486e+002 -1.981810853741e+001 -1.817097071213e+001
  2.078837240516e+002 -1.985846749346e+001 -1.808933267886e+001
  2.080388950134e+002 -1.996440684739e+001 -1.799579444171e+001
  2.081787880392e+002 -2.000022452814e+001 -1.790355110417e+001
  2.083046877853e+002 -2.005844905673e+001 -1.784786787945e+001
  2.084458007364e+002 -2.017681416889e+001 -1.779578207152e+001
  2.086719235377e+002 -2.030406742718e+001 -1.769759854693e+001
  2.088793013628e+002 -2.010179689055e+001 -1.753195998446e+001
  2.089695405788e+002 -1.972402157226e+001 -1.735572690367e+001
  2.091270411159e+002 -1.957208943054e+001 -1.718087662076e+001
  2.092190393586e+002 -1.950747853496e+001 -1.704288694937e+001
  2.093240258628e+002 -1.945858992458e+001 -1.694137267980e+001
  2.094392055374e+002 -1.943656990329e+001 -1.683743849480e+001
  2.095336998626e+002 -1.939780586276e+001 -1.674293169265e+001
  2.096382339051e+002 -1.934833652890e+001 -1.665019765297e+001
  2.097779554178e+002 -1.933771853549e+001 -1.658393593861e+001
  2.098336247545e+002 -1.938270500364e+001 -1.651865118871e+001
  2.099388075961e+002 -1.937922035050e+001 -1.648285772836e+001
  2.100950938672e+002 -1.939901543344e+001 -1.641799526725e+001
  2.103300376516e+002 -1.966600474289e+001 -1.626004359321e+001
  2.105776572575e+002 -1.977364453252e+001 -1.620186178630e+001
  2.106813096010e+002 -1.981714287427e+001 -1.612373410012e+001
  2.107964309755e+002 -1.992736740314e+001 -1.607682086092e+001
  2.109629083706e+002 -2.004431839329e+001 -1.613052605512e+001
  2.109524428141e+002 -2.016079952195e+001 -1.613133919080e+001
  2.113124980388e+002 -2.078827996017e+001 -1.609588398421e+001
  2.117311661509e+002 -2.159178646918e+001 -1.593470261156e+001
  2.121748411540e+002 -2.262839387534e+001 -1.547714689145e+001
  2.122034967745e+002 -2.232475293907e+001 -1.545025810789e+001
  2.121728270071e+002 -2.188376511599e+001 -1.544830825228e+001
  2.121736981197e+002 -2.156266342768e+001 -1.540396727512e+001
  2.121981754868e+002 -2.118531344690e+001 -1.542709690734e+001
  2.121611729018e+002 -2.077638275208e+001 -1.541194210568e+001
  2.120104646875e+002 -2.029040498027e+001 -1.550343401407e+001
  2.119600079200e+002 -1.964637480739e+001 -1.534188905689e+001
  2.119983243945e+002 -1.929304436899e+001 -1.514523630652e+001
  2.120992464651e+002 -1.882200237131e+001 -1.521796641650e+001
  2.121890328517e+002 -1.847997090504e+001 -1.517336302652e+001
  2.123238372019e+002 -1.820259614923e+001 -1.505818495807e+001
  2.125028153689e+002 -1.798900767229e+001 -1.495817031268e+001
  2.126714115036e+002 -1.783630810605e+001 -1.486591010237e+001
  2.127577743642e+002 -1.774063542294e+001 -1.467338248532e+001
  2.128075190611e+002 -1.769854396402e+001 -1.430633259541e+001
  2.129363088168e+002 -1.771011832397e+001 -1.407206230187e+001
  2.131178906124e+002 -1.776652267096e+001 -1.391732526473e+001
  2.132754802283e+002 -1.782264364470e+001 -1.373945476542e+001
  2.135015657928e+002 -1.793471956100e+001 -1.366399908520e+001
  2.137540637433e+002 -1.812819598547e+001 -1.367632894641e+001
  2.140113538034e+002 -1.836353942737e+001 -1.370290759797e+001
  2.142484124016e+002 -1.845544293469e+001 -1.361618804331e+001
  2.144070030455e+002 -1.846499380528e+001 -1.361865439114e+001
  2.145551180574e+002 -1.847322423843e+001 -1.352950301682e+001
  2.147219514585e+002 -1.859554281261e+001 -1.347111471682e+001
  2.149183536565e+002 -1.884846291076e+001 -1.344274725190e+001
  2.151301476519e+002 -1.923560019499e+001 -1.343337435630e+001
  2.152716267054e+002 -1.951966572167e+001 -1.339791469848e+001
  2.153884176040e+002 -1.988212951146e+001 -1.357883432344e+001
  2.155351407397e+002 -1.985879251502e+001 -1.343257773327e+001
  2.156475962283e+002 -1.967985917613e+001 -1.327545756268e+001
  2.158047588809e+002 -1.955252300442e+001 -1.310591051589e+001
  2.159323140425e+002 -1.951696103267e+001 -1.300252765033e+001
  2.160355701798e+002 -1.951989912642e+001 -1.287739185369e+001
  2.161679668789e+002 -1.948070816487e+001 -1.279552499269e+001
  2.162642741153e+002 -1.944601261858e+001 -1.273023852437e+001
  2.163481087307e+002 -1.943204670200e+001 -1.267216859668e+001
  2.164469636818e+002 -1.942765817177e+001 -1.259316685439e+001
  2.165075091147e+002 -1.943978232753e+001 -1.243016365127e+001
  2.166397635087e+002 -1.942641812142e+001 -1.230856973092e+001
  2.167907233252e+002 -1.944589454865e+001 -1.221539009797e+001
  2.169366331772e+002 -1.936815069843e+001 -1.216177813597e+001
  2.171100644363e+002 -1.934683860401e+001 -1.210100741294e+001
  2.172282325110e+002 -1.917588454596e+001 -1.197838296887e+001
  2.169565453674e+002 -1.916046116072e+001 -1.207616493879e+001
  2.158987150963e+002 -1.920003861213e+001 -1.254978485124e+001
  2.148912779119e+002 -1.905399332891e+001 -1.303580661044e+001
  2.145168553757e+002 -1.903353967853e+001 -1.315891910862e+001
  2.144643426250e+002 -1.902424753766e+001 -1.315343721110e+001
  2.143648227454e+002 -1.896891424802e+001 -1.309185285366e+001
  2.140591285891e+002 -1.886818807406e+001 -1.293141615174e+001
  2.135842086275e+002 -1.875190857620e+001 -1.252915889035e+001
  2.131285125885e+002 -1.862467223812e+001 -1.221089740690e+001
  2.129300471660e+002 -1.854767093411e+001 -1.201026357081e+001
  2.125562181052e+002 -1.843380439547e+001 -1.169238478205e+001
  2.121703479370e+002 -1.840404843929e+001 -1.153174597043e+001
  2.115992891479e+002 -1.836223690026e+001 -1.135376091449e+001
  2.112586435246e+002 -1.834845881168e+001 -1.122631700946e+001
  2.110495581258e+002 -1.836751824897e+001 -1.109777941451e+001
