  0.000000000000e+000
  0.000000000000e+000
  0.000000000000e+000
  0.000000000000e+000
  0.000000000000e+000
  0.000000000000e+000
  0.000000000000e+000
  0.000000000000e+000
  0.000000000000e+000
  7.680000305176e+001
  7.686277851686e+001
  7.676974592126e+001
  7.660882073822e+001
  7.653371560974e+001
  7.661353257997e+001
  7.674208342697e+001
  7.672064173811e+001
  7.674936026067e+001
  7.700802757446e+001
  7.705165131596e+001
  7.703897845573e+001
  7.711139880867e+001
  7.718395710316e+001
  7.772708150657e+001
  7.768317618662e+001
  7.780009439013e+001
  7.778205590231e+001
  7.787706453858e+001
  7.829060389166e+001
  7.813453801464e+001
  7.814218833780e+001
  7.830418064557e+001
  7.825418390870e+001
  7.845260239151e+001
  7.854227229665e+001
  7.872519842665e+001
  7.877788846004e+001
  7.883088357542e+001
  7.890098054619e+001
  7.881834961802e+001
  7.887940635524e+001
  7.870614030986e+001
  7.853845926945e+001
  7.852058461868e+001
  7.849652447438e+001
  7.870326766263e+001
  7.877244982309e+001
  7.891878339575e+001
  7.909002426570e+001
  8.026477003169e+001
  8.026082100092e+001
  8.014793232136e+001
  8.008807909519e+001
  8.078593802544e+001
  8.055368415127e+001
  8.031747944673e+001
  8.008537771341e+001
  8.023413222462e+001
  8.002708321495e+001
  8.013315023034e+001
  8.003631707817e+001
  8.014972915635e+001
  8.016964181517e+001
  8.081765712001e+001
  8.088578730146e+001
  8.100854315506e+001
  8.065177473224e+001
  8.008223075005e+001
  7.978624876263e+001
  8.044364862562e+001
  8.052018023012e+001
  8.071788453987e+001
  8.095688822568e+001
  8.088747288553e+001
  8.122445924130e+001
  8.208329283045e+001
  8.211580651171e+001
  8.214518156126e+001
  8.275413248883e+001
  8.268108484975e+001
  8.266140438035e+001
  8.323056980445e+001
  8.263702068399e+001
  8.348846353012e+001
  8.399736617242e+001
  8.286852476914e+001
  8.269090496558e+001
  8.245222522334e+001
  8.230988710960e+001
  8.198788760859e+001
  8.180614886657e+001
  8.145624125773e+001
  8.052561895544e+001
  8.003276536915e+001
  7.961052131305e+001
  7.938483203254e+001
  7.915960980981e+001
  7.921703689695e+001
  7.894736690315e+001
  7.864190373879e+001
  7.852342438932e+001
  7.887352268354e+001
  7.919877293152e+001
  7.947622685138e+001
  7.960781526574e+001
  7.947209085456e+001
  7.950015767130e+001
  7.969970961580e+001
  7.996530205116e+001
  8.136061573326e+001
  8.119350512687e+001
  8.130148712580e+001
  8.130410967907e+001
  8.137125452492e+001
  8.140288632608e+001
  8.121732686442e+001
  8.126223885583e+001
  8.159015514707e+001
  8.063444763923e+001
  8.063226884737e+001
  8.073330671600e+001
  8.085690828739e+001
  8.095185835686e+001
  8.104524796382e+001
  8.104629602923e+001
  8.093514781848e+001
  8.105343854308e+001
  8.113405099649e+001
  8.122455596421e+001
  8.112311423630e+001
  8.106812787489e+001
  8.107395174365e+001
  8.095126543637e+001
  8.098187799639e+001
  8.069246057028e+001
  8.042421821748e+001
  8.015488950190e+001
  8.021419113139e+001
  8.042395694784e+001
  8.064583845510e+001
  8.084157642220e+001
  8.093964559639e+001
  8.081480865066e+001
  7.980384479403e+001
  7.952279345931e+001
  7.931798618141e+001
  7.893741142212e+001
  7.873179368496e+001
  7.873483448860e+001
  7.857748056542e+001
  7.848980905180e+001
  7.826118341194e+001
  7.828211725200e+001
  7.816540758947e+001
  7.676116759799e+001
  7.655116477173e+001
  7.635187397127e+001
  7.616399628040e+001
  7.627208049599e+001
  7.638000000830e+001
  7.627425927328e+001
  7.622945416318e+001
  7.584402818410e+001
  7.597450986881e+001
  7.617995941984e+001
  7.616879196059e+001
  7.686101696288e+001
  7.729970508409e+001
  7.844746487173e+001
  7.927528117036e+001
  8.129680462497e+001
  8.126255363673e+001
  8.112258917249e+001
  8.114505194432e+001
  8.114759572828e+001
  8.115843449733e+001
  8.140682992052e+001
  8.148106312717e+001
  8.130151718084e+001
  8.130648844966e+001
  8.141803576629e+001
  8.160529396699e+001
  8.146251805963e+001
  8.121898977300e+001
  8.098646346334e+001
  8.111180191520e+001
  8.078172875831e+001
  8.074985688484e+001
  8.070177484954e+001
  8.055805607427e+001
  8.067546525365e+001
  8.094918405046e+001
  8.090772886613e+001
  8.100714651088e+001
  8.125508456596e+001
  8.153441241357e+001
  8.143273842512e+001
  8.184248932921e+001
  8.222469308543e+001
  8.256189514587e+001
  8.320281589312e+001
  8.391294426924e+001
  8.436311373155e+001
  8.447392397052e+001
  8.465439260325e+001
  8.412534454806e+001
  8.403197678815e+001
  8.411024448341e+001
  8.417209988234e+001
  8.424189563391e+001
  8.431395428373e+001
  8.438972427713e+001
  8.442341041544e+001
  8.448364322978e+001
  8.446538089701e+001
  8.440611567444e+001
  8.452153981454e+001
  8.439306545415e+001
  8.229342905046e+001
  8.253981612227e+001
  8.307958104433e+001
  8.299377279113e+001
  8.310491051973e+001
  8.283933256445e+001
  8.136798691980e+001
  8.121075714098e+001
  8.133415021968e+001
  8.132445102103e+001
  8.150790592268e+001
  8.158175775757e+001
  8.146960774330e+001
  8.129510498730e+001
  8.141593494020e+001
  8.152027742733e+001
  8.142044282314e+001
  8.203926593175e+001
  8.196461644714e+001
  8.219141814375e+001
  8.252723686482e+001
  8.277900015351e+001
  8.295044656946e+001
  8.295886314074e+001
  8.276874133715e+001
  8.274099633758e+001
  8.237354821722e+001
  8.215438955579e+001
  8.378864946212e+001
  8.360890017486e+001
  8.372472873125e+001
  8.367678105102e+001
  8.363860004217e+001
  8.358013855714e+001
  8.346294416920e+001
  8.350674795069e+001
  8.369281748533e+001
  8.377268049322e+001
  8.393931823713e+001
  8.393740232411e+001
  8.401384434319e+001
  8.418076077189e+001
  8.420748913225e+001
  8.434809160333e+001
  8.450424234844e+001
  8.448426590318e+001
  8.448741613911e+001
  8.463973245045e+001
  8.529169372139e+001
  8.573457513614e+001
  8.611105407277e+001
  8.650196400326e+001
  8.662167773451e+001
  8.692022284570e+001
  8.710563086550e+001
  8.714646548875e+001
  8.704513612725e+001
  8.680713445097e+001
  8.659633809200e+001
  8.642366832748e+001
  8.623847103356e+001
  8.609564053712e+001
  8.512465840795e+001
  8.454071293363e+001
  8.374276396231e+001
  8.308500046001e+001
  8.308999532897e+001
  8.312909119311e+001
  8.318919732572e+001
  8.319239326419e+001
  8.321143255964e+001
  8.324317176144e+001
  8.324369112327e+001
  8.316064208955e+001
  8.323519457390e+001
  8.312782754453e+001
  8.310875080710e+001
  8.312033689352e+001
  8.301526149647e+001
  8.296743386879e+001
  8.255079911455e+001
  8.244959234951e+001
  8.048746362553e+001
  8.033883859084e+001
  8.028687885183e+001
  8.055071077171e+001
  8.091942922461e+001
  8.131824012939e+001
  8.162999413376e+001
  8.136346761713e+001
  8.270704411251e+001
  8.265899500979e+001
  8.251029496619e+001
  8.250206523977e+001
  8.266790301169e+001
  8.319866848821e+001
  8.367015078682e+001
  8.370240952153e+001
  8.364083063997e+001
  8.322673274063e+001
  8.288788747250e+001
  8.365335308716e+001
  8.337279380551e+001
  8.337015778186e+001
  8.346610829567e+001
  8.340232442820e+001
  8.324766859469e+001
  8.327509272072e+001
  8.329198715180e+001
  8.337063485516e+001
  8.343366845380e+001
  8.345804582760e+001
  8.347561781087e+001
  8.356807678878e+001
  8.352603747768e+001
  8.354935995218e+001
  8.347746663174e+001
  8.345237861619e+001
  8.350576522122e+001
  8.357176429117e+001
  8.347822203642e+001
  8.340914035410e+001
  8.392453252313e+001
  8.427193257145e+001
  8.469093318426e+001
  8.542861160889e+001
  8.528903994626e+001
  8.543129972436e+001
  8.555795268907e+001
  8.548240968281e+001
  8.559746861205e+001
  8.578336329174e+001
  8.578165574903e+001
  8.608654588257e+001
  8.665584373857e+001
  8.699123848209e+001
  8.758230025314e+001
  8.800107228462e+001
  8.855562031397e+001
  8.883465998993e+001
  8.882965353066e+001
  8.858418805935e+001
  8.765040565215e+001
  8.701005101076e+001
  8.651572333849e+001
  8.566679758656e+001
  8.498679102214e+001
  8.428804299997e+001
  8.420648177088e+001
  8.417510416878e+001
  8.407261574296e+001
  8.401616301419e+001
  8.411541001675e+001
  8.403818253075e+001
  8.404039373079e+001
  8.409374946873e+001
  8.401276018663e+001
  8.411824218703e+001
  8.405786329197e+001
  8.409754379466e+001
  8.413869828492e+001
  8.429719044734e+001
  8.443091044951e+001
  8.445518965536e+001
  8.444154490959e+001
  8.443635660652e+001
  8.444687789220e+001
  8.451080529540e+001
  8.437522576943e+001
  8.454121002706e+001
  8.302271632211e+001
  8.337383009729e+001
  8.311857665032e+001
  8.308963124562e+001
  8.317809695338e+001
  8.300258150715e+001
  8.285668165863e+001
  8.279075082518e+001
  8.034825036017e+001
  8.028043669131e+001
  7.959295072582e+001
  7.790877926872e+001
  7.620262461070e+001
  7.529030861626e+001
  7.474393938433e+001
  7.673233922136e+001
  7.804566935225e+001
  7.881447126459e+001
  7.961824952161e+001
  8.003591597444e+001
  8.022969622692e+001
  8.022354446941e+001
  8.024771926000e+001
  8.043753517421e+001
  8.055871971294e+001
  8.060726268364e+001
  8.065451679006e+001
  8.096442083139e+001
  8.099577252001e+001
  8.109300679655e+001
  8.103423049298e+001
  8.127154688232e+001
  8.135528168529e+001
  8.144142948319e+001
  8.152648624194e+001
  8.144448090083e+001
  8.149289650791e+001
  8.151395757191e+001
  8.139468224250e+001
  8.133687133690e+001
  8.129918284468e+001
  8.125795537992e+001
  8.157965572722e+001
  8.404676584048e+001
  8.509898400485e+001
  8.580306369459e+001
  8.666095751694e+001
  8.744526983920e+001
  8.872247495412e+001
  8.956334035017e+001
  8.995689955431e+001
  8.973215623922e+001
  8.899917373555e+001
  8.866407117698e+001
  8.846850877927e+001
  8.922285417368e+001
  8.966298958017e+001
  9.051870919173e+001
  9.161214550249e+001
  9.300653347479e+001
  9.407932017416e+001
  9.667859829282e+001
  9.760425505580e+001
  9.793711758620e+001
  9.816788361427e+001
  9.842677597512e+001
  9.769778065154e+001
  9.700628170522e+001
  9.602759585879e+001
  9.802242319691e+001
  9.802418990918e+001
  9.803920999183e+001
  9.807791653421e+001
  9.806420623150e+001
  9.777664697346e+001
  9.753915457024e+001
  9.660012250408e+001
  9.644827960637e+001
  9.657710406287e+001
  9.629236290756e+001
  9.635664244170e+001
  9.631831029933e+001
  9.605141525100e+001
  9.609504523503e+001
  9.610088352164e+001
  9.583540766081e+001
  9.569142228938e+001
  9.572139087480e+001
  9.552964250377e+001
  9.570293954596e+001
  9.597444914336e+001
  9.608939854908e+001
  9.598660967032e+001
  9.610742888334e+001
  9.607340368709e+001
  9.606706883495e+001
  9.598258112469e+001
  9.594279513954e+001
  9.602235098421e+001
  9.599684700328e+001
  9.624800186662e+001
  9.646971121111e+001
  9.669756868830e+001
  9.803444973387e+001
  9.769010073025e+001
  9.805662159133e+001
  9.777683977729e+001
  9.845678904015e+001
  1.001701669583e+002
  9.711619401830e+001
  9.553571370285e+001
  9.581049783461e+001
  9.411552381572e+001
  9.300482148785e+001
  9.341617189593e+001
  9.488407156747e+001
  9.665733944221e+001
  1.005664043473e+002
  1.017860052612e+002
  1.008748857923e+002
  9.941371182163e+001
  9.687286029810e+001
  9.543195690549e+001
  9.300601270755e+001
  9.122990199611e+001
  8.993656827848e+001
  8.878441904100e+001
  8.772067962951e+001
  8.760188690645e+001
  8.699487385016e+001
  8.691871005926e+001
  8.693416074914e+001
  8.703358586896e+001
  8.705560887688e+001
  8.699920624453e+001
  8.693777034889e+001
  8.681427025728e+001
  8.664200347648e+001
  8.423927934489e+001
  8.407376966570e+001
  8.379287371059e+001
  8.402215851338e+001
  8.424630774499e+001
  8.457617340825e+001
  8.471188615021e+001
  8.465807503318e+001
  8.486846566115e+001
  8.500842976271e+001
  8.509225651019e+001
  8.536380109868e+001
  8.439059912929e+001
  8.452858132511e+001
  8.464129479677e+001
  8.457406866690e+001
  8.437080417938e+001
  8.409366772346e+001
  8.409845075777e+001
  8.416933714089e+001
  8.416496058968e+001
  8.423508578919e+001
  8.428030350359e+001
  8.426104772082e+001
  8.425719818254e+001
  8.434280816778e+001
  8.436979094369e+001
  8.428309980627e+001
  8.414355603805e+001
  8.409547571383e+001
  8.405743208075e+001
  8.407508634574e+001
  8.418467939889e+001
