  0.000000000000e+000  0.000000000000e+000  0.000000000000e+000
  0.000000000000e+000  0.000000000000e+000  0.000000000000e+000
  0.000000000000e+000  0.000000000000e+000  0.000000000000e+000
  0.000000000000e+000  0.000000000000e+000  0.000000000000e+000
  0.000000000000e+000  0.000000000000e+000  0.000000000000e+000
  0.000000000000e+000  0.000000000000e+000  0.000000000000e+000
  0.000000000000e+000  0.000000000000e+000  0.000000000000e+000
  0.000000000000e+000  0.000000000000e+000  0.000000000000e+000
  0.000000000000e+000  0.000000000000e+000  0.000000000000e+000
  1.492182039808e+002 -5.723649022881e+001 -5.120155650990e+001
  1.493385116341e+002 -5.700918861850e+001 -5.145324443455e+001
  1.494543629433e+002 -5.681896320756e+001 -5.166326332685e+001
  1.494703324722e+002 -5.660243222811e+001 -5.175290971032e+001
  1.496337142413e+002 -5.653941224691e+001 -5.170751850457e+001
  1.499807664873e+002 -5.665948372005e+001 -5.157342677769e+001
  1.502971310228e+002 -5.666762962661e+001 -5.143533062689e+001
  1.505335288707e+002 -5.672137980685e+001 -5.142445615027e+001
  1.507523962459e+002 -5.673211704250e+001 -5.153792985734e+001
  1.509496703545e+002 -5.669764902809e+001 -5.161056103654e+001
  1.511614920402e+002 -5.668384323577e+001 -5.165224184280e+001
  1.513241003783e+002 -5.662321771208e+001 -5.167093958381e+001
  1.514767165076e+002 -5.666179923149e+001 -5.152633316270e+001
  1.516659703790e+002 -5.667062142725e+001 -5.147573756694e+001
  1.519015371376e+002 -5.663496650512e+001 -5.143576086443e+001
  1.521034091497e+002 -5.658616313773e+001 -5.147011932985e+001
  1.522495008436e+002 -5.647640084399e+001 -5.150679510094e+001
  1.524522506462e+002 -5.650010649335e+001 -5.127159446002e+001
  1.526355321094e+002 -5.651915033776e+001 -5.106689462213e+001
  1.528586342368e+002 -5.651944434280e+001 -5.074046100603e+001
  1.528774595686e+002 -5.638979281680e+001 -5.069605180026e+001
  1.530674774066e+002 -5.640908467192e+001 -5.053627069231e+001
  1.531201167716e+002 -5.625273679692e+001 -5.050744274514e+001
  1.533294406649e+002 -5.635105009538e+001 -5.027254353684e+001
  1.533536112434e+002 -5.630954216666e+001 -5.023295438902e+001
  1.535516811200e+002 -5.646541857412e+001 -5.002284448106e+001
  1.536182747004e+002 -5.627623968968e+001 -4.998160037717e+001
  1.538087125415e+002 -5.641569747856e+001 -4.976994436784e+001
  1.538533198966e+002 -5.626017347362e+001 -4.973973323442e+001
  1.540067490967e+002 -5.633604712552e+001 -4.956394303401e+001
  1.541737984457e+002 -5.641170787530e+001 -4.937727258263e+001
  1.542366534243e+002 -5.626017137487e+001 -4.931447416381e+001
  1.544048918521e+002 -5.620688752514e+001 -4.920343917821e+001
  1.545902931998e+002 -5.615149196634e+001 -4.909153821319e+001
  1.547651270374e+002 -5.603014136581e+001 -4.899038079217e+001
  1.548360623675e+002 -5.588253717997e+001 -4.893334822156e+001
  1.547352391054e+002 -5.566388703644e+001 -4.903561352312e+001
  1.546925511372e+002 -5.541713779526e+001 -4.916641176834e+001
  1.546715832040e+002 -5.508700681560e+001 -4.935926463596e+001
  1.546526854192e+002 -5.469810652092e+001 -4.959099746325e+001
  1.546403000587e+002 -5.440740741152e+001 -4.978957653951e+001
  1.546735125887e+002 -5.404228791675e+001 -4.994643299502e+001
  1.547202321963e+002 -5.366307144402e+001 -5.007065592903e+001
  1.547566096521e+002 -5.326363921574e+001 -5.019249796925e+001
  1.547930752661e+002 -5.297837951434e+001 -5.023260514661e+001
  1.548499844202e+002 -5.272969003689e+001 -5.030381423130e+001
  1.549583333822e+002 -5.249004775771e+001 -5.035801292982e+001
  1.550783271645e+002 -5.227666943345e+001 -5.038286383723e+001
  1.551627721042e+002 -5.208001965528e+001 -5.041540203135e+001
  1.552596164829e+002 -5.194185492154e+001 -5.038317070074e+001
  1.553561395951e+002 -5.176288617002e+001 -5.033831392501e+001
  1.554373529586e+002 -5.155164959521e+001 -5.031589404695e+001
  1.555327957861e+002 -5.136546360261e+001 -5.024580909941e+001
  1.555583816702e+002 -5.118426850240e+001 -5.019768479926e+001
  1.556395103635e+002 -5.095121540201e+001 -5.015836106785e+001
  1.556943053218e+002 -5.078144921645e+001 -5.007704284552e+001
  1.557833399989e+002 -5.063828205218e+001 -4.991002657421e+001
  1.559556549630e+002 -5.061426320024e+001 -4.983013181131e+001
  1.561560593336e+002 -5.059846978457e+001 -4.972848141719e+001
  1.563413281400e+002 -5.057724578614e+001 -4.962694828604e+001
  1.564930238320e+002 -5.054066061771e+001 -4.933037541835e+001
  1.566005752654e+002 -5.055646889055e+001 -4.909796120457e+001
  1.567236209069e+002 -5.058600370531e+001 -4.890741324464e+001
  1.568397162332e+002 -5.065531920648e+001 -4.878139619147e+001
  1.569146836284e+002 -5.047777002441e+001 -4.875148326997e+001
  1.570503168991e+002 -5.051884492673e+001 -4.863312861022e+001
  1.572744228136e+002 -5.041558006533e+001 -4.840333792611e+001
  1.573302073381e+002 -5.030070365133e+001 -4.833813162939e+001
  1.573935172229e+002 -5.016287488140e+001 -4.827700349143e+001
  1.575721141088e+002 -5.025007345851e+001 -4.803366432438e+001
  1.576667176520e+002 -5.013284740409e+001 -4.794670003160e+001
  1.577377036569e+002 -5.000901666265e+001 -4.786837508345e+001
  1.579233663069e+002 -5.002089315535e+001 -4.767659366922e+001
  1.579368451711e+002 -4.995387994538e+001 -4.792187984304e+001
  1.582329470332e+002 -4.999625293429e+001 -4.764482254533e+001
  1.585166936934e+002 -4.995726915062e+001 -4.737198624822e+001
  1.588862840284e+002 -4.979730529989e+001 -4.711378482349e+001
  1.589601001135e+002 -4.966076460839e+001 -4.722657162813e+001
  1.590321643829e+002 -4.954922991633e+001 -4.732976473214e+001
  1.591557895254e+002 -4.940722055660e+001 -4.743114250346e+001
  1.591973495202e+002 -4.919703380345e+001 -4.750258797561e+001
  1.591965244261e+002 -4.896015887888e+001 -4.762008460044e+001
  1.591634003509e+002 -4.870838865918e+001 -4.771778706489e+001
  1.591737223956e+002 -4.838210297926e+001 -4.787860828964e+001
  1.591659133336e+002 -4.814324769847e+001 -4.795318922084e+001
  1.591803761499e+002 -4.788559995838e+001 -4.798074935074e+001
  1.592483437196e+002 -4.769358582908e+001 -4.800240994120e+001
  1.592967067055e+002 -4.749971698942e+001 -4.804774992950e+001
  1.593997188794e+002 -4.729761871967e+001 -4.803669868378e+001
  1.594488887433e+002 -4.708156650508e+001 -4.804820673619e+001
  1.595365188771e+002 -4.692552734550e+001 -4.805539024048e+001
  1.596136849372e+002 -4.682093716991e+001 -4.800300942204e+001
  1.597537739414e+002 -4.669952754673e+001 -4.787759815746e+001
  1.598904294486e+002 -4.657859393313e+001 -4.775280659391e+001
  1.599549035668e+002 -4.647345645797e+001 -4.768222687865e+001
  1.600008005856e+002 -4.631493242417e+001 -4.762816158953e+001
  1.600951758535e+002 -4.618360721769e+001 -4.755773554096e+001
  1.601689044005e+002 -4.606578871848e+001 -4.754252697529e+001
  1.602490444912e+002 -4.592999547776e+001 -4.748494545225e+001
  1.603558849834e+002 -4.577564410053e+001 -4.738316593364e+001
  1.605075413576e+002 -4.549228321236e+001 -4.733742102652e+001
  1.606563505566e+002 -4.535495171003e+001 -4.725468300092e+001
  1.605834300084e+002 -4.527187939835e+001 -4.733725852686e+001
  1.604481157101e+002 -4.520742165168e+001 -4.739998242951e+001
  1.609888185558e+002 -4.476813050409e+001 -4.671062077161e+001
  1.616151694472e+002 -4.431441944869e+001 -4.592905828504e+001
  1.623496545522e+002 -4.379703872935e+001 -4.515943245650e+001
  1.628962707487e+002 -4.346958366496e+001 -4.446515207695e+001
  1.633175386908e+002 -4.323190211646e+001 -4.393063550822e+001
  1.629850726017e+002 -4.330763993778e+001 -4.452336755700e+001
  1.630683070157e+002 -4.320306531229e+001 -4.442566461137e+001
  1.631608971197e+002 -4.311365704048e+001 -4.433999322259e+001
  1.632578587776e+002 -4.300099104481e+001 -4.425332775905e+001
  1.633455764446e+002 -4.287315371074e+001 -4.417079536145e+001
  1.634335873964e+002 -4.278503373156e+001 -4.408705257664e+001
  1.635159171868e+002 -4.268466529986e+001 -4.398020018847e+001
  1.636159531109e+002 -4.255599110458e+001 -4.388106281769e+001
  1.637363451025e+002 -4.244522281858e+001 -4.377479060076e+001
  1.638387929363e+002 -4.236099021112e+001 -4.367849094083e+001
  1.639295247199e+002 -4.228221636942e+001 -4.359344057314e+001
  1.640251993718e+002 -4.215924843849e+001 -4.350074811923e+001
  1.641299683061e+002 -4.205852543565e+001 -4.340905770255e+001
  1.642328498788e+002 -4.194406850450e+001 -4.332386790223e+001
  1.643105798536e+002 -4.185168650891e+001 -4.322306903952e+001
  1.644102521047e+002 -4.174436037832e+001 -4.311130331018e+001
  1.643348659366e+002 -4.143609554057e+001 -4.374580514974e+001
  1.643771422180e+002 -4.113378783802e+001 -4.416483678842e+001
  1.644048969626e+002 -4.097675388100e+001 -4.420530252741e+001
  1.644816518458e+002 -4.085217061953e+001 -4.411796924249e+001
  1.647705883744e+002 -4.054501126246e+001 -4.421364188616e+001
  1.649058683156e+002 -4.026497155092e+001 -4.423153073187e+001
  1.650186500056e+002 -4.002689670418e+001 -4.427411127415e+001
  1.652126640702e+002 -3.980954238814e+001 -4.427329627974e+001
  1.653518146992e+002 -3.961632120529e+001 -4.423094340180e+001
  1.655531814776e+002 -3.945203998938e+001 -4.419751586049e+001
  1.656749558660e+002 -3.931212829929e+001 -4.413165301693e+001
  1.657889932823e+002 -3.919405034727e+001 -4.407624612147e+001
  1.659125979468e+002 -3.907360205130e+001 -4.400018230285e+001
  1.660109929720e+002 -3.894820461858e+001 -4.394089716113e+001
  1.661010917417e+002 -3.886648329023e+001 -4.387555105179e+001
  1.661801234792e+002 -3.878701861192e+001 -4.377742700214e+001
  1.662797290913e+002 -3.869315543970e+001 -4.365066769972e+001
  1.663713927724e+002 -3.858234564168e+001 -4.357556079626e+001
  1.665719712795e+002 -3.850782767106e+001 -4.343860245953e+001
  1.666905542032e+002 -3.846011721505e+001 -4.336856689936e+001
  1.666318889696e+002 -3.848762961784e+001 -4.341695736604e+001
  1.667045268471e+002 -3.838447300412e+001 -4.342093171505e+001
  1.667459604340e+002 -3.827315425213e+001 -4.348608913729e+001
  1.668407766918e+002 -3.816377513856e+001 -4.351082001382e+001
  1.669263024672e+002 -3.809027267975e+001 -4.355983694750e+001
  1.670138152586e+002 -3.802109733685e+001 -4.351884540539e+001
  1.670686862862e+002 -3.796458949324e+001 -4.352340554014e+001
  1.671227715822e+002 -3.789168922682e+001 -4.350231720328e+001
  1.670121571304e+002 -3.799508599877e+001 -4.371911363410e+001
  1.670511865437e+002 -3.793443462077e+001 -4.370500637535e+001
  1.672312869416e+002 -3.786498471510e+001 -4.360502817801e+001
  1.673491447960e+002 -3.779966645697e+001 -4.357772893324e+001
  1.676726089176e+002 -3.770731929302e+001 -4.339157969992e+001
  1.678888041583e+002 -3.762801082301e+001 -4.324303454570e+001
  1.683367975199e+002 -3.748830025835e+001 -4.284706614929e+001
  1.687071675981e+002 -3.738656588832e+001 -4.261509182316e+001
  1.694575551792e+002 -3.706658942695e+001 -4.187622066023e+001
  1.695774900276e+002 -3.698320647281e+001 -4.178761505853e+001
  1.696850509976e+002 -3.685677668394e+001 -4.167603485768e+001
  1.698158084134e+002 -3.675347609508e+001 -4.157905977942e+001
  1.699000817643e+002 -3.667008998207e+001 -4.149222082541e+001
  1.700137251605e+002 -3.658109464728e+001 -4.139542919028e+001
  1.701158318472e+002 -3.649868803064e+001 -4.130056301973e+001
  1.702064728449e+002 -3.639304045407e+001 -4.118646440960e+001
  1.703105958238e+002 -3.629739825117e+001 -4.109106742123e+001
  1.705564245316e+002 -3.619739110257e+001 -4.107820338118e+001
  1.706289334940e+002 -3.596023499408e+001 -4.110549240409e+001
  1.706800171985e+002 -3.571369585135e+001 -4.115926748242e+001
  1.707494867620e+002 -3.554141031334e+001 -4.112681795050e+001
  1.708701346820e+002 -3.537215881062e+001 -4.110625524042e+001
  1.709894793596e+002 -3.522125044696e+001 -4.103893450181e+001
  1.711780341967e+002 -3.503226578073e+001 -4.090023501459e+001
  1.711927596053e+002 -3.496931289692e+001 -4.085584946691e+001
  1.711749894648e+002 -3.490673983558e+001 -4.082187682896e+001
  1.712170968865e+002 -3.482387509527e+001 -4.076199747822e+001
  1.712690075616e+002 -3.477179146382e+001 -4.067557162712e+001
  1.713367588961e+002 -3.471752778927e+001 -4.058778485921e+001
  1.714423701494e+002 -3.471531890861e+001 -4.046398064897e+001
  1.715458756937e+002 -3.464258628848e+001 -4.035998768958e+001
  1.716629958821e+002 -3.453639965176e+001 -4.028553868174e+001
  1.717567002650e+002 -3.440497623814e+001 -4.025441735334e+001
  1.718546655850e+002 -3.427458916313e+001 -4.017923146672e+001
  1.720179997714e+002 -3.423541804189e+001 -4.009552454330e+001
  1.721750407389e+002 -3.411075941397e+001 -4.000944366224e+001
  1.723359434147e+002 -3.399217244682e+001 -3.995848580713e+001
  1.725002285781e+002 -3.386609563691e+001 -3.985573623496e+001
  1.726355530615e+002 -3.375396038773e+001 -3.987535711951e+001
  1.726280149707e+002 -3.367976525683e+001 -4.001171873286e+001
  1.726559522677e+002 -3.359493999001e+001 -4.005201788209e+001
  1.726215871962e+002 -3.356985516458e+001 -4.009674286532e+001
  1.728683282279e+002 -3.338402329553e+001 -3.991409101761e+001
  1.728477275572e+002 -3.334884375022e+001 -3.995275649209e+001
  1.729436962714e+002 -3.323935877184e+001 -3.986834667032e+001
  1.730480360304e+002 -3.314274642247e+001 -3.976877580051e+001
  1.731461867356e+002 -3.303982973980e+001 -3.967329857200e+001
  1.732634699571e+002 -3.294462741802e+001 -3.957350413555e+001
  1.733894722008e+002 -3.284403612214e+001 -3.947111504125e+001
  1.734669939481e+002 -3.276306312915e+001 -3.938223808192e+001
  1.735685708013e+002 -3.265950593809e+001 -3.927647731755e+001
  1.736639646032e+002 -3.255752524434e+001 -3.919727671340e+001
  1.737739618840e+002 -3.247252420363e+001 -3.909406156780e+001
  1.738989285573e+002 -3.235935452356e+001 -3.898512597277e+001
  1.740193026670e+002 -3.226676333408e+001 -3.891006713055e+001
  1.741321482907e+002 -3.218180417244e+001 -3.883125945758e+001
  1.737320534467e+002 -3.190900265314e+001 -3.887884699709e+001
  1.738614932318e+002 -3.182660991822e+001 -3.903873836054e+001
  1.741656961088e+002 -3.185269536336e+001 -3.907190978514e+001
  1.743025729481e+002 -3.181177825923e+001 -3.903368963447e+001
  1.744570691943e+002 -3.174688372259e+001 -3.899623171619e+001
  1.745817405738e+002 -3.164996392816e+001 -3.893732582716e+001
  1.749769976462e+002 -3.136806805520e+001 -3.864673463912e+001
  1.751485200302e+002 -3.128670363330e+001 -3.856423999863e+001
  1.753061567722e+002 -3.116243787287e+001 -3.848645235426e+001
  1.754722269030e+002 -3.101620508870e+001 -3.842487618738e+001
  1.756667412974e+002 -3.087234430550e+001 -3.835619722683e+001
  1.758161177535e+002 -3.074651932333e+001 -3.831167914787e+001
  1.759495483946e+002 -3.060772211648e+001 -3.828575718317e+001
  1.760703701981e+002 -3.049300312775e+001 -3.822043792819e+001
  1.761680350131e+002 -3.041345416525e+001 -3.812828593187e+001
  1.762650428049e+002 -3.033944427419e+001 -3.806420355721e+001
  1.763505906757e+002 -3.024421256878e+001 -3.798971883305e+001
  1.764880748223e+002 -3.007024123445e+001 -3.791744628215e+001
  1.766342735895e+002 -3.000316659110e+001 -3.783511024568e+001
  1.767955734073e+002 -2.995999146875e+001 -3.778063355394e+001
  1.769642487717e+002 -2.990324641072e+001 -3.776532258408e+001
  1.771237783674e+002 -2.985312658461e+001 -3.772902598430e+001
  1.772313405263e+002 -2.981532591389e+001 -3.775769716727e+001
  1.772928209419e+002 -2.973531031552e+001 -3.772492587123e+001
  1.773136874555e+002 -2.965625418356e+001 -3.770635891292e+001
  1.773380877124e+002 -2.964924255208e+001 -3.774320885967e+001
  1.773014957755e+002 -2.959298985609e+001 -3.774836171855e+001
  1.773755720302e+002 -2.961637251436e+001 -3.764629273919e+001
  1.776468071932e+002 -2.945962394237e+001 -3.749078651756e+001
  1.777217428955e+002 -2.945417565695e+001 -3.738593103489e+001
  1.778284104114e+002 -2.935043595261e+001 -3.727761515145e+001
  1.779357329352e+002 -2.926829496575e+001 -3.718266178123e+001
  1.780361787292e+002 -2.918283109875e+001 -3.707416143117e+001
  1.781430925177e+002 -2.908360076746e+001 -3.697965475315e+001
  1.782558470234e+002 -2.899188643440e+001 -3.687275802193e+001
  1.783627164782e+002 -2.889478308106e+001 -3.678599131098e+001
  1.784490183793e+002 -2.882362169821e+001 -3.668118299328e+001
  1.785452123830e+002 -2.873278820208e+001 -3.658839676752e+001
  1.786582683927e+002 -2.865897213833e+001 -3.649620359903e+001
  1.787326048004e+002 -2.857194741519e+001 -3.641192215692e+001
  1.788320014194e+002 -2.847222975234e+001 -3.631703914889e+001
  1.789338818046e+002 -2.838393456403e+001 -3.620826257220e+001
  1.790371770172e+002 -2.832445056680e+001 -3.610934417890e+001
  1.791356950727e+002 -2.825061956228e+001 -3.601759980362e+001
  1.792523658284e+002 -2.816508968341e+001 -3.593025543523e+001
  1.793582933679e+002 -2.806880837794e+001 -3.583199564683e+001
  1.794586808132e+002 -2.798947007971e+001 -3.572749263646e+001
  1.798197849957e+002 -2.788483307584e+001 -3.571088950927e+001
  1.800323754790e+002 -2.760204059600e+001 -3.568226570878e+001
  1.802197239262e+002 -2.744971505340e+001 -3.562687247820e+001
  1.803940631566e+002 -2.735192979069e+001 -3.555471878346e+001
  1.805328544659e+002 -2.727370742534e+001 -3.545580134533e+001
  1.805912988228e+002 -2.725776499479e+001 -3.545385745755e+001
  1.807303564901e+002 -2.714260540324e+001 -3.538744002787e+001
  1.808005492390e+002 -2.713854996546e+001 -3.532800203669e+001
  1.808744110837e+002 -2.713430781704e+001 -3.526633172372e+001
  1.809151121890e+002 -2.709421477682e+001 -3.522310125819e+001
  1.809403606713e+002 -2.701928556686e+001 -3.516701062221e+001
  1.809779138887e+002 -2.691046712942e+001 -3.512441452613e+001
  1.810532441122e+002 -2.679813275521e+001 -3.506980454854e+001
  1.811643072505e+002 -2.670917249461e+001 -3.501948031704e+001
  1.812990565054e+002 -2.667386085347e+001 -3.499119907349e+001
  1.811394613029e+002 -2.679882379846e+001 -3.504606625663e+001
  1.812778585386e+002 -2.680390523587e+001 -3.492444482411e+001
  1.814091758854e+002 -2.685228755010e+001 -3.485723113665e+001
  1.815340320444e+002 -2.689465879905e+001 -3.477052365260e+001
  1.816495137768e+002 -2.680385331058e+001 -3.467398517436e+001
  1.817535375646e+002 -2.671234393038e+001 -3.455799895876e+001
  1.818704515126e+002 -2.663101813425e+001 -3.445150357191e+001
  1.819751253990e+002 -2.653966847796e+001 -3.436559077591e+001
  1.820835605091e+002 -2.646887530982e+001 -3.427550433927e+001
  1.821800008531e+002 -2.635597021969e+001 -3.418075620350e+001
  1.823010168963e+002 -2.626376679253e+001 -3.408986549000e+001
  1.824191117989e+002 -2.617294966653e+001 -3.398856061025e+001
  1.825313355328e+002 -2.608258389553e+001 -3.390381709463e+001
  1.826321968202e+002 -2.598578130691e+001 -3.380110565280e+001
  1.827204351794e+002 -2.588601816964e+001 -3.369568536644e+001
  1.828273883570e+002 -2.577964480059e+001 -3.358121580078e+001
  1.829338743786e+002 -2.570812070779e+001 -3.348227642589e+001
  1.830235816586e+002 -2.562962842260e+001 -3.339184699025e+001
  1.833156090098e+002 -2.571106607481e+001 -3.335775231478e+001
  1.835320348903e+002 -2.566148300492e+001 -3.331318521663e+001
  1.836963340841e+002 -2.559421337484e+001 -3.333461244114e+001
  1.838990514897e+002 -2.556890370264e+001 -3.326910193266e+001
  1.841059492818e+002 -2.552036535325e+001 -3.316244280887e+001
  1.843202628617e+002 -2.548333927365e+001 -3.307294911709e+001
  1.845153562768e+002 -2.545515905744e+001 -3.299260696333e+001
  1.846280751932e+002 -2.544570110383e+001 -3.292888512943e+001
  1.847443676473e+002 -2.538141522693e+001 -3.286347146752e+001
  1.848893416376e+002 -2.530281278106e+001 -3.273213495728e+001
  1.849216735224e+002 -2.529569442460e+001 -3.259527122736e+001
  1.850377231868e+002 -2.519415483102e+001 -3.252045254622e+001
  1.851153323049e+002 -2.511003737974e+001 -3.241809538492e+001
  1.851779294357e+002 -2.499055902366e+001 -3.228850364749e+001
  1.852591000269e+002 -2.479689912298e+001 -3.217610115692e+001
  1.853747573044e+002 -2.456899445563e+001 -3.209360868825e+001
  1.855534117250e+002 -2.443599752262e+001 -3.206945573672e+001
  1.857555736695e+002 -2.444556278503e+001 -3.205625917160e+001
  1.859003160891e+002 -2.454615136220e+001 -3.200751076807e+001
  1.860872685632e+002 -2.468851209470e+001 -3.197963168510e+001
  1.862242744453e+002 -2.475695740738e+001 -3.195140992458e+001
  1.863892715677e+002 -2.478287448536e+001 -3.194379543655e+001
  1.865707008086e+002 -2.481920675298e+001 -3.184657868452e+001
  1.866763710318e+002 -2.474576970724e+001 -3.173257788322e+001
  1.867911287406e+002 -2.465277997885e+001 -3.162504609943e+001
  1.869084843175e+002 -2.458943506816e+001 -3.153360726685e+001
  1.870260504503e+002 -2.450516663591e+001 -3.144922432782e+001
  1.871485038020e+002 -2.443342701737e+001 -3.134153015787e+001
  1.872682973560e+002 -2.438596091416e+001 -3.125105475879e+001
  1.873643107691e+002 -2.432640422200e+001 -3.116599159304e+001
  1.874755065382e+002 -2.425807483054e+001 -3.107110986274e+001
  1.875896116011e+002 -2.420057692881e+001 -3.097843260017e+001
  1.877156840428e+002 -2.413781197412e+001 -3.087303388987e+001
  1.878415895939e+002 -2.407117940874e+001 -3.076383803926e+001
  1.879653817302e+002 -2.400325796278e+001 -3.064059747750e+001
  1.880909875182e+002 -2.395212200654e+001 -3.054027911842e+001
  1.882081290170e+002 -2.389237629826e+001 -3.045478746317e+001
  1.883215520306e+002 -2.383322061574e+001 -3.035376941468e+001
  1.884465252142e+002 -2.374386684185e+001 -3.025138492873e+001
  1.885566141271e+002 -2.367261293245e+001 -3.014932058033e+001
  1.886800835608e+002 -2.360068332727e+001 -3.004899678490e+001
  1.888026490621e+002 -2.353873848092e+001 -2.994661769274e+001
  1.891516250523e+002 -2.350742484001e+001 -2.995114034762e+001
  1.895203213006e+002 -2.353242045429e+001 -2.996473814500e+001
  1.898311616838e+002 -2.351052811254e+001 -2.994624194129e+001
  1.901207373816e+002 -2.345340628544e+001 -2.990421833124e+001
  1.903514808170e+002 -2.351211050694e+001 -2.993011959303e+001
  1.905019417243e+002 -2.361374743981e+001 -2.995192107118e+001
  1.905703519802e+002 -2.372013796467e+001 -2.999207482319e+001
  1.906454859051e+002 -2.374899471719e+001 -2.999009226257e+001
  1.907104602623e+002 -2.365923296768e+001 -2.987398027586e+001
  1.907810822754e+002 -2.360578952582e+001 -2.981384590334e+001
  1.907213414974e+002 -2.359934794795e+001 -2.987013382913e+001
  1.908555954775e+002 -2.348856772855e+001 -2.975879600719e+001
  1.909899157262e+002 -2.336634570857e+001 -2.964912398542e+001
  1.911206786403e+002 -2.325228753034e+001 -2.954212470182e+001
  1.912524243468e+002 -2.310475031367e+001 -2.939544212988e+001
  1.914080739840e+002 -2.288513248106e+001 -2.926032463443e+001
  1.915550819317e+002 -2.264644732584e+001 -2.911949062286e+001
  1.916665438332e+002 -2.243479994165e+001 -2.902392597892e+001
  1.918070370611e+002 -2.233855679548e+001 -2.893498208440e+001
  1.919381390848e+002 -2.240096097570e+001 -2.890403996014e+001
  1.920756346974e+002 -2.250269539623e+001 -2.887001500890e+001
  1.921981384853e+002 -2.258245477519e+001 -2.878230209639e+001
  1.923169240377e+002 -2.265177417968e+001 -2.867369512602e+001
  1.924144529801e+002 -2.274059405335e+001 -2.867288587930e+001
  1.925392834978e+002 -2.282282076222e+001 -2.860684249779e+001
  1.926463856297e+002 -2.284908941584e+001 -2.854180363079e+001
  1.927675749252e+002 -2.281200944473e+001 -2.844642457179e+001
  1.929151836796e+002 -2.276404401217e+001 -2.835160995665e+001
  1.930278174226e+002 -2.274051389037e+001 -2.823536430229e+001
  1.931818661497e+002 -2.269103345710e+001 -2.815329661163e+001
  1.933391787125e+002 -2.264906804696e+001 -2.806741006375e+001
  1.934690183542e+002 -2.259816800182e+001 -2.796879262942e+001
  1.936263249793e+002 -2.256203978492e+001 -2.786422380734e+001
  1.937767014303e+002 -2.252348911093e+001 -2.772915890381e+001
  1.939278724590e+002 -2.248617023773e+001 -2.761024338220e+001
  1.940450063869e+002 -2.246123809495e+001 -2.747367588176e+001
  1.941662581639e+002 -2.242795980713e+001 -2.736841879475e+001
  1.942772101737e+002 -2.236386464548e+001 -2.729346170517e+001
  1.943950648761e+002 -2.231415553867e+001 -2.721450222402e+001
  1.945111404189e+002 -2.228660770170e+001 -2.711517763414e+001
  1.946363271325e+002 -2.223080532181e+001 -2.701436389478e+001
  1.947382771410e+002 -2.218060153387e+001 -2.692622248152e+001
  1.948635183652e+002 -2.213189083139e+001 -2.683426251774e+001
  1.949743187620e+002 -2.206866702875e+001 -2.672416134764e+001
  1.950963920759e+002 -2.204012658592e+001 -2.662192900750e+001
  1.952460527297e+002 -2.199494215372e+001 -2.653655837853e+001
  1.953573185668e+002 -2.194847126967e+001 -2.643122144226e+001
  1.954733766268e+002 -2.191319152753e+001 -2.633885068177e+001
  1.956604917426e+002 -2.214066538576e+001 -2.634195623427e+001
  1.959522491584e+002 -2.237018446825e+001 -2.631230301515e+001
  1.961976405871e+002 -2.236377461475e+001 -2.625239862023e+001
  1.964080426236e+002 -2.231151096367e+001 -2.614856315878e+001
  1.966324138758e+002 -2.222942973357e+001 -2.602287043905e+001
  1.967959414640e+002 -2.216962753126e+001 -2.591094523903e+001
  1.969276145005e+002 -2.213269318463e+001 -2.579347805047e+001
  1.970542878247e+002 -2.206117673705e+001 -2.571157263387e+001
  1.971311193370e+002 -2.206612870789e+001 -2.566424411753e+001
  1.971852291548e+002 -2.211689964727e+001 -2.568043535010e+001
  1.972199394272e+002 -2.213724175026e+001 -2.568897355271e+001
  1.972130604904e+002 -2.216910528922e+001 -2.571549203116e+001
  1.972063953481e+002 -2.213188436694e+001 -2.568631170053e+001
  1.972551868837e+002 -2.201869586590e+001 -2.564446412976e+001
  1.976052799446e+002 -2.173650789124e+001 -2.544517531614e+001
  1.977497282564e+002 -2.133396883529e+001 -2.530745035542e+001
  1.977900729192e+002 -2.121185626899e+001 -2.520674162055e+001
  1.979849464288e+002 -2.126042211129e+001 -2.508321433615e+001
  1.981890410252e+002 -2.135579371419e+001 -2.501450978273e+001
  1.983185871676e+002 -2.139649467406e+001 -2.502367031125e+001
  1.984438050573e+002 -2.138864441332e+001 -2.492963151185e+001
  1.985996756521e+002 -2.133574629917e+001 -2.483724165141e+001
  1.987418241483e+002 -2.131175109635e+001 -2.473905816218e+001
  1.988716264430e+002 -2.130560226816e+001 -2.467632248793e+001
  1.990093108529e+002 -2.131119114242e+001 -2.459754275227e+001
  1.991772164348e+002 -2.129869049663e+001 -2.448438745026e+001
  1.993051095467e+002 -2.130187717394e+001 -2.438702805133e+001
  1.994346486675e+002 -2.126956584067e+001 -2.429150775892e+001
  1.995615873387e+002 -2.126664126128e+001 -2.417462092550e+001
  1.996740743985e+002 -2.127006072846e+001 -2.408996684630e+001
  1.998004242382e+002 -2.125163422107e+001 -2.397808418875e+001
  1.999677846979e+002 -2.123013690461e+001 -2.389409234724e+001
  2.001044187530e+002 -2.121050442395e+001 -2.378745381943e+001
  2.002543657647e+002 -2.121469188067e+001 -2.369160292579e+001
  2.004006970828e+002 -2.118669533568e+001 -2.357966659952e+001
  2.005191255315e+002 -2.117180688732e+001 -2.349955977506e+001
  2.006622183355e+002 -2.114851877736e+001 -2.338819775737e+001
  2.007981894796e+002 -2.115464990839e+001 -2.327973383550e+001
  2.009501934517e+002 -2.112661605069e+001 -2.318528528381e+001
  2.010720737421e+002 -2.111485737191e+001 -2.308940233022e+001
  2.012241858965e+002 -2.112808566116e+001 -2.299062795251e+001
  2.013926689789e+002 -2.109542391964e+001 -2.290173501760e+001
  2.016229767331e+002 -2.121565511604e+001 -2.286261494831e+001
  2.017583546292e+002 -2.115020299901e+001 -2.280726282503e+001
  2.020016670005e+002 -2.115613723084e+001 -2.277861440613e+001
  2.022591699729e+002 -2.124386723475e+001 -2.273773844013e+001
  2.025013127974e+002 -2.128206581358e+001 -2.271615251319e+001
  2.026993090532e+002 -2.133252098987e+001 -2.263081614144e+001
  2.026748118098e+002 -2.145631628829e+001 -2.263001706458e+001
  2.027597911026e+002 -2.147944062826e+001 -2.258231360952e+001
  2.028326193193e+002 -2.140822765043e+001 -2.249159271280e+001
  2.029717531606e+002 -2.122123977918e+001 -2.234889309884e+001
  2.031534558382e+002 -2.099367299707e+001 -2.219578176297e+001
  2.033391681181e+002 -2.083779393661e+001 -2.205439237636e+001
  2.034644173476e+002 -2.075641103067e+001 -2.191367962910e+001
  2.036383721618e+002 -2.072090368789e+001 -2.181910841571e+001
  2.037204742955e+002 -2.074885415610e+001 -2.177798785751e+001
  2.038310458099e+002 -2.082742809704e+001 -2.176323014986e+001
  2.039143526540e+002 -2.099776193815e+001 -2.173237234244e+001
  2.039563568322e+002 -2.123910247904e+001 -2.169096561630e+001
  2.040790567704e+002 -2.143410418705e+001 -2.164800438363e+001
  2.040762016216e+002 -2.159619560249e+001 -2.179120647942e+001
  2.042860814698e+002 -2.174029664905e+001 -2.170435162138e+001
  2.044784203483e+002 -2.168388785354e+001 -2.156415992402e+001
  2.046450944651e+002 -2.157755168397e+001 -2.144921626965e+001
  2.047002109932e+002 -2.143276228817e+001 -2.132019839366e+001
  2.045227833826e+002 -2.127440873562e+001 -2.126697882104e+001
  2.044675030033e+002 -2.118322773719e+001 -2.118922972249e+001
  2.044695784307e+002 -2.114293374773e+001 -2.105516685088e+001
  2.047392474100e+002 -2.112818796689e+001 -2.087782393859e+001
  2.048777372831e+002 -2.112177759128e+001 -2.078491632550e+001
  2.050303929800e+002 -2.109636567997e+001 -2.066195068291e+001
  2.051404474496e+002 -2.106784753029e+001 -2.056536514765e+001
  2.052764825646e+002 -2.105307089066e+001 -2.047055446741e+001
  2.053674678090e+002 -2.106063633828e+001 -2.039277915249e+001
  2.054443717617e+002 -2.104391453851e+001 -2.035236809418e+001
  2.052390913301e+002 -2.128257054792e+001 -2.045744981727e+001
  2.053672159682e+002 -2.128562013598e+001 -2.037201316336e+001
  2.054633067789e+002 -2.129596311509e+001 -2.027116055500e+001
  2.055971409444e+002 -2.133393190762e+001 -2.019441428560e+001
  2.057037668503e+002 -2.133685877006e+001 -2.012960455286e+001
  2.058348171272e+002 -2.132156534353e+001 -2.004901738760e+001
  2.059232754125e+002 -2.132825940540e+001 -2.001604739539e+001
  2.060485777092e+002 -2.133297226412e+001 -1.992297667158e+001
  2.061506786592e+002 -2.133963081471e+001 -1.983290562463e+001
  2.063100257013e+002 -2.134224287332e+001 -1.973481843639e+001
  2.064160595813e+002 -2.135593595834e+001 -1.962834019514e+001
  2.065441097047e+002 -2.133785743471e+001 -1.953410721846e+001
  2.066198531770e+002 -2.136222718187e+001 -1.944887922991e+001
  2.067115695712e+002 -2.146423494473e+001 -1.957967453849e+001
  2.067753932599e+002 -2.160926446065e+001 -1.964572131711e+001
  2.068502878301e+002 -2.174794229916e+001 -1.967668541083e+001
  2.069436049317e+002 -2.178001787019e+001 -1.974521273901e+001
  2.070585386524e+002 -2.186766069098e+001 -1.971511191782e+001
  2.071431363496e+002 -2.191064617514e+001 -1.963725532094e+001
  2.072754264738e+002 -2.191987904103e+001 -1.955174804319e+001
  2.074265684941e+002 -2.195575120092e+001 -1.948360270443e+001
  2.075623120415e+002 -2.193025775771e+001 -1.940179389006e+001
  2.077034901547e+002 -2.191204223574e+001 -1.931564913222e+001
  2.078662185161e+002 -2.184436867871e+001 -1.924735276552e+001
  2.080060581558e+002 -2.176298739250e+001 -1.917792793567e+001
  2.081213416539e+002 -2.165664947806e+001 -1.905868814793e+001
  2.082044793073e+002 -2.153354550988e+001 -1.894610197994e+001
  2.079481244145e+002 -2.154391200605e+001 -1.936556622350e+001
  2.079999473441e+002 -2.172991166212e+001 -1.967094419254e+001
  2.081385425832e+002 -2.176268084087e+001 -1.986185900300e+001
  2.082192882096e+002 -2.184287934943e+001 -2.004618754510e+001
  2.082681132067e+002 -2.187044120842e+001 -2.014598076420e+001
  2.083505015256e+002 -2.207265728705e+001 -2.026268895483e+001
  2.079319387385e+002 -2.322725043424e+001 -2.089513545575e+001
  2.074076303026e+002 -2.434992202522e+001 -2.156648053993e+001
  2.067031871741e+002 -2.546411907029e+001 -2.198917149741e+001
  2.072467190623e+002 -2.524197913066e+001 -2.165980665008e+001
  2.078108123698e+002 -2.488617749934e+001 -2.129787596759e+001
  2.082089386801e+002 -2.455006952448e+001 -2.111656396941e+001
  2.086003441356e+002 -2.414457450287e+001 -2.099536112354e+001
  2.089115014937e+002 -2.355249889861e+001 -2.084908436360e+001
  2.092993887238e+002 -2.258380752715e+001 -2.039972924314e+001
  2.095438844313e+002 -2.136697380994e+001 -1.956216712913e+001
  2.095679148413e+002 -2.072397413082e+001 -1.872161087295e+001
  2.096520968878e+002 -2.040496400442e+001 -1.829608425273e+001
  2.097314575121e+002 -2.014226183284e+001 -1.789393308324e+001
  2.098893362309e+002 -2.000091683050e+001 -1.754214486579e+001
  2.100042007540e+002 -1.988256368234e+001 -1.725937024056e+001
  2.101291554031e+002 -1.980178481551e+001 -1.703143304815e+001
  2.102601056279e+002 -1.969390897047e+001 -1.685876564033e+001
  2.104172263357e+002 -1.960630257764e+001 -1.669885536414e+001
  2.105336368739e+002 -1.954918340535e+001 -1.672060191611e+001
  2.107374634240e+002 -1.954917374489e+001 -1.675407437618e+001
  2.108718737299e+002 -1.956417002250e+001 -1.666027941484e+001
  2.110506719361e+002 -1.958312922712e+001 -1.662258300768e+001
  2.112380265880e+002 -1.964355082714e+001 -1.662469719954e+001
  2.114158318424e+002 -1.971906282846e+001 -1.660729169699e+001
  2.115834934004e+002 -1.965835026310e+001 -1.657762877609e+001
  2.117259633429e+002 -1.960805476868e+001 -1.656875803306e+001
  2.118630159391e+002 -1.959578709454e+001 -1.650108992960e+001
  2.120248743407e+002 -1.964323495443e+001 -1.641767430651e+001
  2.121454484568e+002 -1.978017826828e+001 -1.632717561920e+001
  2.122345724434e+002 -2.000705391988e+001 -1.623630346505e+001
  2.123683464888e+002 -2.015301289997e+001 -1.616453529838e+001
  2.124744592022e+002 -2.025848578866e+001 -1.606519763627e+001
  2.126101715312e+002 -2.019750585602e+001 -1.594711825308e+001
  2.127405373557e+002 -2.005864683808e+001 -1.585159086669e+001
  2.129221757377e+002 -1.995413210370e+001 -1.572086642884e+001
  2.130669373647e+002 -1.991131157513e+001 -1.562974056258e+001
  2.131782704408e+002 -1.990592370253e+001 -1.550911191038e+001
  2.133132941875e+002 -1.987756663446e+001 -1.539863918255e+001
  2.134288070173e+002 -1.987067364065e+001 -1.531520445742e+001
  2.135224427811e+002 -1.985808847044e+001 -1.523184242599e+001
  2.136684291677e+002 -1.986737534180e+001 -1.511657337585e+001
  2.138178847697e+002 -1.985829636432e+001 -1.501133750517e+001
  2.139706316123e+002 -1.981679345114e+001 -1.489264222747e+001
  2.141193599863e+002 -1.979123657351e+001 -1.479097835369e+001
  2.142864802868e+002 -1.970605434521e+001 -1.475522290847e+001
  2.144476190030e+002 -1.963010807113e+001 -1.469189672130e+001
  2.145614628880e+002 -1.947785059859e+001 -1.460755035016e+001
  2.147044904965e+002 -1.950903950135e+001 -1.452164233337e+001
  2.148316786093e+002 -1.955061811015e+001 -1.443471363945e+001
  2.149858140761e+002 -1.955288764199e+001 -1.434410428848e+001
  2.151150486210e+002 -1.956650661742e+001 -1.423709199579e+001
  2.152179783047e+002 -1.958768406853e+001 -1.416847051589e+001
  2.153531377202e+002 -1.959439964168e+001 -1.407657854954e+001
  2.155089954865e+002 -1.960097572032e+001 -1.396908261424e+001
  2.156470369599e+002 -1.962305272186e+001 -1.386232364017e+001
  2.157942034137e+002 -1.963377067056e+001 -1.378087827727e+001
  2.159099161411e+002 -1.964708893067e+001 -1.368438101530e+001
  2.160606222166e+002 -1.965785791281e+001 -1.359631274598e+001
  2.161940011035e+002 -1.969323857435e+001 -1.350808076781e+001
  2.163429771665e+002 -1.972553197485e+001 -1.340400241340e+001
  2.164690133045e+002 -1.973746518788e+001 -1.329134719338e+001
  2.166041739197e+002 -1.975839531415e+001 -1.316978578532e+001
