  0.000000000000e+000
  0.000000000000e+000
  0.000000000000e+000
  0.000000000000e+000
  0.000000000000e+000
  0.000000000000e+000
  0.000000000000e+000
  0.000000000000e+000
  0.000000000000e+000
  7.680000305176e+001
  7.687593793180e+001
  7.684240983585e+001
  7.668569525377e+001
  7.664355066572e+001
  7.655905667893e+001
  7.652171706043e+001
  7.657483684240e+001
  7.660265040820e+001
  7.656060438226e+001
  7.648064394197e+001
  7.639920764090e+001
  7.650113873320e+001
  7.660303111315e+001
  7.675065897550e+001
  7.668162124106e+001
  7.671157254589e+001
  7.664524097673e+001
  7.665139955902e+001
  7.662909070868e+001
  7.751338423196e+001
  8.034377354001e+001
  8.068579052324e+001
  8.057612977111e+001
  8.053637165268e+001
  8.046590603500e+001
  8.050184549798e+001
  8.017507972680e+001
  8.014133363600e+001
  7.980848747905e+001
  7.871091270404e+001
  7.895645399570e+001
  7.866379198557e+001
  8.026967654593e+001
  8.072722726428e+001
  8.082763152357e+001
  8.130348481605e+001
  8.131213193877e+001
  8.157305529087e+001
  8.154268702095e+001
  8.145114032245e+001
  8.095509758663e+001
  8.197271912870e+001
  8.203818919546e+001
  8.196800499488e+001
  8.265751505962e+001
  8.270566309464e+001
  8.289536590139e+001
  8.309583155937e+001
  8.172466203319e+001
  8.147721550348e+001
  8.064729765210e+001
  7.927648365649e+001
  7.960751591378e+001
  8.215502450804e+001
  8.422477608386e+001
  8.544691437018e+001
  8.614375960581e+001
  8.707727745340e+001
  8.717204300969e+001
  8.645808907058e+001
  8.570673114882e+001
  8.565581154957e+001
  8.576587637386e+001
  8.564513186180e+001
  8.566828362539e+001
  8.563401158861e+001
  8.568948306822e+001
  8.576436301495e+001
  8.582739960040e+001
  8.583325040068e+001
  8.569548947710e+001
  8.561829129510e+001
  8.628428642797e+001
  8.626786777962e+001
  8.589592652933e+001
  8.579208671862e+001
  8.603255063739e+001
  8.627594637275e+001
  8.676588244652e+001
  8.675489194524e+001
  8.659909828704e+001
  8.693918103760e+001
  8.714588048828e+001
  8.723208518716e+001
  8.713797645476e+001
  8.704894613498e+001
  8.749785908683e+001
  8.762960111730e+001
  8.764475762283e+001
  8.744223971155e+001
  8.727133430129e+001
  8.731186221272e+001
  8.682273902158e+001
  8.667195221678e+001
  8.593499665834e+001
  8.577917964069e+001
  8.585204350494e+001
  8.546386419625e+001
  8.473695535299e+001
  8.424157445984e+001
  8.397821628309e+001
  8.363021177061e+001
  8.335678960978e+001
  8.312282922509e+001
  8.314948898438e+001
  8.328774316571e+001
  8.307492570016e+001
  8.336307582957e+001
  8.325231970732e+001
  8.320510239980e+001
  8.365563962544e+001
  8.364129961953e+001
  8.541531346174e+001
  8.379929105188e+001
  8.266426090084e+001
  8.262590715573e+001
  8.271702920523e+001
  8.276839718741e+001
  8.235129986327e+001
  8.187537176963e+001
  8.281190872251e+001
  8.460263902321e+001
  8.589753792070e+001
  8.577932503454e+001
  8.533360745692e+001
  8.522722886613e+001
  8.530656378243e+001
  8.541065543938e+001
  8.574358458705e+001
  8.627248657267e+001
  8.558923133466e+001
  8.441684627168e+001
  8.422785095938e+001
