  0.000000000000e+000  0.000000000000e+000  0.000000000000e+000
  0.000000000000e+000  0.000000000000e+000  0.000000000000e+000
  0.000000000000e+000  0.000000000000e+000  0.000000000000e+000
  0.000000000000e+000  0.000000000000e+000  0.000000000000e+000
  0.000000000000e+000  0.000000000000e+000  0.000000000000e+000
  0.000000000000e+000  0.000000000000e+000  0.000000000000e+000
  0.000000000000e+000  0.000000000000e+000  0.000000000000e+000
  0.000000000000e+000  0.000000000000e+000  0.000000000000e+000
  0.000000000000e+000  0.000000000000e+000  0.000000000000e+000
  0.000000000000e+000  0.000000000000e+000  0.000000000000e+000
  0.000000000000e+000  0.000000000000e+000  0.000000000000e+000
  0.000000000000e+000  0.000000000000e+000  0.000000000000e+000
  0.000000000000e+000  0.000000000000e+000  0.000000000000e+000
  0.000000000000e+000  0.000000000000e+000  0.000000000000e+000
  0.000000000000e+000  0.000000000000e+000  0.000000000000e+000
  0.000000000000e+000  0.000000000000e+000  0.000000000000e+000
  0.000000000000e+000  0.000000000000e+000  0.000000000000e+000
  0.000000000000e+000  0.000000000000e+000  0.000000000000e+000
  0.000000000000e+000  0.000000000000e+000  0.000000000000e+000
  2.581781150905e+002 -5.441601800121e+001 -5.465101719810e+001
  2.588052103731e+002 -5.425695930459e+001 -5.460028241343e+001
  2.594997793628e+002 -5.408046504134e+001 -5.459330991616e+001
  2.600302827185e+002 -5.395022802656e+001 -5.456975629271e+001
  2.599938585820e+002 -5.386881718873e+001 -5.451311119221e+001
  2.595662453337e+002 -5.378737317744e+001 -5.460176640625e+001
  2.595072520748e+002 -5.370286351303e+001 -5.460625444646e+001
  2.592777664837e+002 -5.366271984944e+001 -5.467738902674e+001
  2.591542766517e+002 -5.358941602882e+001 -5.462387640669e+001
  2.588944229926e+002 -5.342733332682e+001 -5.474331466796e+001
  2.586070568117e+002 -5.293805660043e+001 -5.478264053021e+001
  2.585279409163e+002 -5.248256770980e+001 -5.486298312966e+001
  2.584914741215e+002 -5.246669088667e+001 -5.507357103370e+001
  2.584102040972e+002 -5.248455014490e+001 -5.519881783452e+001
  2.582148216929e+002 -5.259014431068e+001 -5.524296210512e+001
  2.580373376453e+002 -5.271241243537e+001 -5.540687033244e+001
  2.580316602388e+002 -5.258920705651e+001 -5.532958248093e+001
  2.580053270642e+002 -5.253039411058e+001 -5.532747311318e+001
  2.579396020668e+002 -5.239036963610e+001 -5.534314125928e+001
  2.579345123039e+002 -5.237601578384e+001 -5.536344890676e+001
  2.579351916227e+002 -5.232394910761e+001 -5.538298372649e+001
  2.579069347311e+002 -5.227059366772e+001 -5.537123075864e+001
  2.578849043979e+002 -5.220414352429e+001 -5.537398930096e+001
  2.578736191137e+002 -5.213329028608e+001 -5.535487463568e+001
  2.578582809355e+002 -5.203786601710e+001 -5.535772835978e+001
  2.578321770376e+002 -5.197514562331e+001 -5.535334148894e+001
  2.578182656691e+002 -5.190612124891e+001 -5.537521027651e+001
  2.585402196120e+002 -5.112416069864e+001 -5.537006985290e+001
  2.593190673623e+002 -5.019383484249e+001 -5.535363983062e+001
  2.593822759773e+002 -4.991738213302e+001 -5.535801737902e+001
  2.594497932505e+002 -4.980884780006e+001 -5.543344936621e+001
  2.598304127158e+002 -4.985555770047e+001 -5.525260069586e+001
  2.600446992130e+002 -5.057647909184e+001 -5.530062097884e+001
  2.599942002250e+002 -5.063188180597e+001 -5.517751997823e+001
  2.594276179560e+002 -5.017183267605e+001 -5.515855118207e+001
  2.593825439984e+002 -5.110259153627e+001 -5.515439326946e+001
  2.589758293277e+002 -5.056653537189e+001 -5.513433720110e+001
  2.588569095899e+002 -5.047364423943e+001 -5.501487272847e+001
  2.586702207688e+002 -5.041938242030e+001 -5.498207331732e+001
  2.585668182617e+002 -5.045415567417e+001 -5.495728467732e+001
  2.584974894911e+002 -5.035761868493e+001 -5.494854190049e+001
  2.578756211036e+002 -5.020750870903e+001 -5.517588350029e+001
  2.571325714463e+002 -5.012796098187e+001 -5.540991323735e+001
  2.555707733614e+002 -4.894726492151e+001 -5.506317419124e+001
  2.551600529163e+002 -4.879674811959e+001 -5.505743539247e+001
  2.549847982158e+002 -4.884400898713e+001 -5.518053146252e+001
  2.548600893600e+002 -4.883826828669e+001 -5.535433431422e+001
  2.547675628110e+002 -4.879864615374e+001 -5.545983441693e+001
  2.548332234934e+002 -4.863755600258e+001 -5.556634250928e+001
  2.548357864602e+002 -4.851874852813e+001 -5.569411318213e+001
  2.552476689759e+002 -4.816699930653e+001 -5.565770987537e+001
  2.551471839561e+002 -4.797874267969e+001 -5.580252589386e+001
  2.556049109589e+002 -4.765042875191e+001 -5.575890059061e+001
  2.555811215734e+002 -4.758544752283e+001 -5.574907850904e+001
  2.555681054289e+002 -4.750609035830e+001 -5.580593842411e+001
  2.552469494285e+002 -4.773625848678e+001 -5.546351563047e+001
  2.552663714014e+002 -4.763326785912e+001 -5.552488554865e+001
  2.549764368976e+002 -4.783073033132e+001 -5.550113426405e+001
  2.547024014522e+002 -4.794364735264e+001 -5.511647248712e+001
  2.547168219345e+002 -4.782121721922e+001 -5.554479786746e+001
  2.547138947287e+002 -4.776171707113e+001 -5.555108936981e+001
  2.547376687733e+002 -4.780098817924e+001 -5.558790152909e+001
  2.549226595512e+002 -4.803228988488e+001 -5.560768162255e+001
  2.548657668611e+002 -4.867777810549e+001 -5.573880664069e+001
  2.549206087889e+002 -4.925054754778e+001 -5.582223324352e+001
  2.550322202356e+002 -4.955329878897e+001 -5.580306733692e+001
  2.550444687967e+002 -4.953643276533e+001 -5.571608616896e+001
  2.549914810983e+002 -4.894672795569e+001 -5.560088515071e+001
  2.552676029948e+002 -4.866961198233e+001 -5.550278038454e+001
  2.552647505794e+002 -4.851624886055e+001 -5.552402498688e+001
  2.553185541220e+002 -4.836009215670e+001 -5.555250304089e+001
  2.555394468287e+002 -4.822713914176e+001 -5.558114827136e+001
  2.556505706584e+002 -4.815921002723e+001 -5.559588382225e+001
  2.557510269459e+002 -4.806849573227e+001 -5.560133663857e+001
  2.556664420240e+002 -4.794571354573e+001 -5.573142246724e+001
  2.556948166330e+002 -4.772926030670e+001 -5.575213424921e+001
  2.559049415962e+002 -4.713007868926e+001 -5.569456090238e+001
  2.557986129918e+002 -4.668396292730e+001 -5.560178811408e+001
  2.555292439311e+002 -4.684332550592e+001 -5.556297416895e+001
  2.552588673557e+002 -4.700508844959e+001 -5.563624141075e+001
  2.551132876991e+002 -4.705777831204e+001 -5.575555364005e+001
  2.550535216539e+002 -4.702773108008e+001 -5.583741476637e+001
  2.549042752802e+002 -4.717026479478e+001 -5.593355764962e+001
  2.548427950150e+002 -4.719876841742e+001 -5.606677164285e+001
  2.548961615473e+002 -4.701999437012e+001 -5.612534090578e+001
  2.551659141243e+002 -4.640748006257e+001 -5.611499507745e+001
  2.553591890699e+002 -4.617487533142e+001 -5.618444180914e+001
  2.556867827741e+002 -4.573075865798e+001 -5.626057116970e+001
  2.556000774101e+002 -4.571698687257e+001 -5.639828850864e+001
  2.557083401791e+002 -4.548120241580e+001 -5.656803279573e+001
  2.556920595477e+002 -4.543893339350e+001 -5.679014764004e+001
  2.556682169259e+002 -4.547778716614e+001 -5.720431018148e+001
  2.559908680479e+002 -4.513887972668e+001 -5.741154024317e+001
  2.555862654951e+002 -4.538852698471e+001 -5.728299662906e+001
  2.555606557299e+002 -4.531645826139e+001 -5.731685442870e+001
  2.555343459386e+002 -4.526828534660e+001 -5.733035044216e+001
  2.555099603420e+002 -4.507538445148e+001 -5.695976610948e+001
  2.553842337041e+002 -4.518618820168e+001 -5.723382172055e+001
  2.549215828408e+002 -4.560953591920e+001 -5.725819279336e+001
  2.545957433058e+002 -4.582421148031e+001 -5.696073720304e+001
  2.547299750748e+002 -4.548704749793e+001 -5.669015633345e+001
  2.547011869552e+002 -4.532622164844e+001 -5.653663407703e+001
  2.546308501943e+002 -4.508903526171e+001 -5.642261477510e+001
  2.542318146940e+002 -4.382516096094e+001 -5.639895006871e+001
  2.540198450164e+002 -4.310158240396e+001 -5.635812320346e+001
  2.545935929062e+002 -4.448594970525e+001 -5.603146914833e+001
  2.549220340406e+002 -4.548102761245e+001 -5.596702521401e+001
  2.551210080854e+002 -4.643374128624e+001 -5.601396878536e+001
  2.551704363590e+002 -4.715176920145e+001 -5.595284972009e+001
  2.550952467604e+002 -4.746033586562e+001 -5.586855807770e+001
  2.551024011056e+002 -4.745362676338e+001 -5.579764905195e+001
  2.549874085309e+002 -4.725537757395e+001 -5.572785307495e+001
  2.549548463292e+002 -4.707194489900e+001 -5.567613499266e+001
  2.548729748149e+002 -4.701062483174e+001 -5.566733893507e+001
  2.548486759283e+002 -4.693468120750e+001 -5.568511090525e+001
  2.547465307165e+002 -4.692118651468e+001 -5.576178273481e+001
  2.545854411757e+002 -4.697152693100e+001 -5.586317607662e+001
  2.546303699832e+002 -4.687928188635e+001 -5.593525791758e+001
  2.543479625048e+002 -4.637172490866e+001 -5.609702020891e+001
  2.546472080081e+002 -4.568033420740e+001 -5.596256286495e+001
  2.545786598911e+002 -4.515162071771e+001 -5.583169779355e+001
  2.545196155051e+002 -4.527829865085e+001 -5.585791325673e+001
  2.544191978939e+002 -4.505659093769e+001 -5.589485199183e+001
  2.542579972336e+002 -4.523309707218e+001 -5.588036392302e+001
  2.544204157899e+002 -4.510121047355e+001 -5.585042628039e+001
  2.542400658580e+002 -4.511208627478e+001 -5.579529237008e+001
  2.542313846060e+002 -4.517840376891e+001 -5.587772036151e+001
  2.540775308278e+002 -4.530637150727e+001 -5.587571771731e+001
  2.539153693660e+002 -4.545149240575e+001 -5.598613804725e+001
  2.539050300202e+002 -4.545561164803e+001 -5.610760810681e+001
  2.537141322203e+002 -4.567859729844e+001 -5.621611731822e+001
  2.535702041383e+002 -4.577946936207e+001 -5.647387577064e+001
  2.536010640462e+002 -4.562597859610e+001 -5.643365419848e+001
  2.536102357239e+002 -4.549395346353e+001 -5.638804274047e+001
  2.538648793353e+002 -4.511104694826e+001 -5.625413469584e+001
  2.539053741695e+002 -4.490898015962e+001 -5.619300099656e+001
  2.536609896999e+002 -4.468308204323e+001 -5.613579337730e+001
  2.535519684814e+002 -4.421348460097e+001 -5.607898341563e+001
  2.533731898084e+002 -4.444767220407e+001 -5.605543789031e+001
  2.533126368182e+002 -4.462240031817e+001 -5.597583642425e+001
  2.532154649112e+002 -4.469824869618e+001 -5.602058092991e+001
  2.530113190135e+002 -4.446679912727e+001 -5.609507317710e+001
  2.532743130705e+002 -4.434722860179e+001 -5.602045052922e+001
  2.535446806182e+002 -4.418133645061e+001 -5.592843635756e+001
  2.538208822920e+002 -4.384076684905e+001 -5.583927052065e+001
  2.537699615384e+002 -4.379193244406e+001 -5.585186082019e+001
  2.536490570929e+002 -4.386215173389e+001 -5.593461391629e+001
  2.534694378707e+002 -4.401681582569e+001 -5.613025211773e+001
  2.532417457473e+002 -4.422636881354e+001 -5.627939954943e+001
  2.531084627561e+002 -4.436305967068e+001 -5.642053161282e+001
  2.530066800945e+002 -4.425151181344e+001 -5.651717858387e+001
  2.529378929519e+002 -4.408126150786e+001 -5.658053049052e+001
  2.529287243818e+002 -4.391288591553e+001 -5.656633414259e+001
  2.530536280547e+002 -4.361745811792e+001 -5.656120640483e+001
  2.532459860737e+002 -4.317392776255e+001 -5.650273475885e+001
  2.530197986490e+002 -4.270909538301e+001 -5.661293456663e+001
  2.527190168412e+002 -4.188371243715e+001 -5.672993194253e+001
  2.521960805430e+002 -4.139302567940e+001 -5.681394207503e+001
  2.518470166388e+002 -4.102020117739e+001 -5.677762680784e+001
  2.513133416724e+002 -4.089843213056e+001 -5.675710950320e+001
  2.511727638556e+002 -4.069329088268e+001 -5.674341690241e+001
  2.508391539279e+002 -4.060909998246e+001 -5.671522982074e+001
  2.505383206919e+002 -4.020677026961e+001 -5.670912338164e+001
  2.504803812461e+002 -3.991125168492e+001 -5.670356372480e+001
  2.504147576938e+002 -3.983651184996e+001 -5.682710046410e+001
  2.505298458945e+002 -3.950010063004e+001 -5.694260978397e+001
  2.508627694256e+002 -3.890015131515e+001 -5.707290762419e+001
  2.511037263338e+002 -3.852941089609e+001 -5.716374936108e+001
  2.512939178887e+002 -3.831594075417e+001 -5.722685145737e+001
  2.516584089789e+002 -3.802249605858e+001 -5.725506074868e+001
  2.518872103110e+002 -3.776726935486e+001 -5.722951841189e+001
  2.517871096739e+002 -3.765141725917e+001 -5.716444344493e+001
  2.518075048870e+002 -3.758196440477e+001 -5.720184675857e+001
  2.513742630566e+002 -3.781132477862e+001 -5.730305786810e+001
  2.511600003113e+002 -3.776130441050e+001 -5.731834795038e+001
  2.513000931155e+002 -3.772516517160e+001 -5.716517488446e+001
  2.513903983257e+002 -3.774700742906e+001 -5.703937434749e+001
  2.511974194056e+002 -3.771915181819e+001 -5.698409352644e+001
  2.512463772869e+002 -3.769590573653e+001 -5.688604376392e+001
  2.509420740198e+002 -3.767531479006e+001 -5.695980153119e+001
  2.508140517171e+002 -3.762565744119e+001 -5.690280594380e+001
  2.507684903730e+002 -3.752215572366e+001 -5.687281364983e+001
  2.506681508197e+002 -3.743619876566e+001 -5.687360124615e+001
  2.505656191027e+002 -3.744096671765e+001 -5.693314768854e+001
  2.505462757095e+002 -3.742685057371e+001 -5.692388761990e+001
  2.505265378563e+002 -3.740509575888e+001 -5.690580690946e+001
  2.506206681520e+002 -3.733174666112e+001 -5.687405688352e+001
  2.507452857894e+002 -3.731139109128e+001 -5.681999871634e+001
  2.508274387235e+002 -3.728018185627e+001 -5.676640870247e+001
  2.508514469561e+002 -3.724213659848e+001 -5.674991902283e+001
  2.508912461965e+002 -3.721916425025e+001 -5.671182179198e+001
  2.508878514594e+002 -3.716455837407e+001 -5.669875741102e+001
  2.508864062750e+002 -3.713638164322e+001 -5.672264153924e+001
  2.507704475240e+002 -3.710726236110e+001 -5.675914567824e+001
  2.506942099642e+002 -3.706403998419e+001 -5.689552079497e+001
  2.506950964564e+002 -3.693444408177e+001 -5.703944113566e+001
  2.506429396111e+002 -3.679032417797e+001 -5.714061907076e+001
  2.507743720338e+002 -3.654733500571e+001 -5.712530611023e+001
  2.504538744111e+002 -3.652565412092e+001 -5.723535033568e+001
  2.504806749833e+002 -3.628830085220e+001 -5.717234045117e+001
  2.504830427609e+002 -3.601767121757e+001 -5.711603150559e+001
  2.503278181709e+002 -3.591430179890e+001 -5.718205648196e+001
  2.500866268012e+002 -3.585106766259e+001 -5.724347126799e+001
  2.500902296717e+002 -3.610517763458e+001 -5.723777541798e+001
  2.501921498134e+002 -3.642415190224e+001 -5.723634144967e+001
  2.501035838382e+002 -3.678619431728e+001 -5.732294563893e+001
  2.500309441542e+002 -3.710975150473e+001 -5.738624267716e+001
  2.498634925553e+002 -3.722250551843e+001 -5.748584606402e+001
  2.498172487874e+002 -3.717797644280e+001 -5.759122717816e+001
  2.495087322083e+002 -3.738625401120e+001 -5.758268156959e+001
  2.494541061030e+002 -3.728262259035e+001 -5.761383408719e+001
  2.494320720521e+002 -3.729680454838e+001 -5.762655071286e+001
  2.493879019468e+002 -3.726795174147e+001 -5.762748833895e+001
  2.492502206584e+002 -3.736776997253e+001 -5.770954932890e+001
  2.491773419711e+002 -3.747130849563e+001 -5.779020657633e+001
  2.490856684925e+002 -3.759145212097e+001 -5.773525824479e+001
  2.489842805584e+002 -3.771081561394e+001 -5.777682336368e+001
  2.489869757372e+002 -3.794937486926e+001 -5.779172621902e+001
  2.490900815257e+002 -3.810649798361e+001 -5.773774853976e+001
  2.492441166916e+002 -3.805754770439e+001 -5.770192159781e+001
  2.494895931751e+002 -3.795624078629e+001 -5.762105027330e+001
  2.497119871763e+002 -3.814796821882e+001 -5.753898201893e+001
  2.500105494583e+002 -3.862254449815e+001 -5.739231066108e+001
  2.500746507577e+002 -3.869167388167e+001 -5.732979007739e+001
  2.502291977799e+002 -3.899039064498e+001 -5.723760449984e+001
  2.502031620283e+002 -3.908914232953e+001 -5.715439339121e+001
  2.501530207036e+002 -3.908378415519e+001 -5.707333191711e+001
  2.499487558026e+002 -3.874788476184e+001 -5.707727722925e+001
  2.497579930209e+002 -3.842721578817e+001 -5.704762202200e+001
  2.496653642496e+002 -3.824854497445e+001 -5.697155377567e+001
  2.499075787184e+002 -3.797413833343e+001 -5.682134860852e+001
  2.502312676207e+002 -3.778687215923e+001 -5.670179516661e+001
  2.504222036638e+002 -3.763106523160e+001 -5.661427017136e+001
  2.507605332088e+002 -3.735160404928e+001 -5.657268505662e+001
  2.509909786892e+002 -3.695433520086e+001 -5.652837946215e+001
  2.512174312721e+002 -3.670207576408e+001 -5.646324722075e+001
  2.513782310493e+002 -3.634463022344e+001 -5.646170370507e+001
  2.510767994302e+002 -3.608998373942e+001 -5.665660099772e+001
  2.506872827081e+002 -3.600605490130e+001 -5.679417374279e+001
  2.504473891303e+002 -3.583240011149e+001 -5.686161773029e+001
  2.501937681663e+002 -3.583332300254e+001 -5.696208128647e+001
  2.499355740429e+002 -3.576907712216e+001 -5.704681762028e+001
  2.498084494269e+002 -3.587202119793e+001 -5.706871500242e+001
  2.495382357427e+002 -3.586123422530e+001 -5.716045125494e+001
  2.492460902167e+002 -3.562855201940e+001 -5.720983111327e+001
  2.490073512434e+002 -3.588635269062e+001 -5.734073934484e+001
  2.489165901596e+002 -3.612342024968e+001 -5.740817136422e+001
  2.488414503818e+002 -3.627712771976e+001 -5.751272768718e+001
  2.488487861522e+002 -3.621405632970e+001 -5.754357607526e+001
  2.487704382114e+002 -3.626967992043e+001 -5.766954170602e+001
  2.487016263647e+002 -3.634180900496e+001 -5.791268941521e+001
  2.486419314494e+002 -3.635373206052e+001 -5.797363513702e+001
  2.486273477805e+002 -3.633993341611e+001 -5.796681053904e+001
  2.485914559244e+002 -3.636476097726e+001 -5.798658747654e+001
  2.485215108970e+002 -3.646048299663e+001 -5.794278129047e+001
  2.485783035567e+002 -3.633233381649e+001 -5.788079560992e+001
  2.486619473329e+002 -3.630015173718e+001 -5.784132252104e+001
  2.486724123665e+002 -3.609335829522e+001 -5.779950779903e+001
  2.484917686872e+002 -3.575698693947e+001 -5.780844542277e+001
  2.484695528595e+002 -3.545787425630e+001 -5.771681307326e+001
  2.485139214964e+002 -3.532286979914e+001 -5.760472907602e+001
  2.485521573317e+002 -3.521877633449e+001 -5.755310372663e+001
  2.488923842572e+002 -3.486271852599e+001 -5.740926615790e+001
  2.491517271908e+002 -3.464500603835e+001 -5.738856306645e+001
  2.492465223868e+002 -3.460034078147e+001 -5.737441500844e+001
  2.492516438642e+002 -3.457874506607e+001 -5.742713556364e+001
  2.492055766581e+002 -3.449680337637e+001 -5.745868510513e+001
  2.491321413997e+002 -3.445420115494e+001 -5.760112073762e+001
  2.488733144491e+002 -3.467505127120e+001 -5.763497359085e+001
  2.486402495684e+002 -3.490207732035e+001 -5.777062519867e+001
  2.485642689868e+002 -3.485544622423e+001 -5.772498385936e+001
  2.485208032567e+002 -3.477192018577e+001 -5.760280816163e+001
  2.485451593537e+002 -3.460501814128e+001 -5.752583439256e+001
  2.485802741579e+002 -3.439738489053e+001 -5.749416243259e+001
  2.486395945210e+002 -3.419867999357e+001 -5.738066784410e+001
  2.487067275771e+002 -3.402377826618e+001 -5.734299446825e+001
  2.487820654695e+002 -3.384245593369e+001 -5.727687814691e+001
  2.487703790213e+002 -3.365761823976e+001 -5.738421581999e+001
  2.487427641638e+002 -3.339563635230e+001 -5.746673562122e+001
  2.487128662507e+002 -3.305338136808e+001 -5.746098782148e+001
  2.488048036558e+002 -3.215193538439e+001 -5.739792239962e+001
  2.483576973083e+002 -3.201217454696e+001 -5.746704799627e+001
  2.478119146220e+002 -3.181868362628e+001 -5.767214324177e+001
  2.473912010254e+002 -3.183352623055e+001 -5.791917836081e+001
  2.470336728306e+002 -3.189457119879e+001 -5.815870759072e+001
  2.468648421987e+002 -3.195765751437e+001 -5.829719342428e+001
  2.468073730632e+002 -3.216704261406e+001 -5.834875585362e+001
  2.467604430744e+002 -3.212603046405e+001 -5.838958899020e+001
  2.467725241131e+002 -3.209226019161e+001 -5.840429320705e+001
  2.468283776210e+002 -3.198683473418e+001 -5.848444460830e+001
  2.467965948521e+002 -3.186986618697e+001 -5.853193777059e+001
  2.467384260064e+002 -3.182015241845e+001 -5.855156634104e+001
  2.466990218098e+002 -3.176653629097e+001 -5.865060017890e+001
  2.467581526683e+002 -3.152726342760e+001 -5.872637593032e+001
  2.468149180721e+002 -3.128321951465e+001 -5.873397170219e+001
  2.468345079379e+002 -3.112548852633e+001 -5.876658854853e+001
  2.468477064632e+002 -3.089745721505e+001 -5.875355059510e+001
  2.469410966274e+002 -3.057200363724e+001 -5.892593770029e+001
  2.469899469037e+002 -3.078099558723e+001 -5.874251486389e+001
  2.472194853505e+002 -3.154397878848e+001 -5.858083871751e+001
  2.473558372862e+002 -3.225851896866e+001 -5.841891527476e+001
  2.473411716577e+002 -3.237981748531e+001 -5.829044244679e+001
  2.470581095880e+002 -3.248338996322e+001 -5.821053555594e+001
  2.468362288006e+002 -3.252096179010e+001 -5.807498563584e+001
  2.467112380159e+002 -3.259022825817e+001 -5.801013542852e+001
  2.465424406186e+002 -3.262181124581e+001 -5.798750538295e+001
  2.465902567434e+002 -3.239793341019e+001 -5.801962700737e+001
  2.467705556192e+002 -3.209093646748e+001 -5.802753782931e+001
  2.468139095866e+002 -3.199208678789e+001 -5.801986323689e+001
  2.468294701662e+002 -3.187768456696e+001 -5.803154197636e+001
  2.467928748091e+002 -3.182443197323e+001 -5.808817767089e+001
  2.466311835056e+002 -3.184742386424e+001 -5.827925343411e+001
  2.464186120553e+002 -3.143968957715e+001 -5.833645177279e+001
  2.459191723295e+002 -3.006337830911e+001 -5.864930135769e+001
  2.453934850255e+002 -3.019511127544e+001 -5.880464807651e+001
  2.452011511131e+002 -3.017565729980e+001 -5.896573476177e+001
  2.452850321930e+002 -3.007154369492e+001 -5.906020925111e+001
  2.453695609429e+002 -2.991924828791e+001 -5.906176342336e+001
  2.453568543181e+002 -2.985661032741e+001 -5.908461868862e+001
  2.452256793152e+002 -3.000802173032e+001 -5.923993027709e+001
  2.452231521331e+002 -3.009492337712e+001 -5.949037320859e+001
  2.451924210822e+002 -3.005448331509e+001 -5.951574540882e+001
  2.451485863007e+002 -3.001981401350e+001 -5.952217847232e+001
  2.451111454969e+002 -2.998233775551e+001 -5.953498287544e+001
  2.450843371560e+002 -2.997129021665e+001 -5.954571925003e+001
  2.450506293772e+002 -2.993649900968e+001 -5.952989010558e+001
  2.450054899217e+002 -2.990293970340e+001 -5.954923984145e+001
  2.449104208079e+002 -2.983480615773e+001 -5.958067853478e+001
  2.448935930185e+002 -2.980798595379e+001 -5.956656428018e+001
  2.448294979782e+002 -2.976002513750e+001 -5.956322854697e+001
  2.447710337499e+002 -2.971726243320e+001 -5.958239558289e+001
  2.447533183041e+002 -2.972071815030e+001 -5.961999766817e+001
  2.446898819058e+002 -2.984239912029e+001 -5.963358230425e+001
  2.448363836291e+002 -2.999918955455e+001 -5.959481797703e+001
  2.448995377581e+002 -3.009602332543e+001 -5.932676345921e+001
  2.451166670125e+002 -3.019247449179e+001 -5.926562668674e+001
  2.452969119636e+002 -3.020548768992e+001 -5.913019681074e+001
  2.454060850700e+002 -3.020718852371e+001 -5.901389291725e+001
  2.454663257067e+002 -3.029391242494e+001 -5.889642561222e+001
  2.454881627623e+002 -3.028012479417e+001 -5.877725585883e+001
  2.453073994781e+002 -3.015838523806e+001 -5.876972608639e+001
  2.451784071654e+002 -3.003542707764e+001 -5.871127829308e+001
  2.450273910609e+002 -2.998734187413e+001 -5.871389994538e+001
  2.450683986729e+002 -2.982880163163e+001 -5.861015981979e+001
  2.451101248167e+002 -2.972062936365e+001 -5.850621343572e+001
  2.452082742580e+002 -2.954232609358e+001 -5.848202297477e+001
  2.451716630204e+002 -2.949074981407e+001 -5.860110006962e+001
  2.450927202119e+002 -2.950773363884e+001 -5.869312892185e+001
  2.450296328569e+002 -2.945515112656e+001 -5.879690369320e+001
  2.446908846050e+002 -2.912071959489e+001 -5.897677776542e+001
  2.443051913665e+002 -2.870000666415e+001 -5.900741746702e+001
  2.443799862103e+002 -2.863591429600e+001 -5.896021077550e+001
  2.443823693613e+002 -2.860545426118e+001 -5.903888619841e+001
  2.443904798293e+002 -2.864942312680e+001 -5.927098112828e+001
  2.443255160574e+002 -2.879615471791e+001 -5.914716509668e+001
  2.442732123940e+002 -2.875755906753e+001 -5.913517996903e+001
  2.442308587580e+002 -2.874435025561e+001 -5.911222029248e+001
  2.441533645578e+002 -2.871825203698e+001 -5.911527951863e+001
  2.441076592827e+002 -2.866243993254e+001 -5.911936609748e+001
  2.440544640274e+002 -2.863515742481e+001 -5.914137000791e+001
  2.440220960001e+002 -2.858832015985e+001 -5.916410373474e+001
  2.439687303544e+002 -2.855626329542e+001 -5.917352225132e+001
  2.439151725543e+002 -2.852027356776e+001 -5.919379171662e+001
  2.438414462842e+002 -2.848453764572e+001 -5.918222103470e+001
  2.437700793248e+002 -2.842217148967e+001 -5.919063980472e+001
  2.437230386876e+002 -2.840337696088e+001 -5.920302676224e+001
  2.437050585909e+002 -2.850063262295e+001 -5.920870795875e+001
  2.438089573373e+002 -2.885866760770e+001 -5.884359730740e+001
  2.442416792569e+002 -2.948151870934e+001 -5.852172569371e+001
  2.444453294770e+002 -2.933244260911e+001 -5.824490432978e+001
  2.443035727318e+002 -2.917666414336e+001 -5.826290996792e+001
  2.440506690224e+002 -2.899041639594e+001 -5.836312458311e+001
  2.441877984729e+002 -2.862505246534e+001 -5.828471664060e+001
  2.442622379383e+002 -2.860388717768e+001 -5.823462679425e+001
  2.442605765837e+002 -2.849736229677e+001 -5.815108426903e+001
  2.441676143279e+002 -2.852562365806e+001 -5.810754618746e+001
  2.439215895639e+002 -2.862391060689e+001 -5.813265010775e+001
  2.436530755638e+002 -2.901178163529e+001 -5.826525044286e+001
  2.434092115508e+002 -2.928481689849e+001 -5.851196876909e+001
  2.432535349022e+002 -2.905795248394e+001 -5.863680767317e+001
  2.431312834280e+002 -2.845733402481e+001 -5.876231179161e+001
  2.424683557442e+002 -2.576076270087e+001 -5.918563229902e+001
  2.423237089033e+002 -2.559577827932e+001 -5.928057541345e+001
  2.423367625763e+002 -2.582285411523e+001 -5.933875561851e+001
  2.423500513998e+002 -2.576810535831e+001 -5.938302435043e+001
  2.424448100573e+002 -2.544125766820e+001 -5.919845465786e+001
  2.426105444151e+002 -2.505462143947e+001 -5.932666001952e+001
  2.426626518713e+002 -2.496494251942e+001 -5.929810215015e+001
  2.425918983565e+002 -2.489035737960e+001 -5.932872024083e+001
  2.425848633622e+002 -2.486505749178e+001 -5.935462866996e+001
  2.425462845724e+002 -2.478592963919e+001 -5.937214878135e+001
  2.425128184663e+002 -2.469504637147e+001 -5.938102350237e+001
  2.424858161015e+002 -2.467628130384e+001 -5.936797746297e+001
  2.425240202651e+002 -2.470694422166e+001 -5.937430973271e+001
  2.428094602862e+002 -2.512451112019e+001 -5.928848629564e+001
  2.428502088119e+002 -2.581597295507e+001 -5.918324525431e+001
  2.430497959245e+002 -2.615226244809e+001 -5.895854385603e+001
  2.431430744675e+002 -2.644627120789e+001 -5.857602504919e+001
  2.430876878176e+002 -2.648441906600e+001 -5.843107671678e+001
  2.428464844635e+002 -2.649291188034e+001 -5.833395102463e+001
  2.427576816748e+002 -2.649269398710e+001 -5.829099018380e+001
  2.425866659039e+002 -2.621251503466e+001 -5.835685463212e+001
  2.424153987157e+002 -2.591418803378e+001 -5.841698316801e+001
  2.425689794832e+002 -2.622415348523e+001 -5.830756538367e+001
  2.427082758125e+002 -2.642758405532e+001 -5.819908044011e+001
  2.428501194662e+002 -2.648600140860e+001 -5.830577513829e+001
  2.429465572167e+002 -2.656882976825e+001 -5.854327836868e+001
  2.430936292222e+002 -2.643811803241e+001 -5.862628881148e+001
  2.426036577667e+002 -2.677234086211e+001 -5.871894418937e+001
  2.424760168407e+002 -2.767895114053e+001 -5.895197751891e+001
  2.422174383412e+002 -2.775818013758e+001 -5.914469587938e+001
  2.418087234774e+002 -2.703504872778e+001 -5.940248347103e+001
  2.411459238962e+002 -2.609528307244e+001 -5.959872028040e+001
  2.412742306516e+002 -2.587492067134e+001 -5.942796994996e+001
  2.414284050884e+002 -2.574071383998e+001 -5.939766590793e+001
  2.415322033907e+002 -2.566459805126e+001 -5.939849818699e+001
  2.414314882853e+002 -2.574110761937e+001 -5.953236506249e+001
  2.414035193148e+002 -2.571784457193e+001 -5.965143784563e+001
  2.413342201086e+002 -2.570311560886e+001 -5.969962999524e+001
  2.413229875545e+002 -2.564263488370e+001 -5.977484299451e+001
  2.412849640342e+002 -2.562528152681e+001 -5.988761669247e+001
  2.412539159465e+002 -2.564164535360e+001 -6.003985303748e+001
  2.411339545004e+002 -2.554425426968e+001 -6.008764221296e+001
  2.410785000183e+002 -2.550463408066e+001 -6.010717474564e+001
  2.411073784111e+002 -2.568823891931e+001 -6.058278700252e+001
  2.410439008766e+002 -2.565195903958e+001 -6.056310228808e+001
  2.409693324786e+002 -2.559123062647e+001 -6.058044615629e+001
  2.409321742965e+002 -2.558509925493e+001 -6.060919818986e+001
  2.408763105236e+002 -2.555601837448e+001 -6.063623723534e+001
  2.408261971039e+002 -2.550070301478e+001 -6.066486448873e+001
  2.408474424348e+002 -2.552574758290e+001 -6.065802465482e+001
  2.411167108559e+002 -2.557169873277e+001 -6.014090487685e+001
  2.412338673196e+002 -2.567552431133e+001 -5.990238092166e+001
  2.413357386182e+002 -2.590379653741e+001 -5.968067823286e+001
  2.415515081163e+002 -2.604503870248e+001 -5.947392505460e+001
  2.417944392998e+002 -2.622656478018e+001 -5.939403486780e+001
  2.418150443720e+002 -2.605509657966e+001 -5.925427844092e+001
  2.417122365094e+002 -2.577991828230e+001 -5.913496576318e+001
  2.416942736843e+002 -2.557223002577e+001 -5.906723981836e+001
  2.416257792297e+002 -2.546268978323e+001 -5.904512774224e+001
  2.415893640850e+002 -2.533526079045e+001 -5.904512634962e+001
  2.414523048718e+002 -2.537826221834e+001 -5.911830518807e+001
  2.413687449363e+002 -2.541587227162e+001 -5.920874216938e+001
  2.413092816639e+002 -2.536384393449e+001 -5.918975438099e+001
  2.412516688291e+002 -2.531769481780e+001 -5.912298667949e+001
  2.411265637631e+002 -2.539179749746e+001 -5.901600724679e+001
  2.410759927872e+002 -2.541806380391e+001 -5.915689371939e+001
  2.410471653697e+002 -2.547562766160e+001 -5.934792492723e+001
  2.409845573899e+002 -2.540174115687e+001 -5.947286565842e+001
  2.408394641111e+002 -2.514277252500e+001 -5.956402403043e+001
  2.408329305301e+002 -2.472166877969e+001 -5.957998039877e+001
  2.408126627474e+002 -2.444602522940e+001 -5.960306520063e+001
  2.405517031476e+002 -2.394504292814e+001 -5.978217901706e+001
  2.403742759206e+002 -2.372372864898e+001 -5.986034028519e+001
  2.401929295442e+002 -2.376755337620e+001 -5.981818282610e+001
  2.403177432546e+002 -2.359290730001e+001 -5.965059750512e+001
  2.404607396762e+002 -2.348367162909e+001 -5.953965091212e+001
  2.404734078647e+002 -2.344776217944e+001 -5.952037704556e+001
  2.405498029180e+002 -2.336385095339e+001 -5.945538198105e+001
  2.405081289508e+002 -2.331594160192e+001 -5.944029632947e+001
  2.403940765175e+002 -2.336870864421e+001 -5.942872394444e+001
  2.404679716215e+002 -2.345055799692e+001 -5.936881612616e+001
  2.403719369633e+002 -2.348936633361e+001 -5.946764366041e+001
  2.404152844391e+002 -2.333615018909e+001 -5.950063940599e+001
  2.404389709933e+002 -2.301934964172e+001 -5.948674105707e+001
  2.403761042459e+002 -2.299477536979e+001 -5.936707991805e+001
  2.402962109983e+002 -2.294360067817e+001 -5.936238817113e+001
  2.402445171007e+002 -2.291684543320e+001 -5.937240215682e+001
  2.401829856459e+002 -2.287790765623e+001 -5.939223969259e+001
                  nan                  nan                  nan
                  nan                  nan                  nan
                  nan                  nan                  nan
                  nan                  nan                  nan
                  nan                  nan                  nan
                  nan                  nan                  nan
                  nan                  nan                  nan
                  nan                  nan                  nan
                  nan                  nan                  nan
                  nan                  nan                  nan
