  0.000000000000e+000
  0.000000000000e+000
  0.000000000000e+000
  0.000000000000e+000
  0.000000000000e+000
  0.000000000000e+000
  0.000000000000e+000
  0.000000000000e+000
  0.000000000000e+000
  0.000000000000e+000
  0.000000000000e+000
  0.000000000000e+000
  0.000000000000e+000
  0.000000000000e+000
  0.000000000000e+000
  0.000000000000e+000
  0.000000000000e+000
  0.000000000000e+000
  0.000000000000e+000
  9.888999938965e+001
  9.886548175797e+001
  9.906719885330e+001
  9.906765231414e+001
  9.919660187742e+001
  9.912303102217e+001
  9.907548920191e+001
  9.893207518154e+001
  9.882633426748e+001
  9.878388499741e+001
  9.883326828593e+001
  9.939748601974e+001
  9.939315875059e+001
  9.937411532357e+001
  9.950741695092e+001
  9.952930066384e+001
  1.001385431351e+002
  9.998483954448e+001
  1.000361278235e+002
  1.000127109625e+002
  1.000860798684e+002
  1.001481644387e+002
  1.000951336009e+002
  1.000544508605e+002
  1.000807731925e+002
  1.000833493818e+002
  1.001165287707e+002
  1.002146492415e+002
  1.006938918190e+002
  1.011724358172e+002
  1.014461519661e+002
  1.015883143450e+002
  1.009629127519e+002
  1.007814433752e+002
  1.010980436508e+002
  1.013427685901e+002
  1.007973061066e+002
  1.011486637486e+002
  1.013836179094e+002
  1.011633298650e+002
  1.009537170776e+002
  9.946395440763e+001
  9.854710864671e+001
  9.221027281558e+001
  8.998379134557e+001
  8.913512001391e+001
  8.889144618057e+001
  8.860255626502e+001
  8.863912483919e+001
  8.860091408195e+001
  8.968596855223e+001
  8.884500028754e+001
  8.953689187339e+001
  8.962611584209e+001
  8.966665244106e+001
  8.961854174429e+001
  8.958465501801e+001
  8.972512826678e+001
  8.963687800256e+001
  8.919046919801e+001
  8.917644433917e+001
  8.919676608780e+001
  9.004865934854e+001
  9.098961662082e+001
  9.252672407173e+001
  9.367956108569e+001
  9.461667029886e+001
  9.287214009427e+001
  9.254168449498e+001
  9.343121587738e+001
  9.362303768009e+001
  9.395187963008e+001
  9.401693099043e+001
  9.416378156145e+001
  9.475002743499e+001
  9.436932996078e+001
  9.331810336837e+001
  9.189222804000e+001
  9.215839852290e+001
  9.279162144052e+001
  9.308938163670e+001
  9.227960591157e+001
  9.249859299758e+001
  9.259064191730e+001
  9.244719685065e+001
  9.234251114680e+001
  9.155568628239e+001
  9.126593813573e+001
  9.084902146795e+001
  9.098928392688e+001
  9.067938639066e+001
  8.981474067116e+001
  8.927303277653e+001
  8.890415432989e+001
  8.890670033791e+001
  8.892022308702e+001
  8.892510663800e+001
  8.874652377359e+001
  8.850442381324e+001
  8.868761023020e+001
  8.995667004823e+001
  9.032480192131e+001
  9.118848507227e+001
  9.551514056053e+001
  9.667781748518e+001
  9.318363589552e+001
  9.088022223915e+001
  8.720635822833e+001
  8.137164816184e+001
  7.921155599416e+001
  7.880544819592e+001
  7.968636890152e+001
  8.008612114689e+001
  8.006198457468e+001
  8.035300346507e+001
  8.012816338568e+001
  8.019962690821e+001
  8.062394181215e+001
  8.292767654843e+001
  8.368709869881e+001
  8.421148658694e+001
  8.437831877755e+001
  8.511240796602e+001
  8.448609051702e+001
  8.507892117020e+001
  8.594155103967e+001
  8.612387270479e+001
  8.550637018379e+001
  8.527341053024e+001
  8.562716603550e+001
  8.812594378035e+001
  8.833292034261e+001
  8.849640937122e+001
  8.835853692385e+001
  8.862688555618e+001
  8.859782804585e+001
  8.887536624608e+001
  8.949528302882e+001
  8.975349078409e+001
  8.947974936770e+001
  8.865199753027e+001
  8.766653192014e+001
  9.014942658021e+001
  9.345896311316e+001
  9.806190496380e+001
  9.822297566380e+001
  9.710998338574e+001
  9.514746690366e+001
  9.392187783961e+001
  9.424014243203e+001
  9.401798587736e+001
  9.355990648539e+001
  9.326304736535e+001
  9.323708274734e+001
  9.235257403473e+001
  9.413640761624e+001
  9.198598310643e+001
  9.338177075511e+001
  9.360361664354e+001
  9.659250187623e+001
  9.775481819040e+001
  9.945255729166e+001
  1.008771685006e+002
  1.014224851492e+002
  1.022112745821e+002
  1.016419598945e+002
  9.694358229240e+001
  9.365765218425e+001
  9.078808327993e+001
  8.697056877004e+001
  8.426739908431e+001
  8.370375327809e+001
  8.369728754035e+001
  8.517947525101e+001
  8.593624630394e+001
  8.617916729905e+001
  8.642766164874e+001
  8.588584939100e+001
  8.593194695599e+001
  8.447869778950e+001
  8.410588966460e+001
  8.314643662857e+001
  8.303639334617e+001
  8.292882299848e+001
  8.296962042554e+001
  8.286488989307e+001
  8.316895457425e+001
  8.351321586959e+001
  8.393375742340e+001
  8.487729518510e+001
  8.538302804065e+001
  8.595940095231e+001
  8.633307072162e+001
  8.583177588541e+001
  8.574851584430e+001
  8.596825704859e+001
  8.581848428478e+001
  8.393194526624e+001
  8.329405695424e+001
  8.338247507218e+001
  8.317742145309e+001
  8.380543073880e+001
  8.381290102757e+001
  8.311110543871e+001
  8.217248239439e+001
  8.250870783476e+001
  8.347608220882e+001
  8.426153579872e+001
  8.455660734591e+001
  8.421794624491e+001
  8.330916805900e+001
  8.314544934945e+001
  8.325247923643e+001
  8.381752599076e+001
  8.381434898068e+001
  8.337281631023e+001
  8.334592294042e+001
  8.284283376788e+001
  8.269811480647e+001
  8.263999428549e+001
  8.045049059730e+001
  8.020330979709e+001
  8.008011767957e+001
  8.097408364858e+001
  8.051377507471e+001
  8.034469504474e+001
  8.059006794799e+001
  8.166307899019e+001
  8.240721620822e+001
  8.281627865648e+001
  8.365753093223e+001
  8.262316785426e+001
  8.266030123560e+001
  8.268435480981e+001
  8.224606171815e+001
  8.313785508657e+001
  8.490981409140e+001
  8.649493977454e+001
  8.697242809916e+001
  8.778790092415e+001
  8.776420085244e+001
  8.736787950620e+001
  8.735517051002e+001
  8.735709593423e+001
  8.573186106173e+001
  8.576857416901e+001
  8.622121687171e+001
  8.678600063533e+001
  8.672866446164e+001
  8.692607352184e+001
  8.673931686845e+001
  8.641340169788e+001
  8.622948244858e+001
  8.616300981457e+001
  8.644513576240e+001
  8.675121327740e+001
  8.728517918591e+001
  8.722865144936e+001
  8.654578194632e+001
  8.480462968584e+001
  8.485350093666e+001
  8.477096717130e+001
  8.550121811418e+001
  8.784741962895e+001
  8.930602350870e+001
  8.933110090258e+001
  8.842527349216e+001
  8.799281263878e+001
  8.773571400630e+001
  8.838687114834e+001
  8.841321108541e+001
  8.829191104235e+001
  8.812633390091e+001
  8.799908858575e+001
  8.748778204225e+001
  8.727588239438e+001
  8.693353934453e+001
  8.657701253215e+001
  8.640875934540e+001
  8.662487724027e+001
  8.744854683623e+001
  8.934122100157e+001
  9.139065297007e+001
  9.030552628747e+001
  8.950420339259e+001
  8.830552294427e+001
  8.742772413668e+001
  8.708423480791e+001
  8.680943695323e+001
  8.685539690136e+001
  8.691099550875e+001
  8.641147989785e+001
  8.666336334492e+001
  8.731692292598e+001
  8.765710936644e+001
  8.782395584965e+001
  8.670824909285e+001
  8.671173621111e+001
  8.750116031925e+001
  8.789762166134e+001
  8.894958124534e+001
  8.951346588971e+001
  9.267512673321e+001
  9.340674047058e+001
  9.376571051962e+001
  9.384046697251e+001
  9.335836298516e+001
  9.192732342886e+001
  9.190309516991e+001
  9.107986004504e+001
  9.102578532671e+001
  9.124359830457e+001
  9.149866535583e+001
  9.637313230129e+001
  9.831292221561e+001
  9.874387717621e+001
  1.000969206730e+002
  1.006569451853e+002
  1.011457314557e+002
  1.016702941547e+002
  1.027166693058e+002
  1.022760631319e+002
  1.022412468199e+002
  1.024046215011e+002
  1.023123264842e+002
  1.022606326170e+002
  1.023140041323e+002
  1.024490904655e+002
  1.024055585072e+002
  1.024378796475e+002
  1.023408959603e+002
  1.022263948474e+002
  1.025517599919e+002
  1.028325462123e+002
  1.030636673508e+002
  1.030428497320e+002
  1.046517170839e+002
  1.040197834900e+002
  1.039430634175e+002
  1.029877196950e+002
  1.024819603060e+002
  1.019763126195e+002
  1.020163568457e+002
  1.003504722243e+002
  9.871626084976e+001
  9.710326931202e+001
  9.738367534778e+001
  9.768216671844e+001
  9.754785448748e+001
  9.837072449103e+001
  9.614281930111e+001
  9.543155449163e+001
  9.510183894120e+001
  9.626512416886e+001
  9.603522598791e+001
  9.590512032193e+001
  9.596423813266e+001
  9.588563398997e+001
  9.588589527760e+001
  9.594788564940e+001
  9.610665175181e+001
  9.616577630649e+001
  9.605405076142e+001
  9.603035808380e+001
  9.601313768702e+001
  9.594454473498e+001
  9.589209131437e+001
  9.672590238054e+001
  1.025857667897e+002
  1.022136430403e+002
  1.030016465579e+002
  1.032083532049e+002
  9.940059527707e+001
  9.858615783966e+001
  9.589773095267e+001
  9.571462009281e+001
  9.818467074875e+001
  9.989633042994e+001
  1.013916439235e+002
  1.019958115912e+002
  1.034683160108e+002
  1.028412606993e+002
  1.030718475923e+002
  1.064285558530e+002
  1.077169227751e+002
  1.072140820010e+002
  1.063367196096e+002
  1.066869868754e+002
  1.066439826550e+002
  1.067705854235e+002
  1.067709236783e+002
  1.067928679806e+002
  1.070044464504e+002
  1.076065911404e+002
  1.100314492575e+002
  1.118693867250e+002
  1.157217025720e+002
  1.135915705264e+002
  1.121459561263e+002
  1.103213147529e+002
  1.099200802670e+002
  1.093320930001e+002
  1.082740993082e+002
  1.076562589853e+002
  1.073075582450e+002
  1.072039519305e+002
  1.077042549837e+002
  1.076079009858e+002
  1.052641445539e+002
  9.849923239801e+001
  9.859644447075e+001
  1.039381088287e+002
  1.116327546741e+002
  1.117475220420e+002
  1.121695982133e+002
  1.117913654754e+002
  1.106947206567e+002
  1.104593207349e+002
  1.104394859793e+002
  1.105580881719e+002
  1.104800526780e+002
  1.106474006351e+002
  1.099581070136e+002
  1.099842212785e+002
  1.101045331474e+002
  1.102178494132e+002
  1.102175950168e+002
  1.102478518089e+002
  1.103663386187e+002
  1.104512304252e+002
  1.101555552191e+002
  1.101122774722e+002
  1.103676855615e+002
  1.114895674638e+002
  1.134127903816e+002
  1.151693305036e+002
  1.162042842731e+002
  1.180369416717e+002
  1.190033798090e+002
  1.198521824517e+002
  1.201928895233e+002
  1.204721394325e+002
  1.204186709788e+002
  1.205765013640e+002
  1.204318063170e+002
  1.204882978706e+002
  1.199723463750e+002
  1.204224452763e+002
  1.204569386623e+002
  1.208018898321e+002
  1.220429569769e+002
  1.228853137923e+002
  1.212169451070e+002
  1.208235999710e+002
  1.208317068152e+002
  1.206319309499e+002
  1.205011633587e+002
  1.206557788913e+002
  1.213837732187e+002
  1.216335385192e+002
  1.216872105906e+002
  1.244621888131e+002
  1.246233527693e+002
  1.250231839098e+002
  1.252637640888e+002
  1.252948163047e+002
  1.254404735038e+002
  1.253667904444e+002
  1.251184558267e+002
                  nan
                  nan
                  nan
                  nan
                  nan
                  nan
                  nan
                  nan
                  nan
                  nan
