  7.680000305176e+001
  7.691296474855e+001
  7.680335246311e+001
  7.666081299815e+001
  7.674547038902e+001
  7.658679343980e+001
  7.655954477426e+001
  7.662600325367e+001
  7.657162250788e+001
  7.658638055381e+001
  7.657799594779e+001
  7.659586200192e+001
  7.652503713741e+001
  7.637994821946e+001
  7.670033337567e+001
  7.645030481427e+001
  7.643194347292e+001
  7.646141711573e+001
  7.641266455066e+001
  7.630394985061e+001
  7.621774950465e+001
  7.627596495496e+001
  7.636250901149e+001
  7.647252623684e+001
  7.638161326512e+001
  7.641129262590e+001
  7.637001035415e+001
  7.639111933075e+001
  7.651388346222e+001
  7.640268410103e+001
  7.644259379117e+001
  7.650656966861e+001
  7.659242838963e+001
  7.660888065728e+001
  7.653142372047e+001
  7.674342969858e+001
  7.497399334727e+001
  7.296828154194e+001
  7.174801660128e+001
  7.119383591800e+001
  7.109626681175e+001
  7.106363816231e+001
  7.116525919428e+001
  7.115368460746e+001
  7.109481741152e+001
  7.128948410380e+001
  7.118510869536e+001
  7.131011489336e+001
  7.157735992352e+001
  7.193436242830e+001
  7.279818441049e+001
  7.323922333360e+001
  7.338705755421e+001
  7.308905070619e+001
  7.285669961052e+001
  7.261673622537e+001
  7.246742390431e+001
  7.296892083477e+001
  7.312124076818e+001
  7.347683556986e+001
  7.372265588361e+001
  7.391884229153e+001
  7.387136080491e+001
  7.399379749962e+001
  7.377212721551e+001
  7.360036603843e+001
  7.353454609085e+001
  7.341340222857e+001
  7.319786339209e+001
  7.330138420141e+001
  7.326623907810e+001
  7.327472565590e+001
  7.337476886252e+001
  7.354439252663e+001
  7.400044130185e+001
  7.427213068798e+001
  7.417447079256e+001
  7.455608870793e+001
  7.502905698627e+001
  7.546947489755e+001
  7.571588031267e+001
  7.600436151347e+001
  7.630236974165e+001
  7.779976399173e+001
  7.798620957837e+001
  7.811982537296e+001
  7.817839730099e+001
  7.791474648337e+001
  7.648479757499e+001
  7.646543572655e+001
  7.660099444224e+001
  7.677788024857e+001
