  7.680000305176e+001
  7.692318589897e+001
  7.684383201890e+001
  7.680575098733e+001
  7.689836028058e+001
  7.675553990334e+001
  7.674051458662e+001
  7.689534177604e+001
  7.692179708970e+001
  7.712774654715e+001
  7.729625523255e+001
  7.739214545296e+001
  7.731038273004e+001
  7.731799077812e+001
  7.731368127055e+001
  7.712947320584e+001
  7.708181729964e+001
  7.709005483412e+001
  7.707688823842e+001
  7.704305356097e+001
  7.688357629821e+001
  7.713366434630e+001
  7.729329350697e+001
  7.742370913706e+001
  7.692318657016e+001
  7.670742650505e+001
  7.567994752690e+001
  7.424774143097e+001
  7.221062922609e+001
  7.010055644549e+001
  7.000613639817e+001
  7.015437046279e+001
  7.012617851019e+001
  7.020449568809e+001
  7.017538440080e+001
  7.035909130260e+001
  7.013601487314e+001
  7.016444939537e+001
  6.921474774895e+001
  6.797724564448e+001
  6.781678105494e+001
  6.768665350246e+001
  6.750376239129e+001
  6.763368732155e+001
  6.722729263747e+001
  6.698714549122e+001
  6.669549735098e+001
  6.668833719627e+001
  6.655175528236e+001
  6.671115929115e+001
  6.676840800551e+001
  6.702265883843e+001
  6.810765597468e+001
  6.825358168279e+001
  6.896968393721e+001
  7.032175526385e+001
  7.220304489153e+001
  7.370429581312e+001
  7.534805103650e+001
  7.636924559448e+001
  7.741244106928e+001
  7.743979963897e+001
  7.749895070918e+001
  7.752890234922e+001
  7.749214899120e+001
  7.746261697047e+001
  7.738691465546e+001
  7.715423890573e+001
  7.702046092118e+001
  7.708032047578e+001
  7.698597408206e+001
  7.771922983391e+001
  7.797594122520e+001
  7.841870957936e+001
  7.898924751072e+001
  7.947898563922e+001
  7.985157002704e+001
  7.995426061237e+001
  8.014914282945e+001
  8.012156215125e+001
  8.042759843646e+001
  8.094831083855e+001
  8.134881946362e+001
  8.212252820539e+001
  8.276647284197e+001
  8.386295388976e+001
  8.430273787850e+001
  8.463177429909e+001
  8.487534005532e+001
  8.520031121614e+001
  8.539162429090e+001
  8.548475792083e+001
  8.523668904328e+001
  8.536233251372e+001
  8.538746457585e+001
  8.549793398369e+001
  8.546616059057e+001
  8.543255869813e+001
  8.544104206716e+001
  8.536804077177e+001
  8.525225668892e+001
  8.534071443830e+001
  8.537857516465e+001
  8.569770145749e+001
  8.582028492332e+001
  8.557197310638e+001
  8.535678171901e+001
  8.385827425846e+001
  8.357978761553e+001
  8.286207188829e+001
  8.215249122080e+001
  8.199388762892e+001
  8.089512798075e+001
  7.979992466207e+001
  7.905474461088e+001
  7.841544333464e+001
  7.754983312380e+001
  7.741232816893e+001
  7.664401156980e+001
  7.622920861560e+001
  7.560983791796e+001
  7.472359241040e+001
  7.400293981786e+001
  7.321803709249e+001
  7.291254663089e+001
  7.259787776168e+001
  7.230309425389e+001
  7.235829274595e+001
  7.240124818870e+001
