  9.476533333333e+001  3.056853333333e+002  1.660000000000e+002  0.000000000000e+000
  9.607277628032e+001  3.058247978437e+002  1.640000000000e+002  0.000000000000e+000
  1.085705882353e+002  3.049000000000e+002  1.520000000000e+002  0.000000000000e+000
  1.188409090909e+002  3.043863636364e+002  1.420000000000e+002  0.000000000000e+000
  1.363674698795e+002  3.021566265060e+002  1.240000000000e+002  0.000000000000e+000
  1.496604938272e+002  3.012901234568e+002  1.110000000000e+002  0.000000000000e+000
  1.594507462687e+002  2.985641791045e+002  1.010000000000e+002  0.000000000000e+000
  1.705597269625e+002  2.938430034130e+002  9.000000000000e+001  0.000000000000e+000
  1.789054054054e+002  2.904189189189e+002  8.200000000000e+001  0.000000000000e+000
  1.946857142857e+002  2.814476190476e+002  6.600000000000e+001  0.000000000000e+000
  2.033089887640e+002  2.764325842697e+002  5.700000000000e+001  0.000000000000e+000
  2.348750000000e+002  2.717500000000e+002  2.600000000000e+001  0.000000000000e+000
  2.348370786517e+002  2.546348314607e+002  2.600000000000e+001  6.000000000000e+000
  2.406538461538e+002  2.473717948718e+002  2.000000000000e+001  1.300000000000e+001
  2.573400000000e+002  2.380600000000e+002  3.000000000000e+000  2.200000000000e+001
  2.653888888889e+002  2.355864197531e+002  3.250000000000e+002  0.000000000000e+000
  2.821136363636e+002  2.361818181818e+002  3.080000000000e+002  0.000000000000e+000
  2.944784946237e+002  2.357688172043e+002  2.960000000000e+002  0.000000000000e+000
  3.145000000000e+002  2.332272727273e+002  2.760000000000e+002  0.000000000000e+000
  3.291732283465e+002  2.321338582677e+002  2.610000000000e+002  0.000000000000e+000
  3.504058823529e+002  2.319588235294e+002  2.400000000000e+002  0.000000000000e+000
  3.539831460674e+002  2.222078651685e+002  2.370000000000e+002  0.000000000000e+000
  3.662647058824e+002  2.204058823529e+002  2.240000000000e+002  0.000000000000e+000
  3.759523809524e+002  2.216904761905e+002  2.150000000000e+002  0.000000000000e+000
  3.860706214689e+002  2.241242937853e+002  2.040000000000e+002  0.000000000000e+000
  4.083035714286e+002  2.240119047619e+002  1.820000000000e+002  0.000000000000e+000
  4.238947368421e+002  2.246578947368e+002  1.670000000000e+002  0.000000000000e+000
  4.346123595506e+002  2.209494382022e+002  1.560000000000e+002  0.000000000000e+000
  4.472591240876e+002  2.234233576642e+002  1.430000000000e+002  0.000000000000e+000
  4.701250000000e+002  2.296250000000e+002  1.200000000000e+002  0.000000000000e+000
  4.783260869565e+002  2.298913043478e+002  1.120000000000e+002  0.000000000000e+000
  4.847021276596e+002  2.316489361702e+002  1.060000000000e+002  0.000000000000e+000
  4.907298850575e+002  2.401551724138e+002  1.000000000000e+002  0.000000000000e+000
  5.099074074074e+002  2.465000000000e+002  8.100000000000e+001  0.000000000000e+000
  5.291666666667e+002  2.550000000000e+002  6.100000000000e+001  0.000000000000e+000
  5.366559139785e+002  2.623763440860e+002  5.400000000000e+001  0.000000000000e+000
  5.389972826087e+002  2.726576086957e+002  5.200000000000e+001  0.000000000000e+000
  5.454684385382e+002  2.788604651163e+002  4.500000000000e+001 -4.000000000000e+000
  5.527829181495e+002  2.956049822064e+002  3.800000000000e+001 -2.100000000000e+001
  5.584250871080e+002  2.997491289199e+002  3.200000000000e+001 -2.500000000000e+001
  5.761067961165e+002  3.047718446602e+002  1.400000000000e+001 -3.000000000000e+001
  5.853055555556e+002  2.999166666667e+002  5.000000000000e+000 -2.500000000000e+001
