  7.500000000000e+001  2.590000000000e+002  1.100000000000e+002  0.000000000000e+000
  7.700000000000e+001  2.590000000000e+002  1.080000000000e+002  0.000000000000e+000
  8.300000000000e+001  2.590000000000e+002  1.020000000000e+002  0.000000000000e+000
  8.300000000000e+001  2.590000000000e+002  1.020000000000e+002  0.000000000000e+000
  8.500000000000e+001  2.590000000000e+002  1.000000000000e+002  0.000000000000e+000
  8.500000000000e+001  2.590000000000e+002  1.000000000000e+002  0.000000000000e+000
  8.500000000000e+001  2.590000000000e+002  1.000000000000e+002  0.000000000000e+000
  8.500000000000e+001  2.590000000000e+002  1.000000000000e+002  0.000000000000e+000
  8.700000000000e+001  2.590000000000e+002  9.800000000000e+001  0.000000000000e+000
  8.900000000000e+001  2.590000000000e+002  9.600000000000e+001  0.000000000000e+000
  9.100000000000e+001  2.590000000000e+002  9.400000000000e+001  0.000000000000e+000
  9.300000000000e+001  2.590000000000e+002  9.200000000000e+001  0.000000000000e+000
  9.300000000000e+001  2.570000000000e+002  9.200000000000e+001  0.000000000000e+000
  9.500000000000e+001  2.570000000000e+002  9.000000000000e+001  0.000000000000e+000
  9.700000000000e+001  2.570000000000e+002  8.800000000000e+001  0.000000000000e+000
  9.700000000000e+001  2.570000000000e+002  8.800000000000e+001  0.000000000000e+000
  1.010000000000e+002  2.570000000000e+002  8.400000000000e+001  0.000000000000e+000
  1.050000000000e+002  2.550000000000e+002  8.000000000000e+001  0.000000000000e+000
  1.070000000000e+002  2.530000000000e+002  7.800000000000e+001  0.000000000000e+000
  1.050000000000e+002  2.550000000000e+002  8.000000000000e+001  0.000000000000e+000
  1.050000000000e+002  2.530000000000e+002  8.000000000000e+001  0.000000000000e+000
  1.050000000000e+002  2.530000000000e+002  8.000000000000e+001  0.000000000000e+000
  1.070000000000e+002  2.530000000000e+002  7.800000000000e+001  0.000000000000e+000
  1.070000000000e+002  2.530000000000e+002  7.800000000000e+001  0.000000000000e+000
  1.070000000000e+002  2.510000000000e+002  7.800000000000e+001  0.000000000000e+000
  1.070000000000e+002  2.530000000000e+002  7.800000000000e+001  0.000000000000e+000
  1.090000000000e+002  2.510000000000e+002  7.600000000000e+001  0.000000000000e+000
  1.090000000000e+002  2.510000000000e+002  7.600000000000e+001  0.000000000000e+000
  1.090000000000e+002  2.510000000000e+002  7.600000000000e+001  0.000000000000e+000
  1.090000000000e+002  2.510000000000e+002  7.600000000000e+001  0.000000000000e+000
  1.090000000000e+002  2.510000000000e+002  7.600000000000e+001  0.000000000000e+000
  1.090000000000e+002  2.510000000000e+002  7.600000000000e+001  0.000000000000e+000
  1.090000000000e+002  2.510000000000e+002  7.600000000000e+001  0.000000000000e+000
  1.090000000000e+002  2.510000000000e+002  7.600000000000e+001  0.000000000000e+000
  1.110000000000e+002  2.510000000000e+002  7.400000000000e+001  0.000000000000e+000
  1.110000000000e+002  2.510000000000e+002  7.400000000000e+001  0.000000000000e+000
  1.110000000000e+002  2.490000000000e+002  7.400000000000e+001  0.000000000000e+000
  1.110000000000e+002  2.490000000000e+002  7.400000000000e+001  0.000000000000e+000
  1.130000000000e+002  2.490000000000e+002  7.200000000000e+001  0.000000000000e+000
  1.130000000000e+002  2.490000000000e+002  7.200000000000e+001  0.000000000000e+000
  1.130000000000e+002  2.490000000000e+002  7.200000000000e+001  0.000000000000e+000
  1.150000000000e+002  2.470000000000e+002  7.000000000000e+001  0.000000000000e+000
  1.150000000000e+002  2.470000000000e+002  7.000000000000e+001  0.000000000000e+000
  1.150000000000e+002  2.490000000000e+002  7.000000000000e+001  0.000000000000e+000
  1.150000000000e+002  2.470000000000e+002  7.000000000000e+001  0.000000000000e+000
  1.130000000000e+002  2.490000000000e+002  7.200000000000e+001  0.000000000000e+000
  1.150000000000e+002  2.490000000000e+002  7.000000000000e+001  0.000000000000e+000
  1.150000000000e+002  2.490000000000e+002  7.000000000000e+001  0.000000000000e+000
  1.150000000000e+002  2.470000000000e+002  7.000000000000e+001  0.000000000000e+000
  1.170000000000e+002  2.470000000000e+002  6.800000000000e+001  0.000000000000e+000
  1.170000000000e+002  2.470000000000e+002  6.800000000000e+001  0.000000000000e+000
  1.190000000000e+002  2.470000000000e+002  6.600000000000e+001  0.000000000000e+000
  1.190000000000e+002  2.470000000000e+002  6.600000000000e+001  0.000000000000e+000
  1.210000000000e+002  2.470000000000e+002  6.400000000000e+001  0.000000000000e+000
  1.190000000000e+002  2.450000000000e+002  6.600000000000e+001  0.000000000000e+000
  1.210000000000e+002  2.450000000000e+002  6.400000000000e+001  0.000000000000e+000
  1.230000000000e+002  2.450000000000e+002  6.200000000000e+001  0.000000000000e+000
  1.250000000000e+002  2.430000000000e+002  6.000000000000e+001  0.000000000000e+000
  1.250000000000e+002  2.430000000000e+002  6.000000000000e+001  0.000000000000e+000
  1.250000000000e+002  2.430000000000e+002  6.000000000000e+001  0.000000000000e+000
  1.250000000000e+002  2.430000000000e+002  6.000000000000e+001  0.000000000000e+000
  1.250000000000e+002  2.430000000000e+002  6.000000000000e+001  0.000000000000e+000
  1.270000000000e+002  2.410000000000e+002  5.800000000000e+001  0.000000000000e+000
  1.290000000000e+002  2.410000000000e+002  5.600000000000e+001  0.000000000000e+000
  1.290000000000e+002  2.410000000000e+002  5.600000000000e+001  0.000000000000e+000
  1.290000000000e+002  2.410000000000e+002  5.600000000000e+001  0.000000000000e+000
  1.290000000000e+002  2.410000000000e+002  5.600000000000e+001  0.000000000000e+000
  1.290000000000e+002  2.410000000000e+002  5.600000000000e+001  0.000000000000e+000
  1.310000000000e+002  2.410000000000e+002  5.400000000000e+001  0.000000000000e+000
  1.290000000000e+002  2.410000000000e+002  5.600000000000e+001  0.000000000000e+000
  1.310000000000e+002  2.390000000000e+002  5.400000000000e+001  0.000000000000e+000
  1.310000000000e+002  2.390000000000e+002  5.400000000000e+001  0.000000000000e+000
  1.310000000000e+002  2.390000000000e+002  5.400000000000e+001  0.000000000000e+000
  1.310000000000e+002  2.390000000000e+002  5.400000000000e+001  0.000000000000e+000
  1.310000000000e+002  2.390000000000e+002  5.400000000000e+001  0.000000000000e+000
  1.330000000000e+002  2.390000000000e+002  5.200000000000e+001  0.000000000000e+000
  1.330000000000e+002  2.390000000000e+002  5.200000000000e+001  0.000000000000e+000
  1.350000000000e+002  2.370000000000e+002  5.000000000000e+001  0.000000000000e+000
  1.350000000000e+002  2.370000000000e+002  5.000000000000e+001  0.000000000000e+000
  1.350000000000e+002  2.370000000000e+002  5.000000000000e+001  0.000000000000e+000
  1.350000000000e+002  2.370000000000e+002  5.000000000000e+001  0.000000000000e+000
  1.350000000000e+002  2.370000000000e+002  5.000000000000e+001  0.000000000000e+000
  1.370000000000e+002  2.370000000000e+002  4.800000000000e+001  0.000000000000e+000
  1.370000000000e+002  2.370000000000e+002  4.800000000000e+001  0.000000000000e+000
  1.390000000000e+002  2.350000000000e+002  4.600000000000e+001  0.000000000000e+000
  1.370000000000e+002  2.370000000000e+002  4.800000000000e+001  0.000000000000e+000
  1.390000000000e+002  2.350000000000e+002  4.600000000000e+001  0.000000000000e+000
  1.390000000000e+002  2.350000000000e+002  4.600000000000e+001  0.000000000000e+000
  1.410000000000e+002  2.350000000000e+002  4.400000000000e+001  0.000000000000e+000
  1.410000000000e+002  2.350000000000e+002  4.400000000000e+001  0.000000000000e+000
  1.410000000000e+002  2.350000000000e+002  4.400000000000e+001  0.000000000000e+000
  1.410000000000e+002  2.330000000000e+002  4.400000000000e+001  0.000000000000e+000
  1.430000000000e+002  2.330000000000e+002  4.200000000000e+001  0.000000000000e+000
  1.430000000000e+002  2.330000000000e+002  4.200000000000e+001  0.000000000000e+000
  1.430000000000e+002  2.310000000000e+002  4.200000000000e+001  0.000000000000e+000
  1.430000000000e+002  2.330000000000e+002  4.200000000000e+001  0.000000000000e+000
  1.450000000000e+002  2.310000000000e+002  4.000000000000e+001  0.000000000000e+000
  1.450000000000e+002  2.330000000000e+002  4.000000000000e+001  0.000000000000e+000
  1.450000000000e+002  2.330000000000e+002  4.000000000000e+001  0.000000000000e+000
  1.450000000000e+002  2.310000000000e+002  4.000000000000e+001  0.000000000000e+000
  1.470000000000e+002  2.310000000000e+002  3.800000000000e+001  0.000000000000e+000
  1.470000000000e+002  2.310000000000e+002  3.800000000000e+001  0.000000000000e+000
  1.470000000000e+002  2.310000000000e+002  3.800000000000e+001  0.000000000000e+000
  1.470000000000e+002  2.290000000000e+002  3.800000000000e+001  0.000000000000e+000
  1.490000000000e+002  2.290000000000e+002  3.600000000000e+001  0.000000000000e+000
  1.490000000000e+002  2.290000000000e+002  3.600000000000e+001  0.000000000000e+000
  1.490000000000e+002  2.290000000000e+002  3.600000000000e+001  0.000000000000e+000
  1.510000000000e+002  2.270000000000e+002  3.400000000000e+001  0.000000000000e+000
  1.490000000000e+002  2.290000000000e+002  3.600000000000e+001  0.000000000000e+000
  1.510000000000e+002  2.270000000000e+002  3.400000000000e+001  0.000000000000e+000
  1.510000000000e+002  2.270000000000e+002  3.400000000000e+001  0.000000000000e+000
  1.510000000000e+002  2.250000000000e+002  3.400000000000e+001  0.000000000000e+000
  1.510000000000e+002  2.270000000000e+002  3.400000000000e+001  0.000000000000e+000
  1.530000000000e+002  2.270000000000e+002  3.200000000000e+001  0.000000000000e+000
  1.530000000000e+002  2.270000000000e+002  3.200000000000e+001  0.000000000000e+000
  1.570000000000e+002  2.250000000000e+002  2.800000000000e+001  0.000000000000e+000
  1.570000000000e+002  2.250000000000e+002  2.800000000000e+001  0.000000000000e+000
  1.550000000000e+002  2.250000000000e+002  3.000000000000e+001  0.000000000000e+000
  1.570000000000e+002  2.250000000000e+002  2.800000000000e+001  0.000000000000e+000
  1.570000000000e+002  2.230000000000e+002  2.800000000000e+001  0.000000000000e+000
  1.570000000000e+002  2.230000000000e+002  2.800000000000e+001  0.000000000000e+000
  1.590000000000e+002  2.210000000000e+002  2.600000000000e+001  0.000000000000e+000
  1.590000000000e+002  2.230000000000e+002  2.600000000000e+001  0.000000000000e+000
  1.590000000000e+002  2.210000000000e+002  2.600000000000e+001  0.000000000000e+000
  1.590000000000e+002  2.210000000000e+002  2.600000000000e+001  0.000000000000e+000
  1.590000000000e+002  2.230000000000e+002  2.600000000000e+001  0.000000000000e+000
  1.590000000000e+002  2.210000000000e+002  2.600000000000e+001  0.000000000000e+000
  1.590000000000e+002  2.210000000000e+002  2.600000000000e+001  0.000000000000e+000
  1.590000000000e+002  2.210000000000e+002  2.600000000000e+001  0.000000000000e+000
  1.590000000000e+002  2.230000000000e+002  2.600000000000e+001  0.000000000000e+000
  1.590000000000e+002  2.210000000000e+002  2.600000000000e+001  0.000000000000e+000
  1.590000000000e+002  2.210000000000e+002  2.600000000000e+001  0.000000000000e+000
  1.590000000000e+002  2.210000000000e+002  2.600000000000e+001  0.000000000000e+000
  1.590000000000e+002  2.210000000000e+002  2.600000000000e+001  0.000000000000e+000
  1.610000000000e+002  2.210000000000e+002  2.400000000000e+001  0.000000000000e+000
  1.590000000000e+002  2.210000000000e+002  2.600000000000e+001  0.000000000000e+000
  1.590000000000e+002  2.210000000000e+002  2.600000000000e+001  0.000000000000e+000
  1.610000000000e+002  2.210000000000e+002  2.400000000000e+001  0.000000000000e+000
  1.590000000000e+002  2.210000000000e+002  2.600000000000e+001  0.000000000000e+000
  1.610000000000e+002  2.190000000000e+002  2.400000000000e+001  0.000000000000e+000
  1.610000000000e+002  2.190000000000e+002  2.400000000000e+001  0.000000000000e+000
  1.610000000000e+002  2.190000000000e+002  2.400000000000e+001  0.000000000000e+000
  1.610000000000e+002  2.170000000000e+002  2.400000000000e+001  0.000000000000e+000
  1.610000000000e+002  2.190000000000e+002  2.400000000000e+001  0.000000000000e+000
  1.610000000000e+002  2.170000000000e+002  2.400000000000e+001  0.000000000000e+000
  1.610000000000e+002  2.190000000000e+002  2.400000000000e+001  0.000000000000e+000
  1.610000000000e+002  2.190000000000e+002  2.400000000000e+001  0.000000000000e+000
  1.610000000000e+002  2.190000000000e+002  2.400000000000e+001  0.000000000000e+000
  1.610000000000e+002  2.170000000000e+002  2.400000000000e+001  0.000000000000e+000
  1.650000000000e+002  2.150000000000e+002  2.000000000000e+001  0.000000000000e+000
  1.670000000000e+002  2.150000000000e+002  1.800000000000e+001  0.000000000000e+000
  1.650000000000e+002  2.150000000000e+002  2.000000000000e+001  0.000000000000e+000
  1.650000000000e+002  2.130000000000e+002  2.000000000000e+001  0.000000000000e+000
  1.650000000000e+002  2.150000000000e+002  2.000000000000e+001  0.000000000000e+000
  1.610000000000e+002  2.190000000000e+002  2.400000000000e+001  0.000000000000e+000
  1.650000000000e+002  2.150000000000e+002  2.000000000000e+001  0.000000000000e+000
  1.650000000000e+002  2.150000000000e+002  2.000000000000e+001  0.000000000000e+000
  1.610000000000e+002  2.190000000000e+002  2.400000000000e+001  0.000000000000e+000
  1.670000000000e+002  2.150000000000e+002  1.800000000000e+001  0.000000000000e+000
  1.610000000000e+002  2.210000000000e+002  2.400000000000e+001  0.000000000000e+000
  1.610000000000e+002  2.230000000000e+002  2.400000000000e+001  0.000000000000e+000
  1.610000000000e+002  2.210000000000e+002  2.400000000000e+001  0.000000000000e+000
  1.610000000000e+002  2.230000000000e+002  2.400000000000e+001  0.000000000000e+000
  1.610000000000e+002  2.230000000000e+002  2.400000000000e+001  0.000000000000e+000
  1.610000000000e+002  2.230000000000e+002  2.400000000000e+001  0.000000000000e+000
  1.610000000000e+002  2.230000000000e+002  2.400000000000e+001  0.000000000000e+000
  1.610000000000e+002  2.230000000000e+002  2.400000000000e+001  0.000000000000e+000
  1.610000000000e+002  2.250000000000e+002  2.400000000000e+001  0.000000000000e+000
  1.610000000000e+002  2.250000000000e+002  2.400000000000e+001  0.000000000000e+000
  1.610000000000e+002  2.270000000000e+002  2.600000000000e+001  0.000000000000e+000
  1.610000000000e+002  2.250000000000e+002  2.400000000000e+001  0.000000000000e+000
  1.610000000000e+002  2.270000000000e+002  2.400000000000e+001  0.000000000000e+000
  1.610000000000e+002  2.270000000000e+002  2.400000000000e+001  0.000000000000e+000
  1.610000000000e+002  2.250000000000e+002  2.400000000000e+001  0.000000000000e+000
  1.930000000000e+002  1.910000000000e+002  0.000000000000e+000  0.000000000000e+000
  1.950000000000e+002  1.910000000000e+002  0.000000000000e+000  0.000000000000e+000
  1.970000000000e+002  1.910000000000e+002  0.000000000000e+000  0.000000000000e+000
  1.950000000000e+002  1.910000000000e+002  0.000000000000e+000  0.000000000000e+000
  1.970000000000e+002  1.910000000000e+002  0.000000000000e+000  0.000000000000e+000
  1.970000000000e+002  1.910000000000e+002  0.000000000000e+000  0.000000000000e+000
  2.010000000000e+002  1.890000000000e+002  2.060000000000e+002  2.720000000000e+002
  2.010000000000e+002  1.890000000000e+002  2.020000000000e+002  2.340000000000e+002
  2.010000000000e+002  1.890000000000e+002  2.020000000000e+002  1.660000000000e+002
  2.030000000000e+002  1.890000000000e+002  1.960000000000e+002  8.400000000000e+001
  2.030000000000e+002  1.890000000000e+002  1.920000000000e+002  3.800000000000e+001
  2.030000000000e+002  1.890000000000e+002  1.880000000000e+002  0.000000000000e+000
  2.050000000000e+002  1.890000000000e+002  1.840000000000e+002  0.000000000000e+000
  2.110000000000e+002  1.910000000000e+002  1.700000000000e+002  0.000000000000e+000
  2.130000000000e+002  1.910000000000e+002  1.620000000000e+002  0.000000000000e+000
  2.150000000000e+002  1.910000000000e+002  1.580000000000e+002  0.000000000000e+000
  2.170000000000e+002  1.910000000000e+002  1.500000000000e+002  0.000000000000e+000
  2.170000000000e+002  1.910000000000e+002  1.500000000000e+002  0.000000000000e+000
  2.170000000000e+002  1.910000000000e+002  1.460000000000e+002  0.000000000000e+000
  2.170000000000e+002  1.910000000000e+002  1.440000000000e+002  0.000000000000e+000
  2.150000000000e+002  1.910000000000e+002  1.460000000000e+002  0.000000000000e+000
  2.170000000000e+002  1.910000000000e+002  1.440000000000e+002  0.000000000000e+000
  2.170000000000e+002  1.910000000000e+002  1.460000000000e+002  0.000000000000e+000
  2.150000000000e+002  1.890000000000e+002  1.480000000000e+002  0.000000000000e+000
  2.150000000000e+002  1.890000000000e+002  1.480000000000e+002  0.000000000000e+000
  2.170000000000e+002  1.910000000000e+002  1.460000000000e+002  0.000000000000e+000
  2.150000000000e+002  1.890000000000e+002  1.480000000000e+002  0.000000000000e+000
  2.170000000000e+002  1.890000000000e+002  1.460000000000e+002  0.000000000000e+000
  2.170000000000e+002  1.890000000000e+002  1.460000000000e+002  0.000000000000e+000
  2.170000000000e+002  1.910000000000e+002  1.460000000000e+002  0.000000000000e+000
  2.170000000000e+002  1.910000000000e+002  1.460000000000e+002  0.000000000000e+000
  2.150000000000e+002  1.890000000000e+002  1.480000000000e+002  0.000000000000e+000
  2.170000000000e+002  1.910000000000e+002  1.460000000000e+002  0.000000000000e+000
  2.170000000000e+002  1.910000000000e+002  1.460000000000e+002  0.000000000000e+000
  2.170000000000e+002  1.890000000000e+002  1.480000000000e+002  0.000000000000e+000
  2.170000000000e+002  1.910000000000e+002  1.480000000000e+002  0.000000000000e+000
  2.190000000000e+002  1.910000000000e+002  1.460000000000e+002  0.000000000000e+000
  2.190000000000e+002  1.910000000000e+002  1.440000000000e+002  0.000000000000e+000
  2.190000000000e+002  1.890000000000e+002  1.460000000000e+002  0.000000000000e+000
  2.190000000000e+002  1.890000000000e+002  1.440000000000e+002  0.000000000000e+000
  2.190000000000e+002  1.910000000000e+002  1.460000000000e+002  0.000000000000e+000
  2.190000000000e+002  1.910000000000e+002  1.440000000000e+002  0.000000000000e+000
  2.190000000000e+002  1.890000000000e+002  1.440000000000e+002  0.000000000000e+000
  2.210000000000e+002  1.910000000000e+002  1.440000000000e+002  0.000000000000e+000
  2.210000000000e+002  1.890000000000e+002  1.420000000000e+002  0.000000000000e+000
  2.210000000000e+002  1.890000000000e+002  1.420000000000e+002  0.000000000000e+000
  2.210000000000e+002  1.890000000000e+002  1.440000000000e+002  0.000000000000e+000
  2.210000000000e+002  1.910000000000e+002  1.420000000000e+002  0.000000000000e+000
  2.210000000000e+002  1.890000000000e+002  1.420000000000e+002  0.000000000000e+000
  2.210000000000e+002  1.890000000000e+002  1.420000000000e+002  0.000000000000e+000
  2.230000000000e+002  1.910000000000e+002  1.400000000000e+002  0.000000000000e+000
  2.230000000000e+002  1.910000000000e+002  1.400000000000e+002  0.000000000000e+000
  2.210000000000e+002  1.890000000000e+002  1.420000000000e+002  0.000000000000e+000
  2.230000000000e+002  1.910000000000e+002  1.400000000000e+002  0.000000000000e+000
  2.230000000000e+002  1.910000000000e+002  1.400000000000e+002  0.000000000000e+000
  2.230000000000e+002  1.910000000000e+002  1.400000000000e+002  0.000000000000e+000
  2.250000000000e+002  1.910000000000e+002  1.380000000000e+002  0.000000000000e+000
  2.250000000000e+002  1.910000000000e+002  1.380000000000e+002  0.000000000000e+000
  2.250000000000e+002  1.910000000000e+002  1.400000000000e+002  0.000000000000e+000
  2.250000000000e+002  1.910000000000e+002  1.380000000000e+002  0.000000000000e+000
  2.250000000000e+002  1.910000000000e+002  1.380000000000e+002  0.000000000000e+000
  2.250000000000e+002  1.910000000000e+002  1.380000000000e+002  0.000000000000e+000
  2.250000000000e+002  1.910000000000e+002  1.380000000000e+002  0.000000000000e+000
  2.250000000000e+002  1.910000000000e+002  1.400000000000e+002  0.000000000000e+000
  2.270000000000e+002  1.910000000000e+002  1.380000000000e+002  0.000000000000e+000
  2.270000000000e+002  1.910000000000e+002  1.360000000000e+002  0.000000000000e+000
  2.270000000000e+002  1.930000000000e+002  1.380000000000e+002  0.000000000000e+000
  2.270000000000e+002  1.910000000000e+002  1.380000000000e+002  0.000000000000e+000
  2.270000000000e+002  1.910000000000e+002  1.380000000000e+002  0.000000000000e+000
  2.270000000000e+002  1.910000000000e+002  1.360000000000e+002  0.000000000000e+000
  2.290000000000e+002  1.910000000000e+002  1.360000000000e+002  0.000000000000e+000
  2.290000000000e+002  1.890000000000e+002  1.360000000000e+002  0.000000000000e+000
  2.270000000000e+002  1.910000000000e+002  1.380000000000e+002  0.000000000000e+000
  2.290000000000e+002  1.910000000000e+002  1.360000000000e+002  0.000000000000e+000
  2.310000000000e+002  1.910000000000e+002  1.320000000000e+002  0.000000000000e+000
  2.310000000000e+002  1.910000000000e+002  1.340000000000e+002  0.000000000000e+000
  2.310000000000e+002  1.910000000000e+002  1.340000000000e+002  0.000000000000e+000
  2.310000000000e+002  1.910000000000e+002  1.320000000000e+002  0.000000000000e+000
  2.310000000000e+002  1.890000000000e+002  1.340000000000e+002  0.000000000000e+000
  2.330000000000e+002  1.910000000000e+002  1.300000000000e+002  0.000000000000e+000
  2.330000000000e+002  1.890000000000e+002  1.300000000000e+002  0.000000000000e+000
  2.330000000000e+002  1.890000000000e+002  1.320000000000e+002  0.000000000000e+000
  2.350000000000e+002  1.910000000000e+002  1.280000000000e+002  0.000000000000e+000
  2.350000000000e+002  1.890000000000e+002  1.300000000000e+002  0.000000000000e+000
  2.350000000000e+002  1.910000000000e+002  1.280000000000e+002  0.000000000000e+000
  2.370000000000e+002  1.910000000000e+002  1.280000000000e+002  0.000000000000e+000
  2.370000000000e+002  1.910000000000e+002  1.280000000000e+002  0.000000000000e+000
  2.370000000000e+002  1.910000000000e+002  1.260000000000e+002  0.000000000000e+000
  2.390000000000e+002  1.910000000000e+002  1.240000000000e+002  0.000000000000e+000
  2.390000000000e+002  1.910000000000e+002  1.240000000000e+002  0.000000000000e+000
  2.410000000000e+002  1.910000000000e+002  1.220000000000e+002  0.000000000000e+000
  2.410000000000e+002  1.910000000000e+002  1.240000000000e+002  0.000000000000e+000
  2.410000000000e+002  1.890000000000e+002  1.240000000000e+002  0.000000000000e+000
  2.410000000000e+002  1.890000000000e+002  1.240000000000e+002  0.000000000000e+000
  2.430000000000e+002  1.890000000000e+002  1.220000000000e+002  0.000000000000e+000
  2.430000000000e+002  1.890000000000e+002  1.200000000000e+002  0.000000000000e+000
  2.430000000000e+002  1.890000000000e+002  1.220000000000e+002  0.000000000000e+000
  2.430000000000e+002  1.890000000000e+002  1.200000000000e+002  0.000000000000e+000
  2.450000000000e+002  1.890000000000e+002  1.180000000000e+002  0.000000000000e+000
  2.450000000000e+002  1.870000000000e+002  1.200000000000e+002  0.000000000000e+000
  2.450000000000e+002  1.890000000000e+002  1.200000000000e+002  0.000000000000e+000
  2.470000000000e+002  1.870000000000e+002  1.180000000000e+002  0.000000000000e+000
  2.470000000000e+002  1.870000000000e+002  1.180000000000e+002  0.000000000000e+000
  2.470000000000e+002  1.870000000000e+002  1.180000000000e+002  0.000000000000e+000
  2.470000000000e+002  1.870000000000e+002  1.160000000000e+002  0.000000000000e+000
  2.490000000000e+002  1.870000000000e+002  1.140000000000e+002  0.000000000000e+000
  2.490000000000e+002  1.870000000000e+002  1.160000000000e+002  0.000000000000e+000
  2.510000000000e+002  1.870000000000e+002  1.120000000000e+002  0.000000000000e+000
  2.510000000000e+002  1.870000000000e+002  1.140000000000e+002  0.000000000000e+000
  2.510000000000e+002  1.870000000000e+002  1.120000000000e+002  0.000000000000e+000
  2.510000000000e+002  1.870000000000e+002  1.140000000000e+002  0.000000000000e+000
  2.510000000000e+002  1.890000000000e+002  1.120000000000e+002  0.000000000000e+000
  2.510000000000e+002  1.870000000000e+002  1.120000000000e+002  0.000000000000e+000
  2.530000000000e+002  1.890000000000e+002  1.120000000000e+002  0.000000000000e+000
  2.530000000000e+002  1.890000000000e+002  1.100000000000e+002  0.000000000000e+000
  2.530000000000e+002  1.910000000000e+002  1.100000000000e+002  0.000000000000e+000
  2.530000000000e+002  1.910000000000e+002  1.100000000000e+002  0.000000000000e+000
  2.550000000000e+002  1.930000000000e+002  1.080000000000e+002  0.000000000000e+000
  2.550000000000e+002  1.930000000000e+002  1.080000000000e+002  0.000000000000e+000
  2.550000000000e+002  1.930000000000e+002  1.080000000000e+002  0.000000000000e+000
  2.570000000000e+002  1.930000000000e+002  1.060000000000e+002  0.000000000000e+000
  2.570000000000e+002  1.930000000000e+002  1.060000000000e+002  0.000000000000e+000
  2.570000000000e+002  1.930000000000e+002  1.080000000000e+002  0.000000000000e+000
  2.570000000000e+002  1.910000000000e+002  1.080000000000e+002  0.000000000000e+000
  2.590000000000e+002  1.910000000000e+002  1.060000000000e+002  0.000000000000e+000
  2.590000000000e+002  1.910000000000e+002  1.040000000000e+002  0.000000000000e+000
  2.610000000000e+002  1.910000000000e+002  1.020000000000e+002  0.000000000000e+000
  2.630000000000e+002  1.930000000000e+002  1.020000000000e+002  0.000000000000e+000
  2.630000000000e+002  1.930000000000e+002  1.000000000000e+002  0.000000000000e+000
  2.650000000000e+002  1.910000000000e+002  9.800000000000e+001  0.000000000000e+000
  2.670000000000e+002  1.910000000000e+002  9.800000000000e+001  0.000000000000e+000
  2.670000000000e+002  1.910000000000e+002  9.800000000000e+001  0.000000000000e+000
  2.690000000000e+002  1.910000000000e+002  9.600000000000e+001  0.000000000000e+000
  2.690000000000e+002  1.910000000000e+002  9.400000000000e+001  0.000000000000e+000
  2.690000000000e+002  1.930000000000e+002  9.400000000000e+001  0.000000000000e+000
  2.710000000000e+002  1.910000000000e+002  9.200000000000e+001  0.000000000000e+000
  2.730000000000e+002  1.910000000000e+002  9.200000000000e+001  0.000000000000e+000
  2.730000000000e+002  1.910000000000e+002  9.200000000000e+001  0.000000000000e+000
  2.770000000000e+002  1.930000000000e+002  8.800000000000e+001  0.000000000000e+000
  2.770000000000e+002  1.930000000000e+002  8.800000000000e+001  0.000000000000e+000
  2.790000000000e+002  1.930000000000e+002  8.600000000000e+001  0.000000000000e+000
  2.790000000000e+002  1.950000000000e+002  8.600000000000e+001  0.000000000000e+000
  2.810000000000e+002  1.950000000000e+002  8.400000000000e+001  0.000000000000e+000
  2.810000000000e+002  1.950000000000e+002  8.400000000000e+001  0.000000000000e+000
  2.830000000000e+002  1.970000000000e+002  8.000000000000e+001  0.000000000000e+000
  2.850000000000e+002  1.970000000000e+002  7.800000000000e+001  0.000000000000e+000
  2.870000000000e+002  1.970000000000e+002  7.800000000000e+001  0.000000000000e+000
  2.870000000000e+002  1.950000000000e+002  7.800000000000e+001  0.000000000000e+000
  2.870000000000e+002  1.950000000000e+002  7.800000000000e+001  0.000000000000e+000
  2.870000000000e+002  1.930000000000e+002  7.800000000000e+001  0.000000000000e+000
  2.870000000000e+002  1.930000000000e+002  7.600000000000e+001  0.000000000000e+000
  2.870000000000e+002  1.930000000000e+002  7.600000000000e+001  0.000000000000e+000
  2.870000000000e+002  1.930000000000e+002  7.800000000000e+001  0.000000000000e+000
  2.870000000000e+002  1.930000000000e+002  7.600000000000e+001  0.000000000000e+000
  2.870000000000e+002  1.930000000000e+002  7.600000000000e+001  0.000000000000e+000
  2.870000000000e+002  1.930000000000e+002  7.800000000000e+001  0.000000000000e+000
  2.870000000000e+002  1.930000000000e+002  7.800000000000e+001  0.000000000000e+000
  2.870000000000e+002  1.910000000000e+002  7.800000000000e+001  0.000000000000e+000
  2.870000000000e+002  1.930000000000e+002  7.800000000000e+001  0.000000000000e+000
  2.870000000000e+002  1.910000000000e+002  7.600000000000e+001  0.000000000000e+000
  2.870000000000e+002  1.910000000000e+002  7.600000000000e+001  0.000000000000e+000
  2.870000000000e+002  1.910000000000e+002  7.800000000000e+001  0.000000000000e+000
  2.870000000000e+002  1.910000000000e+002  7.800000000000e+001  0.000000000000e+000
  2.870000000000e+002  1.910000000000e+002  7.600000000000e+001  0.000000000000e+000
  2.870000000000e+002  1.910000000000e+002  7.600000000000e+001  0.000000000000e+000
  2.890000000000e+002  1.910000000000e+002  7.600000000000e+001  0.000000000000e+000
  2.890000000000e+002  1.910000000000e+002  7.400000000000e+001  0.000000000000e+000
  2.890000000000e+002  1.910000000000e+002  7.400000000000e+001  0.000000000000e+000
  2.890000000000e+002  1.910000000000e+002  7.400000000000e+001  0.000000000000e+000
  2.890000000000e+002  1.910000000000e+002  7.400000000000e+001  0.000000000000e+000
  2.890000000000e+002  1.910000000000e+002  7.600000000000e+001  0.000000000000e+000
  2.890000000000e+002  1.910000000000e+002  7.400000000000e+001  0.000000000000e+000
  2.910000000000e+002  1.910000000000e+002  7.400000000000e+001  0.000000000000e+000
  2.910000000000e+002  1.910000000000e+002  7.400000000000e+001  0.000000000000e+000
  2.910000000000e+002  1.910000000000e+002  7.200000000000e+001  0.000000000000e+000
  2.910000000000e+002  1.910000000000e+002  7.400000000000e+001  0.000000000000e+000
  2.910000000000e+002  1.910000000000e+002  7.400000000000e+001  0.000000000000e+000
  2.910000000000e+002  1.910000000000e+002  7.200000000000e+001  0.000000000000e+000
  2.930000000000e+002  1.910000000000e+002  7.000000000000e+001  0.000000000000e+000
  2.930000000000e+002  1.930000000000e+002  7.200000000000e+001  0.000000000000e+000
  2.950000000000e+002  1.930000000000e+002  7.000000000000e+001  0.000000000000e+000
  2.950000000000e+002  1.930000000000e+002  6.800000000000e+001  0.000000000000e+000
  2.950000000000e+002  1.930000000000e+002  7.000000000000e+001  0.000000000000e+000
  2.950000000000e+002  1.930000000000e+002  7.000000000000e+001  0.000000000000e+000
  2.950000000000e+002  1.930000000000e+002  6.800000000000e+001  0.000000000000e+000
  2.950000000000e+002  1.930000000000e+002  7.000000000000e+001  0.000000000000e+000
  2.970000000000e+002  1.930000000000e+002  6.600000000000e+001  0.000000000000e+000
  2.970000000000e+002  1.930000000000e+002  6.800000000000e+001  0.000000000000e+000
  2.970000000000e+002  1.930000000000e+002  6.800000000000e+001  0.000000000000e+000
  2.970000000000e+002  1.910000000000e+002  6.600000000000e+001  0.000000000000e+000
  2.970000000000e+002  1.930000000000e+002  6.800000000000e+001  0.000000000000e+000
  2.970000000000e+002  1.930000000000e+002  6.800000000000e+001  0.000000000000e+000
  2.990000000000e+002  1.930000000000e+002  6.600000000000e+001  0.000000000000e+000
  2.990000000000e+002  1.930000000000e+002  6.600000000000e+001  0.000000000000e+000
  2.990000000000e+002  1.950000000000e+002  6.400000000000e+001  0.000000000000e+000
  2.990000000000e+002  1.930000000000e+002  6.600000000000e+001  0.000000000000e+000
  3.010000000000e+002  1.930000000000e+002  6.400000000000e+001  0.000000000000e+000
  3.010000000000e+002  1.950000000000e+002  6.200000000000e+001  0.000000000000e+000
  3.010000000000e+002  1.930000000000e+002  6.200000000000e+001  0.000000000000e+000
  3.010000000000e+002  1.950000000000e+002  6.200000000000e+001  0.000000000000e+000
  3.010000000000e+002  1.950000000000e+002  6.400000000000e+001  0.000000000000e+000
  3.010000000000e+002  1.930000000000e+002  6.200000000000e+001  0.000000000000e+000
  3.030000000000e+002  1.950000000000e+002  6.000000000000e+001  0.000000000000e+000
  3.030000000000e+002  1.950000000000e+002  6.000000000000e+001  0.000000000000e+000
  3.030000000000e+002  1.950000000000e+002  6.000000000000e+001  0.000000000000e+000
  3.050000000000e+002  1.950000000000e+002  5.800000000000e+001  0.000000000000e+000
  3.050000000000e+002  1.950000000000e+002  6.000000000000e+001  0.000000000000e+000
  3.050000000000e+002  1.970000000000e+002  5.800000000000e+001  0.000000000000e+000
  3.050000000000e+002  1.950000000000e+002  5.800000000000e+001  0.000000000000e+000
  3.050000000000e+002  1.950000000000e+002  6.000000000000e+001  0.000000000000e+000
  3.070000000000e+002  1.950000000000e+002  5.800000000000e+001  0.000000000000e+000
  3.070000000000e+002  1.950000000000e+002  5.600000000000e+001  0.000000000000e+000
  3.090000000000e+002  1.950000000000e+002  5.400000000000e+001  0.000000000000e+000
  3.070000000000e+002  1.970000000000e+002  5.800000000000e+001  0.000000000000e+000
  3.070000000000e+002  1.970000000000e+002  5.600000000000e+001  0.000000000000e+000
  3.090000000000e+002  1.970000000000e+002  5.600000000000e+001  0.000000000000e+000
  3.090000000000e+002  1.970000000000e+002  5.400000000000e+001  0.000000000000e+000
  3.110000000000e+002  1.970000000000e+002  5.200000000000e+001  0.000000000000e+000
  3.110000000000e+002  1.970000000000e+002  5.400000000000e+001  0.000000000000e+000
  3.110000000000e+002  1.990000000000e+002  5.200000000000e+001  0.000000000000e+000
  3.110000000000e+002  1.970000000000e+002  5.400000000000e+001  0.000000000000e+000
  3.130000000000e+002  1.990000000000e+002  5.000000000000e+001  0.000000000000e+000
  3.110000000000e+002  1.970000000000e+002  5.400000000000e+001  0.000000000000e+000
  3.130000000000e+002  1.990000000000e+002  5.200000000000e+001  0.000000000000e+000
  3.130000000000e+002  2.010000000000e+002  5.000000000000e+001  0.000000000000e+000
  3.130000000000e+002  1.990000000000e+002  5.000000000000e+001  0.000000000000e+000
  3.130000000000e+002  2.010000000000e+002  5.000000000000e+001  0.000000000000e+000
  3.150000000000e+002  2.010000000000e+002  4.800000000000e+001  0.000000000000e+000
  3.150000000000e+002  2.010000000000e+002  5.000000000000e+001  0.000000000000e+000
  3.150000000000e+002  2.010000000000e+002  5.000000000000e+001  0.000000000000e+000
  3.150000000000e+002  2.030000000000e+002  5.000000000000e+001  0.000000000000e+000
  3.150000000000e+002  2.010000000000e+002  4.800000000000e+001  0.000000000000e+000
  3.170000000000e+002  2.030000000000e+002  4.800000000000e+001  0.000000000000e+000
  3.170000000000e+002  2.030000000000e+002  4.600000000000e+001  0.000000000000e+000
  3.170000000000e+002  2.030000000000e+002  4.600000000000e+001  0.000000000000e+000
  3.170000000000e+002  2.030000000000e+002  4.600000000000e+001  0.000000000000e+000
  3.170000000000e+002  2.030000000000e+002  4.800000000000e+001  0.000000000000e+000
  3.190000000000e+002  2.030000000000e+002  4.400000000000e+001  0.000000000000e+000
  3.190000000000e+002  2.030000000000e+002  4.400000000000e+001  0.000000000000e+000
  3.210000000000e+002  2.030000000000e+002  4.400000000000e+001  0.000000000000e+000
  3.210000000000e+002  2.050000000000e+002  4.200000000000e+001 -2.000000000000e+000
  3.210000000000e+002  2.030000000000e+002  4.400000000000e+001  0.000000000000e+000
  3.210000000000e+002  2.030000000000e+002  4.400000000000e+001  0.000000000000e+000
  3.210000000000e+002  2.030000000000e+002  4.200000000000e+001  0.000000000000e+000
  3.230000000000e+002  2.050000000000e+002  4.200000000000e+001 -2.000000000000e+000
  3.230000000000e+002  2.030000000000e+002  4.200000000000e+001  0.000000000000e+000
  3.230000000000e+002  2.050000000000e+002  4.000000000000e+001  0.000000000000e+000
  3.230000000000e+002  2.050000000000e+002  4.000000000000e+001 -2.000000000000e+000
  3.250000000000e+002  2.050000000000e+002  3.800000000000e+001 -2.000000000000e+000
  3.250000000000e+002  2.070000000000e+002  3.800000000000e+001 -4.000000000000e+000
  3.250000000000e+002  2.050000000000e+002  3.800000000000e+001 -2.000000000000e+000
  3.270000000000e+002  2.070000000000e+002  3.800000000000e+001 -2.000000000000e+000
  3.270000000000e+002  2.090000000000e+002  3.600000000000e+001 -6.000000000000e+000
  3.270000000000e+002  2.070000000000e+002  3.800000000000e+001 -2.000000000000e+000
  3.270000000000e+002  2.090000000000e+002  3.800000000000e+001 -6.000000000000e+000
  3.270000000000e+002  2.070000000000e+002  3.600000000000e+001 -4.000000000000e+000
  3.290000000000e+002  2.090000000000e+002  3.400000000000e+001 -6.000000000000e+000
  3.290000000000e+002  2.110000000000e+002  3.400000000000e+001 -8.000000000000e+000
  3.290000000000e+002  2.090000000000e+002  3.600000000000e+001 -6.000000000000e+000
  3.310000000000e+002  2.110000000000e+002  3.200000000000e+001 -8.000000000000e+000
  3.310000000000e+002  2.110000000000e+002  3.400000000000e+001 -8.000000000000e+000
  3.310000000000e+002  2.110000000000e+002  3.400000000000e+001 -6.000000000000e+000
  3.310000000000e+002  2.110000000000e+002  3.200000000000e+001 -6.000000000000e+000
  3.310000000000e+002  2.110000000000e+002  3.200000000000e+001 -8.000000000000e+000
  3.310000000000e+002  2.110000000000e+002  3.400000000000e+001 -8.000000000000e+000
  3.330000000000e+002  2.110000000000e+002  3.000000000000e+001 -8.000000000000e+000
  3.330000000000e+002  2.130000000000e+002  3.200000000000e+001 -1.000000000000e+001
  3.350000000000e+002  2.130000000000e+002  2.800000000000e+001 -1.000000000000e+001
  3.330000000000e+002  2.130000000000e+002  3.000000000000e+001 -1.000000000000e+001
  3.350000000000e+002  2.130000000000e+002  2.800000000000e+001 -8.000000000000e+000
  3.350000000000e+002  2.130000000000e+002  2.800000000000e+001 -8.000000000000e+000
  3.350000000000e+002  2.130000000000e+002  3.000000000000e+001 -1.000000000000e+001
  3.350000000000e+002  2.150000000000e+002  3.000000000000e+001 -1.200000000000e+001
  3.370000000000e+002  2.150000000000e+002  2.800000000000e+001 -1.200000000000e+001
  3.370000000000e+002  2.150000000000e+002  2.600000000000e+001 -1.200000000000e+001
  3.370000000000e+002  2.170000000000e+002  2.800000000000e+001 -1.200000000000e+001
  3.370000000000e+002  2.170000000000e+002  2.600000000000e+001 -1.400000000000e+001
  3.370000000000e+002  2.170000000000e+002  2.600000000000e+001 -1.400000000000e+001
  3.370000000000e+002  2.170000000000e+002  2.600000000000e+001 -1.400000000000e+001
  3.390000000000e+002  2.170000000000e+002  2.600000000000e+001 -1.200000000000e+001
  3.390000000000e+002  2.170000000000e+002  2.600000000000e+001 -1.200000000000e+001
  3.390000000000e+002  2.190000000000e+002  2.400000000000e+001 -1.600000000000e+001
  3.410000000000e+002  2.170000000000e+002  2.200000000000e+001 -1.200000000000e+001
  3.410000000000e+002  2.210000000000e+002  2.200000000000e+001 -1.600000000000e+001
  3.410000000000e+002  2.190000000000e+002  2.200000000000e+001 -1.600000000000e+001
  3.410000000000e+002  2.190000000000e+002  2.200000000000e+001 -1.600000000000e+001
  3.410000000000e+002  2.190000000000e+002  2.200000000000e+001 -1.600000000000e+001
  3.410000000000e+002  2.190000000000e+002  2.200000000000e+001 -1.600000000000e+001
  3.430000000000e+002  2.190000000000e+002  2.000000000000e+001 -1.400000000000e+001
  3.430000000000e+002  2.210000000000e+002  2.000000000000e+001 -1.600000000000e+001
  3.430000000000e+002  2.210000000000e+002  2.000000000000e+001 -1.800000000000e+001
  3.450000000000e+002  2.230000000000e+002  1.800000000000e+001 -2.000000000000e+001
  3.450000000000e+002  2.210000000000e+002  2.000000000000e+001 -1.800000000000e+001
  3.450000000000e+002  2.210000000000e+002  1.800000000000e+001 -1.800000000000e+001
  3.470000000000e+002  2.210000000000e+002  1.600000000000e+001 -1.800000000000e+001
  3.450000000000e+002  2.210000000000e+002  1.800000000000e+001 -1.600000000000e+001
  3.450000000000e+002  2.210000000000e+002  1.800000000000e+001 -1.800000000000e+001
  3.470000000000e+002  2.230000000000e+002  1.600000000000e+001 -2.000000000000e+001
  3.470000000000e+002  2.250000000000e+002  1.600000000000e+001 -2.200000000000e+001
  3.470000000000e+002  2.270000000000e+002  1.800000000000e+001 -2.400000000000e+001
  3.490000000000e+002  2.270000000000e+002  1.600000000000e+001 -2.200000000000e+001
  3.490000000000e+002  2.250000000000e+002  1.400000000000e+001 -2.200000000000e+001
  3.490000000000e+002  2.270000000000e+002  1.400000000000e+001 -2.200000000000e+001
  3.510000000000e+002  2.270000000000e+002  1.200000000000e+001 -2.400000000000e+001
  3.510000000000e+002  2.250000000000e+002  1.200000000000e+001 -2.200000000000e+001
  3.510000000000e+002  2.270000000000e+002  1.200000000000e+001 -2.400000000000e+001
  3.530000000000e+002  2.290000000000e+002  1.000000000000e+001 -2.600000000000e+001
  3.550000000000e+002  2.310000000000e+002  8.000000000000e+000 -2.800000000000e+001
  3.550000000000e+002  2.290000000000e+002  8.000000000000e+000 -2.400000000000e+001
  3.570000000000e+002  2.330000000000e+002  6.000000000000e+000 -3.000000000000e+001
  3.570000000000e+002  2.350000000000e+002  8.000000000000e+000 -3.200000000000e+001
  3.570000000000e+002  2.330000000000e+002  6.000000000000e+000 -2.800000000000e+001
  3.590000000000e+002  2.330000000000e+002  4.000000000000e+000 -2.800000000000e+001
  3.590000000000e+002  2.330000000000e+002  4.000000000000e+000 -3.000000000000e+001
  3.590000000000e+002  2.330000000000e+002  4.000000000000e+000 -3.000000000000e+001
  3.610000000000e+002  2.350000000000e+002  2.000000000000e+000 -3.000000000000e+001
  3.610000000000e+002  2.350000000000e+002  2.000000000000e+000 -3.200000000000e+001
  3.630000000000e+002  2.350000000000e+002  2.000000000000e+000 -3.200000000000e+001
  3.630000000000e+002  2.350000000000e+002  2.000000000000e+000 -3.200000000000e+001
  3.650000000000e+002  2.350000000000e+002  0.000000000000e+000  0.000000000000e+000
  3.650000000000e+002  2.370000000000e+002  0.000000000000e+000  0.000000000000e+000
  3.670000000000e+002  2.370000000000e+002  0.000000000000e+000  0.000000000000e+000
  3.670000000000e+002  2.370000000000e+002  0.000000000000e+000  0.000000000000e+000
  3.690000000000e+002  2.370000000000e+002  0.000000000000e+000  0.000000000000e+000
  3.690000000000e+002  2.370000000000e+002  0.000000000000e+000  0.000000000000e+000
  3.710000000000e+002  2.390000000000e+002  0.000000000000e+000  0.000000000000e+000
  3.710000000000e+002  2.390000000000e+002  0.000000000000e+000  0.000000000000e+000
  3.730000000000e+002  2.390000000000e+002  0.000000000000e+000  0.000000000000e+000
  3.750000000000e+002  2.390000000000e+002  0.000000000000e+000  0.000000000000e+000
  3.770000000000e+002  2.410000000000e+002  0.000000000000e+000  0.000000000000e+000
  3.770000000000e+002  2.410000000000e+002  0.000000000000e+000  0.000000000000e+000
  3.770000000000e+002  2.410000000000e+002  0.000000000000e+000  0.000000000000e+000
  3.770000000000e+002  2.410000000000e+002  0.000000000000e+000  0.000000000000e+000
  3.770000000000e+002  2.410000000000e+002  0.000000000000e+000  0.000000000000e+000
  3.770000000000e+002  2.430000000000e+002  0.000000000000e+000  0.000000000000e+000
  3.770000000000e+002  2.410000000000e+002  0.000000000000e+000  0.000000000000e+000
  3.790000000000e+002  2.430000000000e+002  0.000000000000e+000  0.000000000000e+000
  3.790000000000e+002  2.430000000000e+002  0.000000000000e+000  0.000000000000e+000
  3.790000000000e+002  2.410000000000e+002  0.000000000000e+000  0.000000000000e+000
  3.790000000000e+002  2.430000000000e+002  0.000000000000e+000  0.000000000000e+000
  3.790000000000e+002  2.410000000000e+002  0.000000000000e+000  0.000000000000e+000
  3.810000000000e+002  2.430000000000e+002  0.000000000000e+000  0.000000000000e+000
  3.810000000000e+002  2.430000000000e+002  0.000000000000e+000  0.000000000000e+000
  3.810000000000e+002  2.430000000000e+002  0.000000000000e+000  0.000000000000e+000
  3.810000000000e+002  2.430000000000e+002  0.000000000000e+000  0.000000000000e+000
  3.830000000000e+002  2.430000000000e+002  0.000000000000e+000  0.000000000000e+000
  3.830000000000e+002  2.430000000000e+002  0.000000000000e+000  0.000000000000e+000
  3.850000000000e+002  2.430000000000e+002  0.000000000000e+000  0.000000000000e+000
  3.850000000000e+002  2.430000000000e+002  0.000000000000e+000  0.000000000000e+000
  3.870000000000e+002  2.430000000000e+002  0.000000000000e+000  0.000000000000e+000
  3.870000000000e+002  2.430000000000e+002  0.000000000000e+000  0.000000000000e+000
  3.890000000000e+002  2.430000000000e+002  0.000000000000e+000  0.000000000000e+000
  3.890000000000e+002  2.430000000000e+002  0.000000000000e+000  0.000000000000e+000
  3.910000000000e+002  2.430000000000e+002  0.000000000000e+000  0.000000000000e+000
  3.910000000000e+002  2.430000000000e+002  0.000000000000e+000  0.000000000000e+000
  3.930000000000e+002  2.430000000000e+002  0.000000000000e+000  0.000000000000e+000
  3.950000000000e+002  2.430000000000e+002  0.000000000000e+000  0.000000000000e+000
  3.950000000000e+002  2.450000000000e+002  0.000000000000e+000  0.000000000000e+000
  3.970000000000e+002  2.450000000000e+002  0.000000000000e+000  0.000000000000e+000
  3.970000000000e+002  2.450000000000e+002  0.000000000000e+000  0.000000000000e+000
  3.990000000000e+002  2.450000000000e+002  0.000000000000e+000  0.000000000000e+000
  3.990000000000e+002  2.450000000000e+002  0.000000000000e+000  0.000000000000e+000
  4.010000000000e+002  2.430000000000e+002  0.000000000000e+000  0.000000000000e+000
  4.010000000000e+002  2.430000000000e+002  0.000000000000e+000  0.000000000000e+000
  4.030000000000e+002  2.450000000000e+002  0.000000000000e+000  0.000000000000e+000
  4.070000000000e+002  2.430000000000e+002  0.000000000000e+000  0.000000000000e+000
  4.090000000000e+002  2.430000000000e+002  0.000000000000e+000  0.000000000000e+000
  4.110000000000e+002  2.430000000000e+002  0.000000000000e+000  0.000000000000e+000
  4.110000000000e+002  2.430000000000e+002  0.000000000000e+000  0.000000000000e+000
  4.110000000000e+002  2.430000000000e+002  0.000000000000e+000  0.000000000000e+000
  4.110000000000e+002  2.430000000000e+002  0.000000000000e+000  0.000000000000e+000
  4.110000000000e+002  2.430000000000e+002  0.000000000000e+000  0.000000000000e+000
  4.110000000000e+002  2.430000000000e+002  0.000000000000e+000  0.000000000000e+000
  4.110000000000e+002  2.430000000000e+002  0.000000000000e+000  0.000000000000e+000
  4.110000000000e+002  2.430000000000e+002  0.000000000000e+000  0.000000000000e+000
  4.110000000000e+002  2.430000000000e+002  0.000000000000e+000  0.000000000000e+000
  4.110000000000e+002  2.430000000000e+002  0.000000000000e+000  0.000000000000e+000
  4.110000000000e+002  2.430000000000e+002  0.000000000000e+000  0.000000000000e+000
  4.110000000000e+002  2.430000000000e+002  0.000000000000e+000  0.000000000000e+000
  4.110000000000e+002  2.430000000000e+002  0.000000000000e+000  0.000000000000e+000
  4.110000000000e+002  2.430000000000e+002  0.000000000000e+000  0.000000000000e+000
  4.110000000000e+002  2.430000000000e+002  0.000000000000e+000  0.000000000000e+000
  4.110000000000e+002  2.430000000000e+002  0.000000000000e+000  0.000000000000e+000
  4.110000000000e+002  2.430000000000e+002  0.000000000000e+000  0.000000000000e+000
  4.110000000000e+002  2.430000000000e+002  0.000000000000e+000  0.000000000000e+000
  4.110000000000e+002  2.430000000000e+002  0.000000000000e+000  0.000000000000e+000
  4.110000000000e+002  2.430000000000e+002  0.000000000000e+000  0.000000000000e+000
  4.110000000000e+002  2.430000000000e+002  0.000000000000e+000  0.000000000000e+000
  4.110000000000e+002  2.430000000000e+002  0.000000000000e+000  0.000000000000e+000
  4.110000000000e+002  2.430000000000e+002  0.000000000000e+000  0.000000000000e+000
  4.110000000000e+002  2.430000000000e+002  0.000000000000e+000  0.000000000000e+000
  4.110000000000e+002  2.430000000000e+002  0.000000000000e+000  0.000000000000e+000
  4.110000000000e+002  2.430000000000e+002  0.000000000000e+000  0.000000000000e+000
  4.110000000000e+002  2.430000000000e+002  0.000000000000e+000  0.000000000000e+000
  4.110000000000e+002  2.430000000000e+002  0.000000000000e+000  0.000000000000e+000
  4.110000000000e+002  2.430000000000e+002  0.000000000000e+000  0.000000000000e+000
  4.110000000000e+002  2.430000000000e+002  0.000000000000e+000  0.000000000000e+000
  4.130000000000e+002  2.430000000000e+002  0.000000000000e+000  0.000000000000e+000
  4.130000000000e+002  2.430000000000e+002  0.000000000000e+000  0.000000000000e+000
  4.130000000000e+002  2.430000000000e+002  0.000000000000e+000  0.000000000000e+000
  4.130000000000e+002  2.430000000000e+002  0.000000000000e+000  0.000000000000e+000
  4.130000000000e+002  2.410000000000e+002  0.000000000000e+000  0.000000000000e+000
  4.130000000000e+002  2.430000000000e+002  0.000000000000e+000  0.000000000000e+000
  4.150000000000e+002  2.430000000000e+002  0.000000000000e+000  0.000000000000e+000
  4.130000000000e+002  2.430000000000e+002  0.000000000000e+000  0.000000000000e+000
  4.150000000000e+002  2.410000000000e+002  0.000000000000e+000  0.000000000000e+000
  4.150000000000e+002  2.430000000000e+002  0.000000000000e+000  0.000000000000e+000
  4.150000000000e+002  2.430000000000e+002  0.000000000000e+000  0.000000000000e+000
  4.150000000000e+002  2.410000000000e+002  0.000000000000e+000  0.000000000000e+000
  4.150000000000e+002  2.430000000000e+002  0.000000000000e+000  0.000000000000e+000
  4.170000000000e+002  2.410000000000e+002  0.000000000000e+000  0.000000000000e+000
  4.170000000000e+002  2.410000000000e+002  0.000000000000e+000  0.000000000000e+000
  4.170000000000e+002  2.430000000000e+002  0.000000000000e+000  0.000000000000e+000
  4.170000000000e+002  2.410000000000e+002  0.000000000000e+000  0.000000000000e+000
  4.170000000000e+002  2.410000000000e+002  0.000000000000e+000  0.000000000000e+000
  4.170000000000e+002  2.410000000000e+002  0.000000000000e+000  0.000000000000e+000
  4.190000000000e+002  2.410000000000e+002  0.000000000000e+000  0.000000000000e+000
  4.190000000000e+002  2.410000000000e+002  0.000000000000e+000  0.000000000000e+000
  4.190000000000e+002  2.410000000000e+002  0.000000000000e+000  0.000000000000e+000
  4.190000000000e+002  2.430000000000e+002  0.000000000000e+000  0.000000000000e+000
  4.190000000000e+002  2.410000000000e+002  0.000000000000e+000  0.000000000000e+000
  4.190000000000e+002  2.430000000000e+002  0.000000000000e+000  0.000000000000e+000
  4.210000000000e+002  2.410000000000e+002  0.000000000000e+000  0.000000000000e+000
  4.210000000000e+002  2.410000000000e+002  0.000000000000e+000  0.000000000000e+000
  4.210000000000e+002  2.410000000000e+002  0.000000000000e+000  0.000000000000e+000
  4.210000000000e+002  2.410000000000e+002  0.000000000000e+000  0.000000000000e+000
  4.230000000000e+002  2.410000000000e+002  0.000000000000e+000  0.000000000000e+000
  4.230000000000e+002  2.410000000000e+002  0.000000000000e+000  0.000000000000e+000
  4.250000000000e+002  2.390000000000e+002  0.000000000000e+000  0.000000000000e+000
  4.250000000000e+002  2.390000000000e+002  0.000000000000e+000  0.000000000000e+000
  4.250000000000e+002  2.390000000000e+002  0.000000000000e+000  0.000000000000e+000
  4.250000000000e+002  2.390000000000e+002  0.000000000000e+000  0.000000000000e+000
  4.270000000000e+002  2.370000000000e+002  0.000000000000e+000  0.000000000000e+000
  4.270000000000e+002  2.370000000000e+002  0.000000000000e+000  0.000000000000e+000
  4.270000000000e+002  2.370000000000e+002  0.000000000000e+000  0.000000000000e+000
  4.290000000000e+002  2.370000000000e+002  0.000000000000e+000  0.000000000000e+000
  4.290000000000e+002  2.350000000000e+002  0.000000000000e+000  0.000000000000e+000
  4.310000000000e+002  2.350000000000e+002  0.000000000000e+000  0.000000000000e+000
  4.310000000000e+002  2.350000000000e+002  0.000000000000e+000  0.000000000000e+000
  4.310000000000e+002  2.350000000000e+002  0.000000000000e+000  0.000000000000e+000
  4.330000000000e+002  2.330000000000e+002  0.000000000000e+000  0.000000000000e+000
  4.330000000000e+002  2.330000000000e+002  0.000000000000e+000  0.000000000000e+000
  4.330000000000e+002  2.330000000000e+002  0.000000000000e+000  0.000000000000e+000
  4.330000000000e+002  2.310000000000e+002  0.000000000000e+000  0.000000000000e+000
  4.350000000000e+002  2.310000000000e+002  0.000000000000e+000  0.000000000000e+000
  4.350000000000e+002  2.310000000000e+002  0.000000000000e+000  0.000000000000e+000
  4.350000000000e+002  2.310000000000e+002  0.000000000000e+000  0.000000000000e+000
  4.370000000000e+002  2.290000000000e+002  0.000000000000e+000  0.000000000000e+000
  4.370000000000e+002  2.290000000000e+002  0.000000000000e+000  0.000000000000e+000
  4.370000000000e+002  2.290000000000e+002  0.000000000000e+000  0.000000000000e+000
  4.370000000000e+002  2.290000000000e+002  0.000000000000e+000  0.000000000000e+000
  4.370000000000e+002  2.290000000000e+002  0.000000000000e+000  0.000000000000e+000
  4.370000000000e+002  2.270000000000e+002  0.000000000000e+000  0.000000000000e+000
  4.370000000000e+002  2.270000000000e+002  0.000000000000e+000  0.000000000000e+000
  4.370000000000e+002  2.270000000000e+002  0.000000000000e+000  0.000000000000e+000
  4.370000000000e+002  2.270000000000e+002  0.000000000000e+000  0.000000000000e+000
  4.390000000000e+002  2.270000000000e+002  0.000000000000e+000  0.000000000000e+000
  4.390000000000e+002  2.270000000000e+002  0.000000000000e+000  0.000000000000e+000
  4.390000000000e+002  2.270000000000e+002  0.000000000000e+000  0.000000000000e+000
  4.390000000000e+002  2.270000000000e+002  0.000000000000e+000  0.000000000000e+000
  4.390000000000e+002  2.270000000000e+002  0.000000000000e+000  0.000000000000e+000
  4.390000000000e+002  2.270000000000e+002  0.000000000000e+000  0.000000000000e+000
  4.390000000000e+002  2.270000000000e+002  0.000000000000e+000  0.000000000000e+000
  4.390000000000e+002  2.290000000000e+002  0.000000000000e+000  0.000000000000e+000
  4.390000000000e+002  2.270000000000e+002  0.000000000000e+000  0.000000000000e+000
  4.390000000000e+002  2.290000000000e+002  0.000000000000e+000  0.000000000000e+000
  4.390000000000e+002  2.290000000000e+002  0.000000000000e+000  0.000000000000e+000
  4.390000000000e+002  2.270000000000e+002  0.000000000000e+000  0.000000000000e+000
  4.390000000000e+002  2.290000000000e+002  0.000000000000e+000  0.000000000000e+000
  4.390000000000e+002  2.290000000000e+002  0.000000000000e+000  0.000000000000e+000
  4.390000000000e+002  2.290000000000e+002  0.000000000000e+000  0.000000000000e+000
  4.390000000000e+002  2.270000000000e+002  0.000000000000e+000  0.000000000000e+000
  4.390000000000e+002  2.290000000000e+002  0.000000000000e+000  0.000000000000e+000
  4.390000000000e+002  2.290000000000e+002  0.000000000000e+000  0.000000000000e+000
  4.390000000000e+002  2.290000000000e+002  0.000000000000e+000  0.000000000000e+000
  4.390000000000e+002  2.290000000000e+002  0.000000000000e+000  0.000000000000e+000
  4.390000000000e+002  2.290000000000e+002  0.000000000000e+000  0.000000000000e+000
  4.390000000000e+002  2.270000000000e+002  0.000000000000e+000  0.000000000000e+000
  4.390000000000e+002  2.290000000000e+002  0.000000000000e+000  0.000000000000e+000
  4.390000000000e+002  2.270000000000e+002  0.000000000000e+000  0.000000000000e+000
  4.390000000000e+002  2.270000000000e+002  0.000000000000e+000  0.000000000000e+000
  4.390000000000e+002  2.270000000000e+002  0.000000000000e+000  0.000000000000e+000
  4.410000000000e+002  2.270000000000e+002  0.000000000000e+000  0.000000000000e+000
  4.410000000000e+002  2.270000000000e+002  0.000000000000e+000  0.000000000000e+000
  4.410000000000e+002  2.270000000000e+002  0.000000000000e+000  0.000000000000e+000
  4.410000000000e+002  2.270000000000e+002  0.000000000000e+000  0.000000000000e+000
  4.410000000000e+002  2.270000000000e+002  0.000000000000e+000  0.000000000000e+000
  4.410000000000e+002  2.270000000000e+002  0.000000000000e+000  0.000000000000e+000
  4.410000000000e+002  2.270000000000e+002  0.000000000000e+000  0.000000000000e+000
  4.410000000000e+002  2.270000000000e+002  0.000000000000e+000  0.000000000000e+000
  4.410000000000e+002  2.270000000000e+002  0.000000000000e+000  0.000000000000e+000
  4.410000000000e+002  2.270000000000e+002  0.000000000000e+000  0.000000000000e+000
  4.430000000000e+002  2.230000000000e+002  0.000000000000e+000  0.000000000000e+000
  4.450000000000e+002  2.190000000000e+002  0.000000000000e+000  0.000000000000e+000
  4.450000000000e+002  2.190000000000e+002  0.000000000000e+000  0.000000000000e+000
  4.450000000000e+002  2.190000000000e+002  0.000000000000e+000  0.000000000000e+000
  4.450000000000e+002  2.190000000000e+002  0.000000000000e+000  0.000000000000e+000
  4.450000000000e+002  2.190000000000e+002  0.000000000000e+000  0.000000000000e+000
  4.450000000000e+002  2.190000000000e+002  0.000000000000e+000  0.000000000000e+000
  4.450000000000e+002  2.190000000000e+002  0.000000000000e+000  0.000000000000e+000
  4.450000000000e+002  2.190000000000e+002  0.000000000000e+000  0.000000000000e+000
  4.450000000000e+002  2.190000000000e+002  0.000000000000e+000  0.000000000000e+000
  4.450000000000e+002  2.190000000000e+002  0.000000000000e+000  0.000000000000e+000
  4.450000000000e+002  2.190000000000e+002  0.000000000000e+000  0.000000000000e+000
  4.450000000000e+002  2.190000000000e+002  0.000000000000e+000  0.000000000000e+000
  4.450000000000e+002  2.190000000000e+002  0.000000000000e+000  0.000000000000e+000
  4.450000000000e+002  2.190000000000e+002  0.000000000000e+000  0.000000000000e+000
  4.450000000000e+002  2.190000000000e+002  0.000000000000e+000  0.000000000000e+000
  4.470000000000e+002  2.190000000000e+002  0.000000000000e+000  0.000000000000e+000
  4.450000000000e+002  2.190000000000e+002  0.000000000000e+000  0.000000000000e+000
  4.450000000000e+002  2.190000000000e+002  0.000000000000e+000  0.000000000000e+000
  4.450000000000e+002  2.190000000000e+002  0.000000000000e+000  0.000000000000e+000
  4.450000000000e+002  2.190000000000e+002  0.000000000000e+000  0.000000000000e+000
  4.450000000000e+002  2.190000000000e+002  0.000000000000e+000  0.000000000000e+000
  3.670000000000e+002  2.110000000000e+002  0.000000000000e+000  0.000000000000e+000
