  0.000000000000e+000
  0.000000000000e+000
  0.000000000000e+000
  0.000000000000e+000
  0.000000000000e+000
  0.000000000000e+000
  0.000000000000e+000
  0.000000000000e+000
  0.000000000000e+000
  7.680000305176e+001
  7.686339529484e+001
  7.676655894729e+001
  7.661529355255e+001
  7.650104370770e+001
  7.641668179739e+001
  7.618295298658e+001
  7.613267056771e+001
  7.616468533934e+001
  7.611084287692e+001
  7.609005965057e+001
  7.603914714820e+001
  7.605642237794e+001
  7.600735928460e+001
  7.616983575364e+001
  7.602897457976e+001
  7.613491675458e+001
  7.606802131476e+001
  7.599120638860e+001
  7.605287257215e+001
  7.560176804808e+001
  7.577012998714e+001
  7.545542815051e+001
  7.507080810263e+001
  7.463499350752e+001
  7.452025877999e+001
  7.478225212465e+001
  7.480682062969e+001
  7.486582059158e+001
  7.487833195473e+001
  7.480795679514e+001
  7.484808589535e+001
  7.461461090752e+001
  7.458309245824e+001
  7.455247681187e+001
  7.445252032078e+001
  7.416994232988e+001
  7.402060298880e+001
  7.411457748968e+001
  7.403264591324e+001
  7.377461083118e+001
  7.391060631479e+001
  7.369577570737e+001
  7.364244492852e+001
  7.359820734438e+001
  7.356173306464e+001
  7.367484554466e+001
  7.340238855907e+001
  7.351324619724e+001
  7.347180772256e+001
  7.358149802335e+001
  7.333056542707e+001
  7.295107384125e+001
  7.317520071105e+001
  7.320088778038e+001
  7.310584807625e+001
  7.303453987674e+001
  7.312010674018e+001
  7.288906766924e+001
  7.260367586217e+001
  7.257958335619e+001
  7.246384616048e+001
  7.237294086746e+001
  7.240926653529e+001
  7.227648745680e+001
  7.225651999704e+001
  7.196650108300e+001
  7.165264701542e+001
  7.182750252157e+001
  7.191990957327e+001
  7.179706711341e+001
  7.050253269710e+001
  7.030954899598e+001
  7.008489710783e+001
  7.005241961609e+001
  6.982316593178e+001
  6.980884430664e+001
  6.987742495275e+001
  6.973072933919e+001
  6.962811874905e+001
  6.955449888534e+001
  6.952180654396e+001
  6.950883889134e+001
  6.950112717526e+001
  6.950334040577e+001
  6.893622768223e+001
  6.862160929460e+001
  6.837716821324e+001
  6.816744612521e+001
  6.868847441812e+001
  6.848142069343e+001
  6.813493068074e+001
  6.785386177735e+001
  6.740030039307e+001
  6.722707393323e+001
  6.665555003147e+001
  6.586877604857e+001
  6.623121616187e+001
  6.581985568909e+001
  6.553903428369e+001
  6.525328604272e+001
  6.486577262437e+001
  6.500261193478e+001
  6.497859994763e+001
  6.506424869529e+001
  6.507462964749e+001
  6.520064654675e+001
  6.515169374412e+001
  6.517524859042e+001
  6.519992649796e+001
  6.521234694348e+001
  6.530628542718e+001
  6.540073360669e+001
  6.543682260176e+001
  6.560076945481e+001
  6.605138474383e+001
  6.614436568792e+001
  6.631216787678e+001
  6.663621808285e+001
  6.786230283314e+001
  6.777557267368e+001
  6.754337609333e+001
  6.732669713269e+001
  6.708178810647e+001
  6.718345282050e+001
  6.710266574466e+001
  6.673500852638e+001
  6.660066616561e+001
  6.654831014518e+001
  6.642542290467e+001
  6.648981409134e+001
  6.646729702507e+001
  6.647235384030e+001
  6.641363852301e+001
  6.639978123150e+001
  6.649808804549e+001
  6.673458942865e+001
  6.688592290949e+001
  6.702389168482e+001
  6.734934620635e+001
  6.750166022113e+001
  6.840007203415e+001
  6.844092382369e+001
  6.843467814431e+001
  6.833695863814e+001
  6.822846360032e+001
  6.818170221599e+001
  6.812526292080e+001
  6.817890012096e+001
  6.823751156177e+001
  6.820777613665e+001
  6.806796238944e+001
  6.813156432634e+001
  6.830647805077e+001
  6.833506328537e+001
  6.814649018189e+001
  6.807863540186e+001
  6.811413079226e+001
  6.818173999720e+001
  6.827530081729e+001
  6.821602769522e+001
  6.829509045863e+001
  6.832867686793e+001
  6.819760813250e+001
  6.819417081558e+001
  6.813025951611e+001
  6.814973481207e+001
  6.842365126654e+001
  6.862120602316e+001
  7.006329200129e+001
  7.047637158381e+001
  7.039795785060e+001
  7.137760141398e+001
  7.200428757454e+001
  7.268447516335e+001
  7.320952955236e+001
  7.392871825015e+001
  7.475120357674e+001
  7.543165114806e+001
  7.721791636945e+001
  7.791008795120e+001
  7.822872148511e+001
  7.793936152758e+001
  7.695317850922e+001
  7.560395075166e+001
  7.440021354792e+001
  7.422685862595e+001
  7.368422102547e+001
  7.325174620783e+001
  7.335881529866e+001
  7.292245237398e+001
  7.248311532675e+001
  7.171056648232e+001
  7.107124462672e+001
  7.094229107388e+001
  7.098350749113e+001
  7.096590573001e+001
  7.082061442840e+001
  7.090085421427e+001
  7.094108859534e+001
  7.107677845053e+001
  7.112350801531e+001
  7.116331751462e+001
  7.122001779504e+001
  7.125681277810e+001
  7.127215792939e+001
  7.121780842766e+001
  7.134893026851e+001
  7.121717813734e+001
  7.134274211435e+001
  7.124206606156e+001
  7.117462561247e+001
  7.107676054695e+001
  7.119050439732e+001
  7.126001786077e+001
  7.128828834089e+001
  7.246271408829e+001
  7.290181710244e+001
  7.291349737376e+001
  7.308212844064e+001
  7.308016472383e+001
  7.284928040266e+001
  7.252637678342e+001
  7.292283723905e+001
  7.319461708522e+001
  7.304468494004e+001
  7.286904796621e+001
  7.267098750522e+001
  7.217926828330e+001
  7.187252713232e+001
  7.162662154348e+001
  7.131027511335e+001
  7.093652063628e+001
  7.031093136200e+001
  7.007153384377e+001
  6.975352839193e+001
  7.119181125177e+001
  7.131718358567e+001
  7.144289470431e+001
  7.144392681230e+001
  7.138729575354e+001
  7.127834389041e+001
  7.130579258362e+001
  7.111562910441e+001
  7.118666071970e+001
  6.943108799145e+001
  6.841214487797e+001
  6.796677734293e+001
  6.806762886788e+001
  6.815730864072e+001
  6.838341811442e+001
  6.848890273589e+001
  6.868230778330e+001
  6.887714330330e+001
  6.887397177100e+001
  6.891669845915e+001
  6.871505696636e+001
  6.878279543118e+001
  6.882549337949e+001
  6.880702139829e+001
  6.887185498391e+001
  6.878815024960e+001
  6.872418739934e+001
  6.861666428336e+001
  6.865205076643e+001
  6.867962078046e+001
  6.869536690782e+001
  6.883755963891e+001
  6.878119218687e+001
  6.881304106857e+001
  6.893477439956e+001
  6.897132920944e+001
  6.905618198115e+001
  6.906101984757e+001
  6.909326735915e+001
  6.901309384401e+001
  7.018874563082e+001
  7.081253285838e+001
  7.152716219400e+001
  7.187668742255e+001
  7.236657874405e+001
  7.281500959941e+001
  7.336420088156e+001
  7.297015201141e+001
  7.273747388408e+001
  7.240846442794e+001
  7.209820944304e+001
  7.177317715937e+001
  7.212373147492e+001
  7.171305868866e+001
  7.126441382058e+001
  7.100452611126e+001
  7.088994949853e+001
  7.028405962441e+001
  7.041224375521e+001
  7.039848482881e+001
  7.051417693240e+001
  7.049960871666e+001
  7.041173486815e+001
  7.042710307884e+001
  7.065378954718e+001
  7.079208118512e+001
  7.322081577254e+001
  7.362363516663e+001
  7.601066759227e+001
  7.673892270655e+001
  7.790316474104e+001
  7.993694468960e+001
  8.094292854500e+001
  8.185628601686e+001
  8.127084568278e+001
  7.918013644513e+001
  7.818436308292e+001
  7.745994737981e+001
  7.733923238955e+001
  7.721952148143e+001
  7.727190326072e+001
  7.730199355718e+001
  7.742191174892e+001
  7.747452506300e+001
  7.757060489547e+001
  7.759467926964e+001
  7.769947886096e+001
  7.757753826153e+001
  7.758208147467e+001
  7.750111361107e+001
  7.748086805918e+001
  7.751091734374e+001
  7.763175514091e+001
  7.757501550880e+001
  7.750697419102e+001
  7.760093670976e+001
  7.759194417663e+001
  7.775021219767e+001
  7.761597174326e+001
  7.766072581440e+001
  7.750826796701e+001
  7.778629760931e+001
  7.845620314774e+001
  8.069706104185e+001
  8.118093403030e+001
  8.128868592489e+001
  8.141453431539e+001
  8.171988495243e+001
  8.165955199208e+001
  8.198162000072e+001
  8.243261996038e+001
  8.250483663277e+001
  8.266082619083e+001
  8.238020300146e+001
  8.082192177299e+001
  7.963145784391e+001
  7.580369967739e+001
  7.378992071840e+001
  7.194802587205e+001
  7.085049126832e+001
  7.011496476719e+001
  6.956157602049e+001
  6.916744621354e+001
  6.855695825164e+001
  6.826506364610e+001
  6.862035152406e+001
  6.924856574920e+001
  7.109187085687e+001
  7.232347278272e+001
  7.316240521296e+001
  7.255663689066e+001
  7.104150568066e+001
  7.067871850047e+001
  6.910112645545e+001
