  1.512881450460e+002 -4.852636656512e+001 -4.883466008066e+001
  1.512585371679e+002 -4.841556150112e+001 -4.876710165368e+001
  1.514192465935e+002 -4.831259382307e+001 -4.879805394220e+001
  1.513501101345e+002 -4.821109899079e+001 -4.866942921755e+001
  1.514487453355e+002 -4.807184813062e+001 -4.872259581418e+001
  1.515259633595e+002 -4.801729181915e+001 -4.857099968319e+001
  1.515576118443e+002 -4.788031850915e+001 -4.854997312045e+001
  1.515810260720e+002 -4.772877207800e+001 -4.854638342392e+001
  1.517046094996e+002 -4.763971420568e+001 -4.845185189984e+001
  1.517331308274e+002 -4.750567670208e+001 -4.837660797638e+001
  1.518332579327e+002 -4.744339796244e+001 -4.817894892383e+001
  1.519089770425e+002 -4.728014746316e+001 -4.816375886611e+001
  1.520219988323e+002 -4.718143478930e+001 -4.801895044211e+001
  1.521655415156e+002 -4.706959761098e+001 -4.790682819159e+001
  1.522555812098e+002 -4.697895119142e+001 -4.770751488287e+001
  1.521822806979e+002 -4.673942997374e+001 -4.769844813673e+001
  1.523299026103e+002 -4.664402081285e+001 -4.752573371168e+001
  1.524024826103e+002 -4.647883581285e+001 -4.744746871168e+001
  1.525767027950e+002 -4.637428853092e+001 -4.731231418768e+001
  1.526254539354e+002 -4.615937119517e+001 -4.732498945359e+001
  1.526932908776e+002 -4.605541372073e+001 -4.713658919957e+001
  1.527883403863e+002 -4.590133786518e+001 -4.708029279226e+001
  1.528998034373e+002 -4.572880422928e+001 -4.708237580169e+001
  1.530571056455e+002 -4.557379499525e+001 -4.710036778528e+001
  1.531568493172e+002 -4.543045050145e+001 -4.707368098533e+001
  1.533409883655e+002 -4.539192292332e+001 -4.690969750238e+001
  1.534602366043e+002 -4.521080866676e+001 -4.700174537074e+001
  1.535366466043e+002 -4.506510766676e+001 -4.701017837074e+001
  1.536110866043e+002 -4.492168366676e+001 -4.702290937074e+001
  1.537011404928e+002 -4.473828729615e+001 -4.713480056125e+001
  1.537705331778e+002 -4.460806091543e+001 -4.712490245669e+001
  1.539306340857e+002 -4.450196976040e+001 -4.713149439110e+001
  1.539968157295e+002 -4.437152950860e+001 -4.711091215960e+001
  1.541213073039e+002 -4.424545696832e+001 -4.711443902316e+001
  1.541891341346e+002 -4.409811996876e+001 -4.710837304932e+001
  1.542766976311e+002 -4.394139878615e+001 -4.711463498410e+001
  1.543580316006e+002 -4.378531122853e+001 -4.710080712619e+001
  1.545144530738e+002 -4.368789695029e+001 -4.700428702089e+001
  1.546043303240e+002 -4.354149145563e+001 -4.694456574921e+001
  1.547013817684e+002 -4.339903148493e+001 -4.686721512513e+001
  1.548934853984e+002 -4.331078384009e+001 -4.673739578869e+001
  1.549631489769e+002 -4.315591441140e+001 -4.664343087241e+001
  1.550115293028e+002 -4.298357058742e+001 -4.655820190761e+001
  1.550749893028e+002 -4.283545458742e+001 -4.643482790761e+001
  1.552243817607e+002 -4.278191691628e+001 -4.619180511356e+001
  1.551446664016e+002 -4.256535791942e+001 -4.610106913246e+001
  1.552914689616e+002 -4.250557904435e+001 -4.587809055587e+001
  1.553584903016e+002 -4.236335903214e+001 -4.576191988322e+001
  1.555049489308e+002 -4.228113839993e+001 -4.560491304468e+001
  1.556617845399e+002 -4.222642565787e+001 -4.541267542944e+001
  1.557268645399e+002 -4.210040465787e+001 -4.529967042944e+001
  1.557405039336e+002 -4.196954977839e+001 -4.517074263070e+001
  1.558122039336e+002 -4.184235477839e+001 -4.508595663070e+001
  1.560294595743e+002 -4.176234360234e+001 -4.503090745031e+001
  1.561196836606e+002 -4.167239043992e+001 -4.490646345237e+001
  1.562605984043e+002 -4.155315790709e+001 -4.488148154443e+001
  1.563607569386e+002 -4.139887314971e+001 -4.489433025295e+001
  1.564696370612e+002 -4.128311231183e+001 -4.484901354292e+001
  1.566975369889e+002 -4.122877378961e+001 -4.478454987281e+001
  1.568018032362e+002 -4.105958452032e+001 -4.483558241759e+001
  1.569862776533e+002 -4.093646725461e+001 -4.486639360556e+001
  1.571832098330e+002 -4.081694493576e+001 -4.489943616904e+001
  1.572854333658e+002 -4.066819688304e+001 -4.491181718686e+001
  1.573981435890e+002 -4.052971365334e+001 -4.491123114030e+001
  1.574896577264e+002 -4.036954634267e+001 -4.493600893108e+001
  1.576362915568e+002 -4.025459677148e+001 -4.492280854582e+001
  1.577315753491e+002 -4.010404820685e+001 -4.493077727108e+001
  1.578370951267e+002 -3.996150729180e+001 -4.493643280007e+001
  1.579478432403e+002 -3.985479972192e+001 -4.488171835081e+001
  1.580485178148e+002 -3.972355436996e+001 -4.485795153195e+001
  1.581828818983e+002 -3.959608260517e+001 -4.486232777520e+001
  1.582650137947e+002 -3.946867919545e+001 -4.481568117352e+001
  1.583344626897e+002 -3.932413500670e+001 -4.478625576274e+001
  1.584210158593e+002 -3.918996778401e+001 -4.475413762673e+001
  1.584806345404e+002 -3.903948340683e+001 -4.472097765096e+001
  1.585973389562e+002 -3.892273438981e+001 -4.466800968174e+001
  1.586841496342e+002 -3.879482386164e+001 -4.460411429533e+001
  1.588023251094e+002 -3.866072314255e+001 -4.457084531164e+001
  1.589388639953e+002 -3.854145132183e+001 -4.451482109383e+001
  1.590318181694e+002 -3.839477734565e+001 -4.446036541896e+001
  1.591396121025e+002 -3.825506474588e+001 -4.439476554061e+001
  1.592492314434e+002 -3.811568571204e+001 -4.432063278393e+001
  1.593682165184e+002 -3.798190956686e+001 -4.423590978932e+001
  1.594721085370e+002 -3.782961458982e+001 -4.416626532623e+001
  1.595870390378e+002 -3.768950779755e+001 -4.407574796408e+001
  1.596995155721e+002 -3.754307569375e+001 -4.399044675947e+001
  1.599240368766e+002 -3.746915277722e+001 -4.387291685592e+001
  1.600298840884e+002 -3.732478810998e+001 -4.377860263426e+001
  1.601450177129e+002 -3.720326959022e+001 -4.365146631798e+001
  1.602710664212e+002 -3.707294055595e+001 -4.355613038737e+001
  1.604015135697e+002 -3.695830199879e+001 -4.344877909984e+001
  1.604987909405e+002 -3.683003633910e+001 -4.334192937457e+001
  1.606367679843e+002 -3.673035928060e+001 -4.323488231221e+001
  1.607168483753e+002 -3.661014580221e+001 -4.311705245361e+001
  1.608231573923e+002 -3.649648909811e+001 -4.302824693105e+001
  1.609531805974e+002 -3.640759423591e+001 -4.292726054433e+001
  1.610502022430e+002 -3.631320817567e+001 -4.281530406396e+001
  1.610892543394e+002 -3.617004278500e+001 -4.273915603911e+001
  1.611984469671e+002 -3.608682273654e+001 -4.263162681881e+001
  1.613046904997e+002 -3.598392103373e+001 -4.255471500716e+001
  1.613914179255e+002 -3.587525987971e+001 -4.246975594129e+001
  1.615011763152e+002 -3.577955062568e+001 -4.238721645153e+001
  1.616220806663e+002 -3.568674395674e+001 -4.229810039552e+001
  1.616962306663e+002 -3.555739895674e+001 -4.221974039552e+001
  1.618354338165e+002 -3.547533192293e+001 -4.211407119148e+001
  1.619532328517e+002 -3.535754603127e+001 -4.203944759238e+001
  1.620699794766e+002 -3.525210784461e+001 -4.193712654063e+001
  1.622034136594e+002 -3.513206282576e+001 -4.186585569452e+001
  1.623529812984e+002 -3.502928509118e+001 -4.177155218958e+001
  1.625256698367e+002 -3.494343396438e+001 -4.167535791933e+001
  1.626575114372e+002 -3.482241384292e+001 -4.159453784624e+001
  1.627902335008e+002 -3.469434457669e+001 -4.152524378944e+001
  1.629410402209e+002 -3.457342939540e+001 -4.146931427115e+001
  1.631046017244e+002 -3.446140766957e+001 -4.141832009023e+001
  1.632675132423e+002 -3.435669547774e+001 -4.136868876215e+001
  1.634429704160e+002 -3.426034504113e+001 -4.132839045508e+001
  1.635470004160e+002 -3.410811404113e+001 -4.132010745508e+001
  1.637292514635e+002 -3.403130784472e+001 -4.128521108525e+001
  1.638649370693e+002 -3.391590549971e+001 -4.127970245627e+001
  1.639945355813e+002 -3.379054299570e+001 -4.129151437457e+001
  1.641073463535e+002 -3.366718525012e+001 -4.129640995021e+001
  1.642530577658e+002 -3.356410447945e+001 -4.130284047747e+001
  1.643644062685e+002 -3.344437529936e+001 -4.131159248139e+001
  1.644970859983e+002 -3.334208896482e+001 -4.131119384570e+001
  1.646032956836e+002 -3.321425150056e+001 -4.131781646826e+001
  1.647478447307e+002 -3.312967326395e+001 -4.129245642056e+001
  1.648517567943e+002 -3.300616435644e+001 -4.127426398442e+001
  1.649442864802e+002 -3.289310941413e+001 -4.121964444938e+001
  1.650680371104e+002 -3.278987592641e+001 -4.116942519641e+001
  1.651623239131e+002 -3.267440058483e+001 -4.109274254207e+001
  1.652471939131e+002 -3.254667558483e+001 -4.101429454207e+001
  1.654372698201e+002 -3.250951945476e+001 -4.090263510221e+001
  1.655235298201e+002 -3.238563945476e+001 -4.080083710221e+001
  1.656796399942e+002 -3.231404870997e+001 -4.068598264699e+001
  1.657840127355e+002 -3.219687559776e+001 -4.058306308920e+001
  1.658901884689e+002 -3.210160929793e+001 -4.045377040951e+001
  1.659996907372e+002 -3.199028444107e+001 -4.034748120144e+001
  1.661193859194e+002 -3.188509853650e+001 -4.024421799775e+001
  1.662256901111e+002 -3.178401127814e+001 -4.013245460482e+001
  1.663720599300e+002 -3.169293154260e+001 -4.004751772516e+001
  1.664492414084e+002 -3.159338997910e+001 -3.991001429784e+001
  1.665685192693e+002 -3.148907002968e+001 -3.982323221345e+001
  1.666828373172e+002 -3.137844100285e+001 -3.974563915285e+001
  1.667833010821e+002 -3.125585508607e+001 -3.967473089360e+001
  1.669076304116e+002 -3.116177136725e+001 -3.958421325868e+001
  1.670657656009e+002 -3.108834965086e+001 -3.949826581768e+001
  1.671954147258e+002 -3.098941681228e+001 -3.941843008803e+001
  1.673444885884e+002 -3.088547346223e+001 -3.935394195604e+001
  1.674602217813e+002 -3.078463706483e+001 -3.924810320078e+001
  1.676505454999e+002 -3.072231404020e+001 -3.916536232644e+001
  1.678631749662e+002 -3.064747741995e+001 -3.911994751501e+001
  1.679971441967e+002 -3.055805925478e+001 -3.900670643067e+001
  1.681047141967e+002 -3.041991825478e+001 -3.893071143067e+001
  1.682514381947e+002 -3.030958796705e+001 -3.886141938598e+001
  1.683477754314e+002 -3.018649618511e+001 -3.875738746307e+001
  1.684915043054e+002 -3.009218831086e+001 -3.867577965498e+001
  1.686370125376e+002 -3.000250588073e+001 -3.860243444409e+001
  1.687224285400e+002 -2.989070842944e+001 -3.850270481980e+001
  1.688974811162e+002 -2.983199801759e+001 -3.844521549363e+001
  1.689840282649e+002 -2.973093716057e+001 -3.836115961718e+001
  1.690818478270e+002 -2.962846971596e+001 -3.829896858664e+001
  1.692293743321e+002 -2.955206954532e+001 -3.827726445330e+001
  1.692996139746e+002 -2.945451435476e+001 -3.820159779087e+001
  1.693688175514e+002 -2.937133008456e+001 -3.811166254896e+001
  1.695062663913e+002 -2.928692780394e+001 -3.810266500519e+001
  1.696380929410e+002 -2.921995708365e+001 -3.806390442188e+001
  1.697592477465e+002 -2.916322083337e+001 -3.799728443349e+001
  1.698911633430e+002 -2.910765100928e+001 -3.793201539236e+001
  1.700428761453e+002 -2.903351064147e+001 -3.790554478335e+001
  1.701909747279e+002 -2.894926060824e+001 -3.787878976357e+001
  1.703303490192e+002 -2.885544393329e+001 -3.784381981113e+001
  1.705590173437e+002 -2.882962054130e+001 -3.781447398764e+001
  1.706905373437e+002 -2.871318654130e+001 -3.778076098764e+001
  1.708221373437e+002 -2.859498554130e+001 -3.774429898764e+001
  1.710648046705e+002 -2.860053103139e+001 -3.767531929641e+001
  1.711844658174e+002 -2.849956054107e+001 -3.760746603488e+001
  1.713009658174e+002 -2.837489454107e+001 -3.756733503488e+001
  1.714081858174e+002 -2.824788554107e+001 -3.752800603488e+001
  1.715940551237e+002 -2.823252618691e+001 -3.745210104622e+001
  1.717172513181e+002 -2.813740944237e+001 -3.741830957246e+001
  1.718137327223e+002 -2.802606383273e+001 -3.738218753912e+001
  1.718916328989e+002 -2.792025606229e+001 -3.733151937444e+001
  1.719776359064e+002 -2.781848700213e+001 -3.729461477451e+001
  1.720562726712e+002 -2.771891344470e+001 -3.725278760949e+001
  1.721129994464e+002 -2.760790785384e+001 -3.720084500069e+001
  1.721922514485e+002 -2.747705643606e+001 -3.719586948667e+001
  1.722655958987e+002 -2.734847414427e+001 -3.717350825324e+001
  1.723483520497e+002 -2.722449130533e+001 -3.714506213126e+001
  1.724582941925e+002 -2.712300603926e+001 -3.710079704852e+001
  1.725882449885e+002 -2.706106996752e+001 -3.701587647708e+001
  1.726824049885e+002 -2.693715896752e+001 -3.693659947708e+001
  1.728248494822e+002 -2.685705729995e+001 -3.684073138950e+001
  1.729743300757e+002 -2.678128457126e+001 -3.672133521617e+001
  1.731491682628e+002 -2.672710159252e+001 -3.658466277000e+001
  1.733177466133e+002 -2.662374716512e+001 -3.648504548438e+001
  1.735044206439e+002 -2.653383164223e+001 -3.637248289103e+001
  1.737051740250e+002 -2.644623669565e+001 -3.627308895017e+001
  1.738759642890e+002 -2.638120611858e+001 -3.610460726878e+001
  1.740908121819e+002 -2.633773161251e+001 -3.596845376976e+001
  1.743076766454e+002 -2.630083745538e+001 -3.583994230406e+001
  1.744689524410e+002 -2.623871888331e+001 -3.568963523543e+001
  1.746103485644e+002 -2.617831080854e+001 -3.552807941669e+001
  1.747299116720e+002 -2.612014501161e+001 -3.536637776051e+001
  1.749249696799e+002 -2.608950584054e+001 -3.528628142024e+001
  1.750320096799e+002 -2.598924284054e+001 -3.520066542024e+001
  1.751743786580e+002 -2.594687568889e+001 -3.511519745029e+001
  1.753034053871e+002 -2.587597253607e+001 -3.506515485135e+001
  1.754238807890e+002 -2.580190506600e+001 -3.502478712312e+001
  1.755014919990e+002 -2.570404332075e+001 -3.496704324667e+001
  1.755981868585e+002 -2.562046727601e+001 -3.492545678232e+001
  1.757086785191e+002 -2.553678999930e+001 -3.490329558891e+001
  1.758235481748e+002 -2.547383986557e+001 -3.486011753567e+001
  1.759175392595e+002 -2.536449119020e+001 -3.483434106942e+001
  1.760169983035e+002 -2.527362764776e+001 -3.478958362877e+001
  1.761139483272e+002 -2.521622524890e+001 -3.469140144709e+001
  1.762213693761e+002 -2.512895429031e+001 -3.462966360201e+001
  1.763425812792e+002 -2.503617430582e+001 -3.457663949692e+001
  1.764610462899e+002 -2.495378647323e+001 -3.450000675208e+001
  1.766031773367e+002 -2.487115912915e+001 -3.444558468830e+001
  1.767418842786e+002 -2.478782527066e+001 -3.438379747695e+001
  1.768835874275e+002 -2.471973352422e+001 -3.430864151853e+001
  1.770319880651e+002 -2.463848908645e+001 -3.425348664948e+001
  1.771918832167e+002 -2.456853705962e+001 -3.420433375673e+001
  1.773303572935e+002 -2.449997722155e+001 -3.413116809930e+001
  1.774725266137e+002 -2.442589515049e+001 -3.407580340029e+001
  1.776230549604e+002 -2.438634851152e+001 -3.400124946558e+001
  1.777692106823e+002 -2.431661081676e+001 -3.395979172303e+001
  1.778878973860e+002 -2.425809016375e+001 -3.387913255070e+001
  1.780297079878e+002 -2.419755857099e+001 -3.382881552059e+001
  1.781618354027e+002 -2.413352195364e+001 -3.377441296982e+001
  1.782874751244e+002 -2.407487030937e+001 -3.370487998515e+001
  1.784383461613e+002 -2.402439301534e+001 -3.365789586154e+001
  1.785699563280e+002 -2.395928185041e+001 -3.359106379012e+001
  1.787002367532e+002 -2.388599596853e+001 -3.352560043564e+001
  1.788481926798e+002 -2.381536897444e+001 -3.346679748849e+001
  1.789861900947e+002 -2.374989476674e+001 -3.337930445196e+001
  1.791443472215e+002 -2.370836839350e+001 -3.328833968828e+001
  1.792921637900e+002 -2.363529327966e+001 -3.319942389611e+001
  1.794475706345e+002 -2.355457513368e+001 -3.311628460764e+001
  1.795983130366e+002 -2.345678216788e+001 -3.303872546039e+001
  1.797639880733e+002 -2.334808271666e+001 -3.298281822415e+001
  1.799338571867e+002 -2.327641433752e+001 -3.289242430843e+001
  1.800975319831e+002 -2.318319175721e+001 -3.281653546028e+001
  1.802281595690e+002 -2.309705768674e+001 -3.269035498317e+001
  1.803922089866e+002 -2.302098966882e+001 -3.260194848819e+001
  1.805258113611e+002 -2.297764838902e+001 -3.244877205167e+001
  1.807169830895e+002 -2.296354926480e+001 -3.235251595122e+001
  1.808536613965e+002 -2.288815129840e+001 -3.224789659675e+001
  1.809927831132e+002 -2.282454425442e+001 -3.214461828748e+001
  1.811458049608e+002 -2.277612645516e+001 -3.205481146198e+001
  1.812773377286e+002 -2.270773263354e+001 -3.196551540727e+001
  1.814291216586e+002 -2.266885636248e+001 -3.188280586325e+001
  1.815459716586e+002 -2.257562536248e+001 -3.180941986325e+001
  1.817070626400e+002 -2.255227398024e+001 -3.173539555365e+001
  1.818559526440e+002 -2.250414425042e+001 -3.167902948009e+001
  1.819792032837e+002 -2.242291554915e+001 -3.161309353326e+001
  1.821232154971e+002 -2.235920482199e+001 -3.156859064736e+001
  1.822317954971e+002 -2.226667282199e+001 -3.150212364736e+001
  1.823721134764e+002 -2.229592665471e+001 -3.137150904659e+001
  1.824960785153e+002 -2.222028900719e+001 -3.131801093304e+001
  1.826117018254e+002 -2.216385115744e+001 -3.123210695512e+001
  1.827389161052e+002 -2.210751451437e+001 -3.117185003655e+001
  1.828571302420e+002 -2.206233852592e+001 -3.108843827154e+001
  1.829826963556e+002 -2.201155782970e+001 -3.102530990719e+001
  1.831069620958e+002 -2.195131098116e+001 -3.096933221815e+001
  1.832213274008e+002 -2.188870030388e+001 -3.090642724830e+001
  1.833442619826e+002 -2.186321786215e+001 -3.082392701937e+001
  1.834472719826e+002 -2.177027686215e+001 -3.077409201937e+001
  1.835847164632e+002 -2.178782961198e+001 -3.068074888907e+001
  1.837098267554e+002 -2.171210959526e+001 -3.064576915848e+001
  1.838336309378e+002 -2.164571509594e+001 -3.059664534837e+001
  1.839592580408e+002 -2.159333215901e+001 -3.053326126731e+001
  1.840888639779e+002 -2.152252890039e+001 -3.048681859522e+001
  1.842236132447e+002 -2.146955798094e+001 -3.042585248093e+001
  1.843746328136e+002 -2.140627957651e+001 -3.038796394498e+001
  1.845137865868e+002 -2.134460561575e+001 -3.032523435134e+001
  1.846719342406e+002 -2.129887954382e+001 -3.026696721344e+001
  1.848398773781e+002 -2.127316143519e+001 -3.020181275118e+001
  1.849996206525e+002 -2.120353519568e+001 -3.015574560117e+001
  1.851551631145e+002 -2.115310143833e+001 -3.008269123517e+001
  1.853185100845e+002 -2.106976236402e+001 -3.004665991166e+001
  1.854698868758e+002 -2.101431113917e+001 -2.997524281185e+001
  1.856241610742e+002 -2.097552859603e+001 -2.989390312314e+001
  1.857555218196e+002 -2.094912072707e+001 -2.978483767808e+001
  1.858882617184e+002 -2.091446379889e+001 -2.968728890476e+001
  1.860224261412e+002 -2.087843524821e+001 -2.959990427788e+001
  1.861398416789e+002 -2.082986351144e+001 -2.951232445470e+001
  1.862685209359e+002 -2.080181215543e+001 -2.942804527858e+001
  1.863984323925e+002 -2.076082524619e+001 -2.936141219539e+001
  1.865157474572e+002 -2.072232054199e+001 -2.928568178974e+001
  1.866554376025e+002 -2.071280422789e+001 -2.921775737743e+001
  1.867815001916e+002 -2.065588776543e+001 -2.916898099457e+001
  1.869095997071e+002 -2.062474555539e+001 -2.909670717970e+001
  1.870442235062e+002 -2.057689915053e+001 -2.903975384870e+001
  1.871876572597e+002 -2.053993430763e+001 -2.896998464765e+001
  1.873097015774e+002 -2.050452297664e+001 -2.886015299821e+001
  1.874791422948e+002 -2.043533402729e+001 -2.882392417742e+001
  1.876478705805e+002 -2.037938432309e+001 -2.875737972632e+001
  1.878146657525e+002 -2.031473623711e+001 -2.867886855362e+001
  1.879897715982e+002 -2.029060764827e+001 -2.856703814355e+001
  1.881699003129e+002 -2.021890189358e+001 -2.847533446957e+001
  1.883550794011e+002 -2.016346278658e+001 -2.836578845651e+001
  1.885664508479e+002 -2.007284766032e+001 -2.831227838576e+001
  1.887593162146e+002 -1.997405308815e+001 -2.822575120205e+001
  1.889603279457e+002 -1.989970600868e+001 -2.813803374559e+001
  1.891559921799e+002 -1.984242962884e+001 -2.802490224298e+001
  1.893524077041e+002 -1.980825011964e+001 -2.790492814682e+001
  1.895293810126e+002 -1.978421301014e+001 -2.775546766021e+001
  1.896950150360e+002 -1.972096552075e+001 -2.762736439933e+001
  1.898690667055e+002 -1.970061898506e+001 -2.749792278442e+001
  1.900495140260e+002 -1.970083382969e+001 -2.737406190141e+001
  1.902074435416e+002 -1.967035352493e+001 -2.725525135939e+001
  1.903611146346e+002 -1.960423603701e+001 -2.716473077036e+001
  1.905084978199e+002 -1.954836821409e+001 -2.707033685687e+001
  1.906470296795e+002 -1.950715039014e+001 -2.696327880250e+001
  1.907850292132e+002 -1.947441003533e+001 -2.686424794442e+001
  1.909341230025e+002 -1.945022041495e+001 -2.678247885492e+001
  1.910777098020e+002 -1.941519254822e+001 -2.670919916631e+001
  1.912116493274e+002 -1.938203937299e+001 -2.662509026503e+001
  1.913572220381e+002 -1.936622934107e+001 -2.655335631189e+001
  1.914926400576e+002 -1.934616178849e+001 -2.647384711284e+001
  1.916285131972e+002 -1.930822594663e+001 -2.641088684010e+001
  1.917547310220e+002 -1.927038411350e+001 -2.633967693682e+001
  1.918718610220e+002 -1.919903211350e+001 -2.627687793682e+001
  1.920033549982e+002 -1.918030313310e+001 -2.620567894237e+001
  1.921248238284e+002 -1.917025069838e+001 -2.611932343748e+001
  1.922537037988e+002 -1.914504951457e+001 -2.605193433325e+001
  1.923806001534e+002 -1.911128922001e+001 -2.599130401254e+001
  1.925173190711e+002 -1.907834812132e+001 -2.594319501430e+001
  1.926454009650e+002 -1.903585372477e+001 -2.588396035894e+001
  1.927777266875e+002 -1.900101818240e+001 -2.582294902992e+001
  1.929028016890e+002 -1.898353634634e+001 -2.573512773794e+001
  1.930270916890e+002 -1.890939334634e+001 -2.567055373794e+001
  1.931686749700e+002 -1.891147773014e+001 -2.558070354910e+001
  1.933104190975e+002 -1.891179291765e+001 -2.548081764330e+001
  1.934682540193e+002 -1.888073978656e+001 -2.541129272716e+001
  1.936255274548e+002 -1.883371374249e+001 -2.533920033001e+001
  1.937877601495e+002 -1.881444668511e+001 -2.524897055679e+001
  1.939814918334e+002 -1.884780743611e+001 -2.517067884259e+001
  1.941526118495e+002 -1.880509826354e+001 -2.509015878642e+001
  1.943209705108e+002 -1.878374748047e+001 -2.499439909805e+001
  1.945037696057e+002 -1.877776952466e+001 -2.491189338286e+001
  1.946763044642e+002 -1.875477647749e+001 -2.482495027507e+001
  1.948484319331e+002 -1.871721980055e+001 -2.475087894416e+001
  1.950158915300e+002 -1.867737242295e+001 -2.467900749350e+001
  1.951638415300e+002 -1.861721342295e+001 -2.460062849350e+001
  1.953310242034e+002 -1.863896542143e+001 -2.452505337109e+001
  1.954781612857e+002 -1.867237635776e+001 -2.442414567189e+001
  1.956076712857e+002 -1.860843135776e+001 -2.435864767189e+001
  1.957426554848e+002 -1.860964897429e+001 -2.428477033846e+001
  1.958617954848e+002 -1.854134897429e+001 -2.422635833846e+001
  1.960070823086e+002 -1.851112576459e+001 -2.419675927018e+001
  1.961325331613e+002 -1.845829162605e+001 -2.414818284445e+001
  1.962566069785e+002 -1.841691293847e+001 -2.409608000950e+001
  1.963830705456e+002 -1.839588892361e+001 -2.403210470741e+001
  1.965051734631e+002 -1.835613485852e+001 -2.396488564118e+001
  1.966303444944e+002 -1.831114609439e+001 -2.389339314080e+001
  1.967596857387e+002 -1.827376467965e+001 -2.381563730775e+001
  1.968912961105e+002 -1.823332172678e+001 -2.373030795205e+001
  1.970260099020e+002 -1.820024455985e+001 -2.363765080295e+001
  1.971744794258e+002 -1.818137426297e+001 -2.355030352389e+001
  1.973197366999e+002 -1.813099354472e+001 -2.346341641620e+001
  1.974696156016e+002 -1.811557611223e+001 -2.336106843847e+001
  1.976120038911e+002 -1.808330825528e+001 -2.325276960542e+001
  1.977533006114e+002 -1.808545017972e+001 -2.312875345823e+001
  1.978997616137e+002 -1.808957548003e+001 -2.301432230913e+001
  1.980383143282e+002 -1.807781231311e+001 -2.289543388719e+001
  1.981829841038e+002 -1.805046687481e+001 -2.279559514541e+001
  1.983359424077e+002 -1.802987090565e+001 -2.270891464123e+001
  1.984889056189e+002 -1.800080797172e+001 -2.263179947813e+001
  1.986212756189e+002 -1.794782697172e+001 -2.253357647813e+001
  1.988068443693e+002 -1.798369944859e+001 -2.248228999462e+001
  1.989489462730e+002 -1.795150099254e+001 -2.238738763071e+001
  1.990878583554e+002 -1.791881580059e+001 -2.228231960967e+001
  1.992437445038e+002 -1.788469674424e+001 -2.220002200236e+001
  1.993921327559e+002 -1.785313618326e+001 -2.209390939253e+001
  1.995610303548e+002 -1.785404983997e+001 -2.199575821229e+001
  1.997134852056e+002 -1.781092832176e+001 -2.188337799496e+001
  1.857233500000e+002 -2.100224400000e+001 -3.101664300000e+001
