  7.680000305176e+001
  7.692097045396e+001
  7.684762579963e+001
  7.679366455998e+001
  7.690357921147e+001
  7.679493937086e+001
  7.675325323858e+001
  7.684066030321e+001
  7.677665884431e+001
  7.685888463582e+001
  7.692852915221e+001
  7.686885113576e+001
  7.660877239101e+001
  7.669416145761e+001
  7.665398726370e+001
  7.627359459348e+001
  7.631744009964e+001
  7.638080509408e+001
  7.640632862269e+001
  7.627454329926e+001
  7.618339622896e+001
  7.628278559398e+001
  7.624643835088e+001
  7.637670049302e+001
  7.621496588056e+001
  7.635949183880e+001
  7.637370709284e+001
  7.671687657052e+001
  7.680676912304e+001
  7.737881103778e+001
  7.781025921225e+001
  7.817581877283e+001
  7.844295580269e+001
  7.863984481256e+001
  7.875069656202e+001
  7.922210984892e+001
  7.930328248324e+001
  7.936217253451e+001
  7.895639738233e+001
  7.909216182028e+001
  7.924171549539e+001
  7.924611656660e+001
  7.927827738304e+001
  7.924495843879e+001
  7.838000562171e+001
  7.846892168714e+001
  7.837884418394e+001
  7.875297124899e+001
  7.878160019308e+001
  7.903649085921e+001
  7.832112225271e+001
  7.835222274234e+001
  7.850405302227e+001
  7.859014109906e+001
  7.861690438344e+001
  7.878159728304e+001
  7.867048110912e+001
  7.894350473648e+001
  7.926447963445e+001
  7.962105313601e+001
  8.012344889110e+001
  8.060569824150e+001
  8.110641230620e+001
  8.175496346943e+001
  8.225076158354e+001
  8.266988023507e+001
  8.297348506132e+001
  8.330316167680e+001
  8.334346689750e+001
  8.320507372015e+001
  8.295011333679e+001
  8.264607034953e+001
  8.281148434987e+001
  8.292352257562e+001
  8.296249598706e+001
  8.296388207798e+001
  8.303657640867e+001
  8.304327417173e+001
  8.309699351081e+001
  8.307799353562e+001
  8.300579006565e+001
  8.312746079994e+001
  8.318228605784e+001
  8.335714492701e+001
  8.345142966501e+001
  8.343467720332e+001
  8.352862776002e+001
  8.311130689202e+001
  8.246477978313e+001
  8.191746128017e+001
  8.194736760019e+001
  8.199789534529e+001
  8.205952080151e+001
  8.208127713288e+001
  8.204238630972e+001
  8.200034044206e+001
  8.196320238896e+001
  8.199056064791e+001
  8.201967972414e+001
  8.189144661060e+001
