  0.000000000000e+000
  0.000000000000e+000
  0.000000000000e+000
  0.000000000000e+000
  0.000000000000e+000
  0.000000000000e+000
  0.000000000000e+000
  0.000000000000e+000
  0.000000000000e+000
  0.000000000000e+000
  0.000000000000e+000
  0.000000000000e+000
  0.000000000000e+000
  0.000000000000e+000
  0.000000000000e+000
  0.000000000000e+000
  0.000000000000e+000
  0.000000000000e+000
  0.000000000000e+000
  9.888999938965e+001
  9.882860528943e+001
  9.874607419936e+001
  9.863769985751e+001
  9.891029079223e+001
  9.907256223072e+001
  9.925814913769e+001
  9.943506302017e+001
  9.952040549287e+001
  9.987518402754e+001
  9.976045343234e+001
  9.974650421035e+001
  9.979384400534e+001
  9.983503306495e+001
  1.000865449187e+002
  1.000777185144e+002
  1.001915917279e+002
  1.000725761194e+002
  9.998634065820e+001
  1.000626755983e+002
  9.992230976447e+001
  1.001003391387e+002
  1.001172671212e+002
  9.975297564674e+001
  1.002524059535e+002
  9.998970933186e+001
  9.925937657357e+001
  9.942647739357e+001
  9.953051419508e+001
  9.950301673980e+001
  9.969625580319e+001
  9.976718135946e+001
  9.973451128072e+001
  9.981102187664e+001
  9.976461900175e+001
  9.997133037968e+001
  9.980383140362e+001
  9.937923389486e+001
  9.946144312301e+001
  9.952731334820e+001
  9.975979172248e+001
  9.926857929766e+001
  9.926760293776e+001
  9.913034039218e+001
  9.826715501827e+001
  9.827475109646e+001
  9.836148149435e+001
  9.831519129260e+001
  9.819816088955e+001
  9.779319014619e+001
  9.789171890341e+001
  9.757223023656e+001
  9.710144214838e+001
  9.678492212203e+001
  9.681350720098e+001
  9.698206466112e+001
  9.710482411487e+001
  9.741873133473e+001
  9.777405664964e+001
  9.782702991967e+001
  9.784446048397e+001
  9.779463276639e+001
  9.817668588988e+001
  9.840928140314e+001
  9.887296988762e+001
  1.007875334333e+002
  1.010178592128e+002
  1.011077118338e+002
  1.005754052348e+002
  1.005169864623e+002
  1.008375701027e+002
  1.004719750679e+002
  9.949667889012e+001
  9.923037535729e+001
  9.841370172052e+001
  9.765164358394e+001
  9.689849878059e+001
  9.734659692100e+001
  9.711413847175e+001
  9.722949612736e+001
  9.711042915029e+001
  9.695431311970e+001
  9.699260866072e+001
  9.699695263651e+001
  9.710207817058e+001
  9.705997980931e+001
  9.693362597179e+001
  9.684322151395e+001
  9.683426443786e+001
  9.691993200470e+001
  9.700452881058e+001
  9.632194663953e+001
  9.675373391901e+001
  9.725512705662e+001
  9.749376413119e+001
  9.813817980224e+001
  9.807189381050e+001
  9.783308288329e+001
  9.764579138706e+001
  9.716155945694e+001
  9.692907142977e+001
  9.667405618682e+001
  9.654013841711e+001
  9.633308510623e+001
  9.599805962406e+001
  9.544770493808e+001
  9.527123645146e+001
  9.535671541492e+001
  9.557369339909e+001
  9.569332239198e+001
  9.576727431160e+001
  9.553745169311e+001
  9.605317219825e+001
  9.623690219139e+001
  9.652717379180e+001
  9.666991601725e+001
  9.670941356954e+001
  9.655595369448e+001
  9.702854318382e+001
  9.782542382106e+001
  9.883256569603e+001
  9.968052230395e+001
  1.000246917813e+002
  9.927002660626e+001
  9.906416480746e+001
  9.911642142031e+001
  9.930950720484e+001
  9.888407359969e+001
  9.843370519451e+001
  9.833117014539e+001
  9.882708788098e+001
  9.864702153413e+001
  9.857637434533e+001
  9.902734730332e+001
  9.898641494416e+001
  9.884310462052e+001
  9.886919272096e+001
  9.884319731451e+001
  9.873250742798e+001
  9.875422588515e+001
  9.880797690698e+001
  9.856758519828e+001
  9.855811967688e+001
  9.864872100961e+001
  9.869177153317e+001
  9.850682205111e+001
  9.839375339831e+001
  9.840936988257e+001
  9.842315972612e+001
  9.837969380042e+001
  9.830420610118e+001
  9.840154514904e+001
  9.839504543963e+001
  9.821906178128e+001
  9.821540635084e+001
  9.734934362837e+001
  9.817970669830e+001
  9.923921227192e+001
  9.960324673209e+001
  1.001232400131e+002
  9.995967449785e+001
  1.001347464824e+002
  1.002097861839e+002
  9.958419388170e+001
  9.949975662174e+001
  9.926107008762e+001
  9.771503780891e+001
  9.703121260488e+001
  9.771784568189e+001
  9.892357392601e+001
  1.028152260752e+002
  1.052277663214e+002
  1.062063486237e+002
  1.062138865367e+002
  1.061437156701e+002
  1.051247394505e+002
  1.044305577562e+002
  1.030059211273e+002
  1.021505261997e+002
  1.022558740423e+002
  1.022701065601e+002
  1.016206364489e+002
  1.019866251484e+002
  1.018549985077e+002
  1.023166415013e+002
  1.022966967104e+002
  1.029604750425e+002
  1.031848337267e+002
  1.029361117571e+002
  1.032214797112e+002
  1.041589733347e+002
  1.059946522197e+002
  1.067578508819e+002
  1.063346777854e+002
  1.051855082420e+002
  1.059274945984e+002
  1.057482120738e+002
  1.058563388254e+002
  1.080164599687e+002
  1.097592165538e+002
  1.109932505882e+002
  1.116926642095e+002
  1.118163692198e+002
  1.110278656433e+002
  1.093709106559e+002
  1.092882047476e+002
  1.079757150155e+002
  1.081044014562e+002
  1.083220531480e+002
  1.082005923668e+002
  1.077188183923e+002
  1.060379715918e+002
  1.042841695620e+002
  1.038758562660e+002
  1.042802486669e+002
  1.051007617640e+002
  1.051005713362e+002
  1.050341984639e+002
  1.051357972572e+002
  1.063513680219e+002
  1.063486212603e+002
  1.063594515546e+002
  1.064492354436e+002
  1.063422503074e+002
  1.065234947563e+002
  9.777225789713e+001
  9.725371584247e+001
  9.734532865333e+001
  9.739902393838e+001
  9.750808846608e+001
  9.746285825092e+001
  9.740498714757e+001
  1.019047827009e+002
  1.106769516740e+002
  1.170554295306e+002
  1.166476747172e+002
  1.187423861021e+002
  1.196674301147e+002
  1.199447528543e+002
  1.192518518335e+002
  1.194870856114e+002
  1.217768025971e+002
  1.219875718653e+002
  1.221820159592e+002
  1.220755360624e+002
  1.220387957109e+002
  1.220431889520e+002
  1.219554710340e+002
  1.203570112681e+002
  1.200160739359e+002
  1.197594454681e+002
  1.197078239360e+002
  1.193011335981e+002
  1.188308150270e+002
  1.186352743194e+002
  1.183937362262e+002
  1.198531638540e+002
  1.196218925543e+002
  1.195357027813e+002
  1.192622282548e+002
  1.203366084463e+002
  1.201369317377e+002
  1.203786414096e+002
  1.201974801606e+002
  1.203429737702e+002
  1.200839206849e+002
  1.200532964209e+002
  1.201815924176e+002
  1.195663334894e+002
  1.200473371167e+002
  1.203090120145e+002
  1.201157655434e+002
  1.196666774764e+002
  1.195038723616e+002
  1.191835142426e+002
  1.199094478536e+002
  1.200055322952e+002
  1.207654691460e+002
  1.212463961655e+002
  1.215657514408e+002
  1.218209532503e+002
  1.210313425235e+002
  1.207447588130e+002
  1.205888232370e+002
  1.207883850810e+002
  1.207188685156e+002
  1.208638350911e+002
  1.217855827278e+002
  1.222872063417e+002
  1.234673589903e+002
  1.238428126587e+002
  1.237882401995e+002
  1.236905443140e+002
  1.237369109993e+002
  1.237046644797e+002
  1.237435788595e+002
  1.238538181459e+002
  1.239541503876e+002
  1.240450518249e+002
  1.239334603306e+002
  1.240158777276e+002
  1.241763039605e+002
  1.161313457708e+002
  1.292272037751e+002
  1.212305923793e+002
  1.167638997547e+002
  1.177085475211e+002
  1.114583157888e+002
  1.136396341453e+002
  1.110172468270e+002
  1.071857757997e+002
  1.051345942655e+002
  1.053199177403e+002
  1.055579987907e+002
  1.064010949049e+002
  1.068518696072e+002
  1.069805115100e+002
  1.070037534349e+002
  1.072428441455e+002
  1.072415901453e+002
  1.075701226596e+002
  1.075597131300e+002
  1.075135910861e+002
  1.077897851835e+002
  1.082600627776e+002
  1.082802007457e+002
  1.085295171944e+002
  1.087722956021e+002
  1.087416668276e+002
  1.088636458838e+002
  1.092591359779e+002
  1.096256735347e+002
  1.099683215047e+002
  1.098987219560e+002
  1.098667801641e+002
  1.100002201525e+002
  1.101440813491e+002
  1.115013603011e+002
  1.105743318854e+002
  1.110940643906e+002
  1.114519532779e+002
  1.116720720153e+002
  1.110548687494e+002
  1.116715654509e+002
  1.119770087006e+002
  1.120618915509e+002
  1.119736140163e+002
  1.120994519374e+002
  1.124140042972e+002
  1.118486963991e+002
  1.119734723895e+002
  1.126598316253e+002
  1.114660775928e+002
  1.114661993562e+002
  1.112815081975e+002
  1.109934708761e+002
  1.111516712903e+002
  1.111672970522e+002
  1.114323310855e+002
  1.115134841986e+002
  1.122191743606e+002
  1.118562368095e+002
  1.113624277192e+002
  1.102905422942e+002
  1.097236617297e+002
  1.085685609964e+002
  1.090294797617e+002
  1.104305616642e+002
  1.123638171118e+002
  1.129386499443e+002
  1.133111405598e+002
  1.150312902226e+002
  1.149760363294e+002
  1.148948732640e+002
  1.147526463019e+002
  1.146433571758e+002
  1.146294640777e+002
  1.147288689612e+002
  1.147279715865e+002
  1.148365160849e+002
  1.148244156679e+002
  1.146476910329e+002
  1.145941960550e+002
  1.144571769080e+002
  1.248424906232e+002
  1.198198064561e+002
  1.226724119502e+002
  1.256357157727e+002
  1.263650891116e+002
  1.270000589983e+002
  1.274872088721e+002
  1.289136989474e+002
  1.295069804206e+002
  1.298319969650e+002
  1.302223448214e+002
  1.312047978434e+002
  1.313127934659e+002
  1.311984201825e+002
  1.311856079836e+002
  1.313742120083e+002
  1.314588214152e+002
  1.315754909513e+002
  1.313883222259e+002
  1.316966239083e+002
  1.313793661393e+002
  1.313550018241e+002
  1.311803756914e+002
  1.310807313317e+002
  1.310100813451e+002
  1.310028926343e+002
  1.312096471448e+002
  1.308579336350e+002
  1.312693878053e+002
  1.314713015489e+002
  1.319920088266e+002
  1.320889161221e+002
  1.317998884439e+002
  1.330185490708e+002
  1.330816988972e+002
  1.329211409720e+002
  1.326513987121e+002
  1.325970412030e+002
  1.331144232331e+002
  1.335181588815e+002
  1.341958213632e+002
  1.347075357372e+002
  1.347229139362e+002
  1.345525849847e+002
  1.351524546081e+002
  1.354461100819e+002
  1.353932437584e+002
  1.354296210691e+002
  1.352764937694e+002
  1.352252712467e+002
  1.352193015079e+002
  1.350670595393e+002
  1.349914113115e+002
  1.345190844616e+002
  1.342709218150e+002
  1.346352138764e+002
  1.335958765456e+002
  1.317482507986e+002
  1.292926863832e+002
  1.262762500097e+002
  1.220774503271e+002
  1.220139625051e+002
  1.220036573554e+002
  1.220209617451e+002
  1.217438107882e+002
  1.213609426632e+002
  1.213720340725e+002
  1.213962569886e+002
  1.214351473532e+002
  1.209798210273e+002
  1.209342485580e+002
  1.211488854819e+002
  1.210279642076e+002
  1.211010152015e+002
  1.213075712722e+002
  1.212889984143e+002
  1.210274251897e+002
  1.214048667907e+002
  1.224896841559e+002
  1.219072286035e+002
  1.210707017797e+002
  1.207150587358e+002
  1.207091036788e+002
  1.207835718687e+002
  1.214368717246e+002
  1.214476599289e+002
  1.215084174503e+002
  1.215180932288e+002
  1.213830401401e+002
  1.215174520703e+002
  1.216657771985e+002
  1.219214421752e+002
  1.227070716510e+002
  1.221791568076e+002
  1.218058991451e+002
  1.188853520262e+002
  1.213818863799e+002
  1.237321027428e+002
  1.245195173739e+002
  1.246344965658e+002
  1.247819162896e+002
  1.251063866046e+002
  1.253595283615e+002
  1.256435213166e+002
  1.250048075183e+002
  1.246652691030e+002
  1.247321034874e+002
  1.250491530388e+002
  1.256286716842e+002
  1.253638844558e+002
  1.249197287303e+002
  1.246623920276e+002
  1.247502297625e+002
  1.256693554015e+002
  1.211248406411e+002
  1.281353979953e+002
  1.279219510754e+002
  1.279339064778e+002
  1.082318953389e+002
                  nan
                  nan
                  nan
                  nan
                  nan
                  nan
                  nan
