[0.2666015600, 0.0390625000, 0.0361328130]
[0.0419921880, 0.3066406300, 0.0371093750]
[0.0410156250, 0.0380859380, 0.2988281300]
[0.1298828100, 0.1074218800, 0.0869140630]
[0.0410156250, 0.1015625000, 0.1767578100]
[0.0410156250, 0.0380859380, 0.1005859400]
[0.0400390630, 0.0449218750, 0.1083984400]
[0.0410156250, 0.1640625000, 0.1718750000]
[0.1093750000, 0.1074218800, 0.1269531300]
[0.1357421900, 0.1416015600, 0.0888671880]
[0.0820312500, 0.0488281250, 0.0361328130]
[0.0830078130, 0.2080078100, 0.0361328130]
[0.0781250000, 0.2080078100, 0.0468750000]
[0.1943359400, 0.1005859400, 0.0371093750]
[0.1572265600, 0.2128906300, 0.0400390630]
[0.1396484400, 0.0390625000, 0.1455078100]
[0.2060546900, 0.2597656300, 0.1035156300]
[0.0810546880, 0.2421875000, 0.2470703100]
[0.1308593800, 0.1962890600, 0.0449218750]
[0.0878906250, 0.1542968800, 0.0351562500]
[0.1562500000, 0.1992187500, 0.0761718750]
[0.2031250000, 0.0458984380, 0.0976562500]
[0.1923828100, 0.2382812500, 0.0371093750]
[0.0898437500, 0.1132812500, 0.1806640600]
[0.0400390630, 0.1308593800, 0.0585937500]
[0.0410156250, 0.0673828130, 0.1777343800]
[0.0722656250, 0.0751953130, 0.0371093750]
[0.2119140600, 0.2529296900, 0.1289062500]
[0.2216796900, 0.0390625000, 0.0771484380]
[0.1406250000, 0.0390625000, 0.2333984400]
[0.2500000000, 0.1992187500, 0.1533203100]
[0.1250000000, 0.1757812500, 0.0556640630]
[0.1523437500, 0.1113281300, 0.1191406300]
[0.1728515600, 0.0390625000, 0.0371093750]
[0.2382812500, 0.0468750000, 0.0605468750]
[0.0410156250, 0.0712890630, 0.2636718800]
[0.0839843750, 0.1699218800, 0.0957031250]
[0.1845703100, 0.2021484400, 0.0556640630]
[0.2412109400, 0.1083984400, 0.0566406250]
[0.1806640600, 0.0937500000, 0.1279296900]
[0.0410156250, 0.0429687500, 0.0898437500]
[0.0410156250, 0.2333984400, 0.1406250000]
[0.2138671900, 0.0625000000, 0.1875000000]
[0.0410156250, 0.1044921900, 0.1582031300]
[0.0400390630, 0.0869140630, 0.1699218800]
[0.0410156250, 0.2246093800, 0.0439453130]
[0.0419921880, 0.2392578100, 0.0771484380]
[0.0800781250, 0.1972656300, 0.1884765600]
[0.2392578100, 0.0390625000, 0.1904296900]
[0.2060546900, 0.1562500000, 0.1015625000]

