111.421776	149.990570	172.055740
111.409424	149.968918	172.088486
111.426254	149.970520	172.088043
111.397682	149.978500	172.065186
111.384270	149.973572	172.069061
111.412857	149.971115	172.065948
111.399803	149.972656	172.070450
111.363174	149.981628	172.059265
111.349121	149.990860	172.047531
111.385147	149.976501	172.068588
111.350372	149.982162	172.069977
111.352158	149.984070	172.065918
111.353912	149.985779	172.080215
111.382355	149.987701	172.080200
111.367920	149.983322	172.087387
111.379578	149.978668	172.083420
111.389778	149.982712	172.092499
111.407845	149.980438	172.099487
111.367538	149.990936	172.082703
111.315887	149.999725	172.066406
111.379440	150.000061	172.078110
111.358879	149.993805	172.072784
111.391006	149.995422	172.073029
111.430801	149.995239	172.073334
111.400246	149.995499	172.067093
111.393425	149.999390	172.037964
111.394249	149.993317	171.919434
111.389122	149.989105	171.693604
111.385628	149.981491	171.495667
111.314301	149.965149	171.148682
111.330864	149.977097	170.699280
111.355194	149.976776	170.101379
111.407814	149.982071	169.318527
111.457367	149.991119	168.531189
111.488380	150.011032	167.870346
111.530884	150.001709	167.378326
111.525352	149.997238	166.979919
111.465851	149.996796	166.711563
111.459030	150.012115	166.529770
111.434959	150.006638	166.415268
111.267303	149.962341	166.207428
111.184875	149.957535	165.893097
111.235710	149.951019	165.249161
111.269112	149.970703	164.151245
111.284584	149.969162	162.819885
111.295807	149.964874	161.457321
111.287437	149.964081	160.194366
111.336815	149.966888	159.180389
111.352371	149.982162	158.605316
111.412987	149.972366	158.238358
111.473572	149.979004	157.824173
111.440544	149.968613	157.318542
111.414963	149.984787	156.673691
111.496422	149.979782	156.267532
111.500450	149.985794	155.965378
111.508682	149.982498	155.605362
111.509583	149.977463	155.028183
111.500694	149.988266	154.039108
111.481148	149.978882	152.885590
111.492035	149.970718	151.845795
111.449928	149.972198	151.135193
111.446167	149.967834	150.676666
111.474060	149.955200	150.314362
111.452141	149.962189	149.677628
111.396217	149.949905	148.788544
111.335274	149.941833	147.836273
111.312927	149.946548	147.005829
111.319397	149.941132	146.527954
111.311546	149.943649	146.451538
111.381630	149.945801	146.690903
111.433006	149.950485	147.324371
111.431641	149.944427	148.252182
111.414597	149.957932	149.366547
111.470619	149.975922	150.731247
111.563309	149.963776	152.072235
111.564911	149.984268	153.548111
111.538132	149.978394	154.965561
111.426559	149.974808	155.995010
111.332603	149.943085	156.742203
111.493660	149.962875	157.507095
111.407982	149.962341	158.320953
111.468506	149.972549	159.463852
111.443405	149.973740	160.866165
111.349236	149.949249	162.276062
111.484512	149.984314	163.563309
111.488564	149.984863	164.697479
111.509415	149.978287	165.755966
111.439178	149.992233	166.762634
111.486458	149.993011	167.799423
111.403023	149.973801	169.102631
111.384712	149.968460	170.602615
111.384628	149.973404	172.079239
111.416389	149.980042	173.585632
111.450325	149.983215	175.395798
111.427055	149.974625	177.434402
111.442818	149.987198	179.684753
111.392540	149.977844	182.064957
111.350677	149.961014	184.581711
111.366074	149.952148	186.965515
111.368042	149.974808	189.258972
111.355370	149.985367	191.396423
111.345604	149.972870	193.190475
111.442566	149.979446	194.765366
111.465401	149.987518	196.036118
111.531471	150.005203	197.170685
111.556160	149.998810	198.092743
111.567955	150.001358	198.954285
111.599632	150.015076	199.627930
111.622002	150.017471	200.242538
111.652092	150.024963	200.767761
111.616608	150.006027	201.172028
111.593491	150.003296	201.456024
111.560692	150.020966	201.780136
111.558601	150.013687	202.430740
111.542664	150.036423	203.254181
111.578102	150.048660	204.128479
111.522293	150.045822	204.730347
111.578285	150.054550	205.134720
111.551025	150.047424	205.300262
111.580917	150.057343	205.324493
111.633278	150.048187	205.320633
111.620476	150.053314	205.188477
111.620605	150.076843	204.945511
111.648933	150.062958	204.370605
111.676605	150.060471	203.487091
111.645340	150.033325	202.319077
111.532463	149.996201	200.918213
111.550453	149.998062	199.551376
111.559166	149.980881	198.354218
111.683609	150.032516	197.328903
111.486343	149.995804	196.376770
111.437698	149.980957	195.624390
111.535439	150.014603	194.903793
111.498581	150.017532	194.212234
111.492638	149.967575	193.720993
111.417496	149.976791	193.306976
111.464203	149.996582	193.118546
111.479431	149.987473	193.054474
111.513451	149.992386	193.041122
111.469101	149.995911	193.028839
111.367233	149.961609	192.956985
111.267708	149.935669	192.955750
111.339043	149.958359	192.883667
111.429718	149.969757	192.671188
111.444717	149.973022	192.260361
111.471062	150.001907	191.490356
111.468079	149.989746	190.385361
111.489296	149.991989	189.033051
111.495972	149.993027	187.769012
111.481415	150.005890	186.388290
111.561821	150.007339	184.850830
111.586472	149.996216	183.315186
111.630943	150.003021	181.785080
111.630516	150.011734	180.292801
111.589821	150.005020	178.896545
111.609505	150.001419	177.805923
111.629883	150.008072	176.853668
111.545067	149.996704	175.932465
111.517120	149.995667	175.014755
111.514786	150.003464	173.913986
111.495888	150.001846	172.732910
111.506821	150.002289	171.563446
111.479729	149.985870	170.483017
111.456482	149.981201	169.555206
111.434906	149.981750	168.708252
111.409569	149.985703	168.035538
111.377815	149.981461	167.313995
111.393623	149.975677	166.580292
111.359306	149.983673	166.045197
111.374565	149.966309	165.590042
111.335632	149.967346	165.212738
111.349907	149.977509	164.978760
111.341515	149.973373	164.798691
111.344032	149.971878	164.686066
111.348000	149.963425	164.530731
111.364029	149.969025	164.358429
111.354256	149.975174	164.152573
111.372368	149.968933	163.906311
111.362831	149.982452	163.738342
111.399185	149.978882	163.745422
111.382568	149.976837	163.725891
111.347282	149.983398	163.706024
111.369942	149.968445	163.705475
111.340378	149.977203	163.696289
111.367546	149.968170	163.707916
111.420135	149.971130	163.713120
111.415588	149.983734	163.708008
111.415413	149.986038	163.704391
111.429825	149.976303	163.717896
111.399216	149.969803	163.718842
111.374420	149.964951	163.707184
111.344093	149.967377	163.698746
111.370544	149.967392	163.698471
111.385727	149.971436	163.706024
111.406898	149.979477	163.711700
111.383629	149.975266	163.719147
111.402817	149.979828	163.720139
111.450493	149.968414	163.741089
111.413551	149.967041	163.734604
111.412903	149.970261	163.755508
111.365349	149.991730	163.738937
111.378708	149.982101	163.763351
111.382439	149.976028	163.769073
111.393517	149.974991	163.785843
111.409508	149.976028	163.788895
111.414574	149.976303	163.786087
111.450195	149.980972	163.777832
111.464394	149.983841	163.787399
111.445396	149.989059	163.788895
111.449409	149.987076	163.776871
112.297295	197.168289	213.489624
112.283218	197.179016	213.471603
112.256866	197.189728	213.464813
112.251427	197.208176	213.453293
112.251846	197.225021	213.455276
112.238602	197.357544	213.455490
112.296661	197.936798	213.464478
112.291702	198.598389	213.486954
112.219704	199.291077	213.442490
112.269646	199.743073	213.463562
112.213890	200.208160	213.457535
112.189629	200.708832	213.433823
112.325798	201.515472	213.458374
112.288536	202.584732	213.445862
112.260834	203.731384	213.439697
112.208290	204.891434	213.424515
112.337898	206.060730	213.431931
112.348801	207.266907	213.425217
112.367867	208.550751	213.440048
112.438377	209.712372	213.447281
112.443283	210.533844	213.430481
112.382355	211.681442	213.412903
112.470108	213.234634	213.435837
112.500824	214.911880	213.425385
112.538956	216.636810	213.404755
112.653915	218.252167	213.404449
112.594345	219.859940	213.399139
112.618431	221.458389	213.390961
112.675278	222.718201	213.379211
112.693741	223.928970	213.369202
112.553963	224.962738	213.362900
112.693817	225.745468	213.368057
112.800446	226.191086	213.385452
112.873077	226.755341	213.388779
112.844879	227.293274	213.401230
112.736427	228.023941	213.378647
112.672142	228.621017	213.375092
112.682854	228.908417	213.368347
112.676407	228.979431	213.349808
112.688217	228.977951	213.345306
112.747269	228.966873	213.357346
112.764526	228.949783	213.363983
112.755478	228.937012	213.389236
112.761009	228.950745	213.382568
112.781807	228.956589	213.373383
112.752342	228.959778	213.374161
112.755867	228.954300	213.375793
112.652992	228.818558	213.356140
112.658661	228.038376	213.379486
112.670937	226.882233	213.373474
112.685005	225.701172	213.376465
112.667252	224.173492	213.376968
112.597725	222.911591	213.366196
112.556564	222.045395	213.357819
112.631233	221.231644	213.380264
112.653732	220.458862	213.382782
112.546257	219.849228	213.387543
112.589188	219.074554	213.397461
112.572632	217.766769	213.399536
112.363258	216.694717	213.397568
112.440361	215.709427	213.398499
112.661186	215.122665	213.442581
112.422737	214.718170	213.419067
112.414574	214.353653	213.412247
112.597282	213.920410	213.409378
112.470802	213.307281	213.421265
112.442810	212.676163	213.422714
112.584953	211.880814	213.420425
112.440903	211.257217	213.427536
112.523918	210.643143	213.415573
112.327034	210.125549	213.412231
112.453056	209.683716	213.405563
112.508698	209.208221	213.418625
112.479820	208.760788	213.423065
112.377312	208.298126	213.423111
112.317902	207.417572	213.425781
112.432167	206.692749	213.434677
112.370255	206.013077	213.439041
112.356079	205.438568	213.430130
112.301811	205.026001	213.442795
112.288139	204.399460	213.451477
112.384590	203.561859	213.446793
112.435165	202.611008	213.458023
112.161034	201.610504	213.448837
112.142693	200.732346	213.454849
112.279243	200.089096	213.471100
112.328743	199.733307	213.455963
112.259933	199.187012	213.457535
112.159157	198.484879	213.460480
112.260368	197.669250	213.483871
112.269516	197.144653	213.493576
112.218071	196.355423	213.482971
112.114151	195.505722	213.479218
112.067482	194.635071	213.475845
112.105125	193.887009	213.467865
112.220802	193.525711	213.489227
112.204369	193.504623	213.483398
112.201118	193.500031	213.509506
112.093849	193.540863	213.486755
112.075340	193.520432	213.499390
112.121758	193.517319	213.484406
112.070663	193.543350	213.471329
112.095665	193.519684	213.491684
112.248215	193.310410	213.473770
112.055939	192.618759	213.511917
112.059235	192.034927	213.501266
112.072159	191.100067	213.491196
112.187836	190.182526	213.510025
112.104729	189.066925	213.518494
112.004768	188.030167	213.502457
111.909828	187.309814	213.506546
111.960449	186.826263	213.506989
111.990433	186.627914	213.511703
111.969810	186.574081	213.521591
112.067116	186.296768	213.516678
111.975296	185.813263	213.521561
111.989090	185.141937	213.522964
112.007492	184.290634	213.539093
111.909477	183.523682	213.528122
111.999458	182.688614	213.525894
111.958420	181.907074	213.540497
111.900757	181.211761	213.539886
111.908646	180.538467	213.540680
111.801041	179.811844	213.536774
111.745270	179.156525	213.547150
111.738365	178.584839	213.565018
111.987450	177.860016	213.536789
111.867744	176.804749	213.550522
111.730644	175.598923	213.554779
111.712051	174.679825	213.546753
111.669167	174.029053	213.593231
111.790253	173.353760	213.556229
111.793846	172.817764	213.565201
111.759666	172.150024	213.581406
111.704887	171.232529	213.574677
111.797928	170.189758	213.582611
111.677719	169.080292	213.584625
111.787605	168.136871	213.581543
111.688728	167.395569	213.600601
111.581352	166.848495	213.596375
111.618919	166.322418	213.583038
111.608658	165.807663	213.573761
111.640251	165.268936	213.613403
111.643921	165.042755	213.590652
111.636475	165.029190	213.580490
111.617195	165.026749	213.584274
111.619484	165.007782	213.564377
111.563423	165.004654	213.572952
111.537430	164.991638	213.598465
111.586182	165.008484	213.578232
111.651329	164.961807	213.593674
111.618088	164.907654	213.607849
111.643524	164.422852	213.590271
111.617233	163.941330	213.610504
111.549316	163.345169	213.603775
111.491959	163.093338	213.605865
111.531067	162.819000	213.607193
111.622437	162.290634	213.593262
111.683777	161.627563	213.579300
111.652565	160.890900	213.599213
111.570793	160.062683	213.595078
111.647255	159.709106	213.604782
111.673431	159.323975	213.588364
111.625336	159.256256	213.586777
111.498398	159.191513	213.598465
111.461632	159.192352	213.595947
111.459427	159.230759	213.594696
111.553436	159.913330	213.601196
111.675644	161.777557	213.588104
111.615944	164.028137	213.597458
111.554321	166.417740	213.587952
111.635681	167.480362	213.579849
111.624901	167.529282	213.585159
111.678894	167.547424	213.580658
111.678375	167.631851	213.574844
111.758331	168.394424	213.548325
111.869453	169.619766	213.561264
111.707825	170.667664	213.570450
111.826225	171.272400	213.551208
111.709785	171.663269	213.568756
111.691803	172.073120	213.570496
111.747856	172.321320	213.589752
111.848495	172.578064	213.572021
111.786812	172.775757	213.573517
111.691200	172.891968	213.576752
111.761360	172.925522	213.583252
111.834351	172.912140	213.583527
111.717072	172.918686	213.583313
111.877960	172.919479	213.563782
111.890152	172.898987	213.580963
111.917229	172.909134	213.587296
111.791199	172.958664	213.577744
111.801918	172.972443	213.573822
111.963150	172.839142	213.594299
111.971848	172.737320	213.587784
112.133751	172.586060	213.599518
112.256264	172.438278	213.591751
112.227440	172.368698	213.583923
112.050896	172.346878	213.586197
111.967979	172.337372	213.577637
111.884026	172.336166	213.585114
111.812019	172.805893	213.571274
111.720558	173.241409	213.570328
111.785370	173.336136	213.567734
111.812691	173.589005	213.555817
111.828423	174.783066	213.557495
111.890411	175.916031	213.551346
111.885719	177.224655	213.545120
111.723000	178.173294	213.547440
111.757736	178.954239	213.535583
111.707726	179.719620	213.525330
111.723755	180.037445	213.534805
111.782707	180.169739	213.530289
111.904068	180.523773	213.552124
111.904816	181.216476	213.541687
111.911362	181.790436	213.543381
111.884697	182.242920	213.526962
111.881653	182.738571	213.520935
111.886421	183.150421	213.525299
111.886368	183.852615	213.525604
111.866425	184.522598	213.518051
111.898956	184.955566	213.511154
111.877449	185.273895	213.504089
111.910255	185.594116	213.517395
111.910561	186.096664	213.513290
111.887161	187.101471	213.523804
111.898407	188.501404	213.509888
111.981155	189.284058	213.529327
111.950020	189.853882	213.499512
112.027596	190.576523	213.508636
112.109039	191.104523	213.480011
112.177231	191.624542	213.509995
112.145363	192.081848	213.507217
112.110504	192.313416	213.495712
112.130585	192.513657	213.493729
112.076584	192.849442	213.529114
112.116455	193.169800	213.509125
112.218513	193.343536	213.509644
112.196487	193.433578	213.501099
112.169518	193.599365	213.499741
112.173325	193.635452	213.509705
112.214996	193.712921	213.500397
112.122688	193.913086	213.488434
112.226074	194.095062	213.512054
112.328438	194.374054	213.487717
112.209328	194.680908	213.508850
112.233902	194.754974	213.493820
112.259727	194.789017	213.470398
112.216850	194.805283	213.476852
112.088402	194.962891	213.463791
112.173782	195.723953	213.449371
112.335579	196.427414	213.472397
112.198181	197.071564	213.445145
112.262230	198.165314	213.471771
112.318222	199.270889	213.453583
112.284767	200.457703	213.452682
112.293694	201.845566	213.450577
112.354668	203.183914	213.448471
112.391487	204.164536	213.448853
112.432716	204.941605	213.418900
112.261353	206.056717	213.444946
112.262733	207.504684	213.424377
112.436928	208.928680	213.428543
112.565178	210.331635	213.426468
112.545372	211.932709	213.429382
112.422920	213.373169	213.430908
112.652565	214.538330	213.431198
112.643600	215.930435	213.408112
112.503639	217.429565	213.410416
112.677704	218.790924	213.418167
112.560913	220.148453	213.389343
112.599632	221.384888	213.386230
112.761627	222.310242	213.400467
112.788536	223.151321	213.389175
112.696709	223.855743	213.374298
112.643837	224.286423	213.353088
112.667831	224.806900	213.360352
112.710381	225.329010	213.365692
112.776909	225.687515	213.375916
112.760834	225.849823	213.358765
112.757042	226.048203	213.355911
112.829674	226.253052	213.383453
112.792603	226.516113	213.361176
112.809792	226.778183	213.363464
112.869942	226.805939	213.388153
112.834183	226.822845	213.360413
112.847847	226.823593	213.374817
112.830162	226.816254	213.390152
112.814629	226.819077	213.385117
112.778046	226.824600	213.364487
112.808708	226.464401	213.370789
112.767944	225.636307	213.355240
112.698921	224.586456	213.377243
112.596611	223.162460	213.385422
112.733727	221.736130	213.392014
112.698502	221.041229	213.395676
112.612724	220.496109	213.388733
112.685959	219.337936	213.393951
112.697655	217.774384	213.404694
112.527916	216.120758	213.392838
112.481010	214.180969	213.425964
112.494041	212.468781	213.430740
112.395027	210.798050	213.429367
112.346687	209.795700	213.445847
112.424629	209.118469	213.438232
112.398392	208.337051	213.445313
112.449745	207.878937	213.432495
112.226166	207.506729	213.439911
112.400482	207.308777	213.445099
112.477394	207.213837	213.441635
112.385254	206.893082	213.444794
112.238861	206.282959	213.446548
112.363068	205.312073	213.452011
112.266945	204.663498	213.457275
112.314354	203.958023	213.461960
112.310760	202.968933	213.455734
112.142021	201.669373	213.473618
112.172516	200.192947	213.469421
112.128296	198.830124	213.462952
112.230164	197.620163	213.493195
112.264076	196.636276	213.471054
112.112465	195.575684	213.473267
112.055748	194.560425	213.477448
111.987335	193.740509	213.486908
112.068550	193.012009	213.510254
112.099632	192.294632	213.489365
112.181297	191.622421	213.499802
112.191742	190.918228	213.492203
112.139511	190.277130	213.506042
112.047867	189.413986	213.521011
111.995163	188.728485	213.514359
111.952354	188.214859	213.517426
111.918343	188.032181	213.523010
111.957626	188.018219	213.516174
111.960350	188.035706	213.506866
111.925201	188.043030	213.504105
111.932533	188.043762	213.507980
111.913223	188.060120	213.507126
111.941551	188.032028	213.519058
111.940697	188.034805	213.505539
111.929855	188.048096	213.515305
111.945122	188.055740	213.515488
111.927902	188.069092	213.504333
111.948929	188.084274	213.518600
111.976860	188.123123	213.513168
111.933327	188.165421	213.501465
111.967522	188.145325	213.528717
111.979698	188.152985	213.523865
111.983849	188.193741	213.527206
111.960831	188.225845	213.509384
111.956055	188.261337	213.506561
111.945900	188.301529	213.515427
111.997986	188.371765	213.523529
112.025368	188.502808	213.528290
112.094048	188.668259	213.533417
112.062424	188.810944	213.515549
112.282501	189.304428	213.511124
112.865791	240.015747	177.967590
112.949905	240.005188	177.947845
112.962463	240.002457	178.123138
112.975494	240.002243	178.959274
112.935860	240.010239	180.365662
112.988213	239.992737	181.974091
112.993782	239.994370	183.643387
112.980804	240.002945	184.477463
112.911270	240.023392	184.746506
112.886581	240.032089	184.787430
112.897636	240.017044	184.810120
112.874596	240.016861	184.820816
112.852814	240.029648	184.816849
112.851547	240.011642	184.855881
112.896660	240.016693	184.920425
112.965912	240.010071	184.951080
112.948158	240.015137	184.947113
112.904884	240.016113	184.991180
112.944603	239.995514	185.189789
112.907890	239.985199	185.344223
112.837769	240.028397	185.322571
112.857323	240.010666	185.322952
112.937286	239.991898	185.326187
112.925140	240.000183	185.312317
112.922012	239.998093	185.326416
112.896698	239.996033	185.345551
112.854126	240.005005	185.482224
112.868515	240.010696	185.815598
112.833885	240.026550	186.597031
112.895981	240.011765	187.418503
112.850655	240.019180	187.965195
112.876495	240.009186	188.571411
112.889656	240.011917	189.245453
112.896118	240.001938	189.877396
112.905617	240.000992	190.663254
112.919395	239.993942	191.595947
112.917038	239.989929	192.213776
112.887054	240.008011	192.621521
112.911758	239.988785	193.160736
112.921310	239.983795	193.891205
112.933472	239.990814	194.683334
112.805283	240.016235	195.344528
112.930038	239.991592	196.012604
112.942551	239.989319	196.721359
113.016571	239.968567	197.592484
112.941338	239.994308	198.322586
112.920448	239.994186	198.912399
112.927917	239.994370	199.809601
112.942474	239.994370	200.686295
112.926300	239.989563	201.795044
112.907562	239.987808	202.799393
112.905182	240.002136	203.616608
112.943214	239.989014	204.437500
112.971481	239.987030	205.036407
112.958214	239.990570	205.601395
112.964149	239.997009	206.136200
112.929710	240.004776	206.727158
112.951912	240.001526	207.227264
112.976875	239.999298	207.687210
112.916527	240.020798	208.028519
112.903847	240.026108	208.079651
112.912170	240.025177	208.077103
112.939560	240.010727	208.109558
112.913757	240.026703	208.098831
112.914833	240.017975	208.102005
112.959923	240.005676	208.123413
112.949417	240.006241	208.151093
112.948151	240.009125	208.172729
112.908638	240.028839	208.180191
112.899231	240.037231	208.167313
112.892311	240.027634	208.183212
112.826714	240.039795	208.181015
112.847763	240.022324	208.180756
112.850410	240.030975	208.161209
112.850319	240.027252	208.048508
112.871536	240.022476	207.187714
112.926834	240.005768	205.686691
112.896248	240.015457	203.974655
112.916656	240.023697	202.659927
112.909744	240.034927	201.422058
112.960663	240.011276	200.447220
112.932037	240.021057	198.882935
112.981163	239.992096	197.132385
112.944565	240.006454	194.989746
112.953926	239.993103	192.956039
112.971329	239.989197	191.435303
112.941002	239.991379	189.921692
112.953560	239.981033	188.457901
112.967567	239.970261	187.092911
112.938759	239.984848	185.887558
112.936913	239.989182	185.180313
112.920593	239.997772	183.868057
112.956619	239.983658	181.859512
112.949776	239.987106	179.436981
112.962959	240.003830	176.816666
112.903931	240.018219	174.477264
112.930618	240.003799	172.290939
112.933273	240.019470	170.458649
112.913834	240.028595	168.640518
112.949257	240.020233	167.154099
112.999016	240.006729	166.085373
112.975235	240.025101	165.041595
112.929985	240.033859	164.190125
112.944481	240.015427	163.272095
112.935158	240.023560	162.333328
112.924995	240.002518	161.341599
112.937347	240.011887	160.348801
112.929779	240.016449	159.109344
112.968697	240.003174	157.568359
112.980957	239.987183	156.066635
112.957932	239.984024	154.648895
113.031822	239.977325	153.243713
113.049728	239.965393	151.744858
113.019859	239.968933	150.475845
112.984810	239.982162	149.295181
112.987389	239.993713	147.833847
112.940071	240.016754	146.623672
112.891083	240.018845	145.902390
113.046738	239.993546	145.206726
113.196335	239.938782	144.732361
113.099556	239.954422	144.515915
113.037880	239.979797	144.545547
113.035477	239.982040	144.592209
113.083176	239.982086	145.113586
112.983681	240.008865	146.294098
112.932236	240.019699	147.881714
112.977432	240.009369	149.266220
112.971329	240.003952	149.949493
112.982445	240.011978	150.569778
113.001190	240.019043	151.774078
113.005020	240.016769	153.318893
113.027023	239.996201	155.034714
113.018356	240.006180	155.871964
113.044136	239.998367	156.996048
113.047981	239.986938	158.817841
113.512840	239.820114	160.614410
112.905365	240.048431	162.576950
112.891525	240.050232	163.914139
112.946838	240.023743	164.984146
112.930679	240.017319	166.032471
112.976555	240.005020	167.297775
113.044769	239.989914	168.267853
112.979225	240.013428	169.283569
112.982018	240.003983	169.835892
112.994911	240.004807	171.126923
112.914825	240.026840	173.216736
112.967979	240.005203	174.534164
112.984871	239.992493	176.174118
113.013672	239.991837	177.121078
113.058540	239.970673	178.361099
113.089378	239.961655	179.524414
113.086861	239.962845	180.411667
113.178925	239.930618	181.440231
113.266510	239.919861	182.735855
113.594070	239.855270	184.008408
113.027802	239.963654	185.207855
113.006317	239.980667	185.405579
113.044861	239.965149	186.367233
113.024269	239.967819	187.465546
113.066734	239.959885	188.569473
113.057831	239.967789	189.220154
113.074661	239.955032	190.188751
113.064400	239.964737	191.408752
113.009590	239.983917	191.979446
112.993660	239.988815	192.333344
112.981377	239.989899	192.546448
113.014656	239.986496	192.627487
113.011475	239.981110	192.803177
112.983292	239.995758	194.531296
112.917183	240.026917	196.343521
112.893402	240.025055	197.279633
112.930054	240.009827	198.196396
112.894630	240.019073	198.707565
112.888496	240.025284	198.799057
112.875145	240.027664	199.152512
112.895035	240.028046	200.283951
112.853828	240.032425	200.512482
112.866760	240.026443	202.212418
112.822708	240.033829	202.680344
112.819710	240.030533	202.886215
112.878029	240.016632	203.568787
112.816376	240.031662	204.799805
112.957436	240.005630	206.278259
112.895897	240.010269	207.454697
112.893204	240.015244	208.456024
112.892471	240.017715	209.201126
112.905861	240.019531	209.904541
112.913124	240.014999	210.005371
112.920135	240.018021	210.004013
112.916939	240.016754	209.792343
112.907433	240.004974	208.905426
112.964195	240.000275	207.888733
112.987312	239.998795	206.829239
113.019272	239.979874	205.908859
113.103088	239.948761	205.680756
113.107445	239.961960	205.299255
113.038895	239.977264	205.100891
112.920906	240.010620	205.017212
112.945862	240.010696	204.882584
112.960106	240.003693	203.895538
113.010834	239.989105	202.946121
112.965828	239.996323	201.469604
113.021271	239.986847	200.014145
112.889732	240.024017	198.660309
112.861656	240.030182	197.156784
112.867584	240.023499	195.606201
112.845764	240.030090	194.405594
112.971016	239.999435	192.631012
112.922867	240.000137	190.487793
112.856636	240.011978	187.878433
112.786652	240.018585	185.338760
112.752502	240.023819	183.333237
113.012802	240.011963	181.553864
112.870377	240.032349	179.953522
112.827049	240.041611	178.338959
112.809837	240.050491	176.669235
112.832375	240.047073	175.329636
112.882042	240.028656	174.050919
112.931801	240.010254	172.516739
112.925842	240.017487	170.515305
112.925385	240.016495	168.701920
112.861496	240.040115	167.167084
112.969643	240.009628	166.015259
112.986603	240.004639	165.412506
112.966827	240.007599	165.155701
112.923500	240.020554	164.900726
112.907539	240.038055	164.743088
112.856796	240.057922	164.684280
113.161621	239.963745	164.746170
113.739388	239.794296	164.797607
112.909515	240.044037	164.072556
112.948944	240.012573	163.540405
112.838806	240.077286	162.220764
113.172897	239.971252	160.379089
113.079430	239.992432	159.467438
113.100746	239.964783	159.252396
113.010124	240.005585	158.727371
113.016525	239.999100	157.240631
113.036903	239.994247	156.280914
113.012207	240.009949	156.044250
112.967239	240.025818	156.008133
112.977135	240.028336	156.224380
113.002724	240.010071	157.394852
112.973038	240.007629	158.738953
113.003716	240.011978	159.752747
112.943901	240.032272	160.978226
112.949120	240.021439	162.654495
112.976601	240.019379	163.991913
112.926422	240.038925	165.669556
112.969360	240.021606	167.780762
112.872078	240.062134	170.684433
112.930214	240.030716	173.635727
112.867119	240.056946	176.219070
112.940948	240.018051	178.763428
112.840485	240.045486	180.884445
112.865494	240.045303	182.805862
112.849686	240.047043	184.586105
112.830421	240.048203	185.540588
112.844429	240.029465	186.370041
113.185600	239.922012	187.143311
113.030914	239.992218	187.975296
112.998878	239.993011	188.887924
112.924324	240.009674	189.781494
112.865349	240.033768	190.631638
112.868683	240.046021	191.768555
112.816124	240.045471	192.684433
112.832848	240.044785	194.157196
112.907402	240.029739	195.976196
112.960007	240.006500	197.909378
112.998466	239.992493	199.301743
112.993645	239.996872	200.805450
113.006905	239.991425	201.945724
112.967979	240.002075	202.638229
113.007019	240.001312	202.635498
112.972710	240.016556	201.269272
112.959335	240.025909	199.599670
113.039185	240.002472	198.471512
113.006699	240.001480	196.138580
113.033661	239.983032	194.109467
113.122368	239.972397	191.930496
113.068886	239.975830	189.249420
113.253105	239.905502	186.349060
113.290840	239.894531	184.208328
113.489784	239.821716	181.332886
112.935982	240.025528	177.725510
112.892647	240.041611	174.929977
112.979050	240.014664	172.564774
112.963692	240.020218	170.704590
112.988129	240.008438	169.644775
113.023705	239.988663	168.799911
113.070412	239.975708	168.161133
113.051620	239.971313	167.790359
113.565186	239.801590	167.675278
113.252205	239.911453	167.415451
113.066261	239.968887	167.349625
113.035416	239.980103	167.331711
113.015221	239.981125	167.333359
113.014748	239.985138	167.321747
113.049316	239.984055	167.277557
113.033737	239.982620	167.246368
113.020233	239.984528	167.224976
113.001701	239.992081	167.206238
113.049629	239.984772	167.086868
113.051750	239.984879	166.897415
113.064133	239.975754	166.871292
113.086929	239.971741	166.653641
113.093399	239.966110	166.343094
113.096008	239.972397	166.225540
113.070114	239.977676	166.140060
113.050385	239.986557	165.697861
285.272827	220.962646	58.071507
285.241394	220.983093	58.781746
285.310730	220.953476	59.269245
285.351563	220.934219	59.612499
285.407715	220.908127	59.774788
285.348053	220.936768	59.776752
285.356689	220.936508	59.913235
285.395416	220.918655	60.219967
285.357513	220.937531	60.637459
285.382477	220.926956	61.137783
285.393555	220.917648	61.703686
285.444641	220.915741	62.349438
285.442749	220.928391	62.975952
285.465515	220.916687	63.414650
285.472382	220.928986	63.558559
285.464325	220.943710	63.544914
285.460114	220.927567	63.494503
285.431305	220.930145	63.272968
285.427124	220.940125	62.937721
285.419891	220.933380	62.277241
285.415314	220.922119	61.486065
285.400055	220.926331	60.587616
285.395844	220.913849	59.636765
285.357483	220.935135	58.830860
285.359131	220.919907	58.140049
285.333710	220.909607	57.354424
285.389954	220.893524	56.646278
285.254669	220.931061	55.811707
285.234192	220.937424	54.838409
285.191071	220.947388	54.150723
285.152740	220.938629	53.458614
285.130737	220.911530	52.754459
285.160553	220.918015	51.843876
285.102722	220.932495	50.984146
285.014648	220.970352	50.167152
284.924713	221.007309	49.397423
285.132813	220.879669	48.881599
285.095184	220.901031	48.342075
285.119476	220.885986	47.705563
285.143280	220.859375	47.033550
285.116760	220.871002	46.304043
285.122498	220.871490	45.640186
284.799347	221.072708	45.089264
284.940704	220.981522	44.763893
284.969299	220.947525	44.487709
285.009979	220.926941	44.268581
284.980377	220.947113	44.082912
284.776154	221.014542	43.940414
284.702820	221.072449	43.926537
284.962463	220.889343	44.018833
284.993500	220.888733	44.398918
285.110596	220.864975	45.095341
285.059357	220.910645	45.927090
285.182556	220.831879	47.132046
285.072388	220.888626	48.366650
285.152802	220.868439	49.524708
285.195160	220.860275	50.493744
285.141541	220.901566	51.139515
285.099670	220.899887	51.658298
285.122406	220.909622	52.339619
285.120911	220.920639	53.098774
285.194672	220.917633	54.021873
285.154083	220.937088	55.176682
285.168365	220.941650	56.615532
285.115631	220.971649	57.930523
285.206787	220.939972	58.960674
285.069672	220.972687	59.293934
285.165436	220.935593	59.397293
285.230835	220.936829	59.313988
285.290558	220.931564	59.353931
285.221008	220.936600	59.145012
285.221344	220.964386	58.923176
285.210205	220.943420	58.733009
285.211243	220.962158	58.393520
285.223083	220.938354	57.702896
285.176605	220.944778	56.871727
285.178162	220.936493	55.794777
285.192719	220.926041	54.472248
285.174805	220.931717	53.803772
285.248596	220.916824	53.709881
285.166718	220.943726	53.667164
285.090149	220.946381	53.655964
285.162933	220.940826	53.652447
285.192352	220.937103	53.674259
285.206940	220.943710	53.679134
285.166443	220.959061	53.695759
285.174866	220.936050	53.692764
285.123047	220.942627	53.682369
285.056213	220.936310	53.656349
284.991058	220.964783	53.567867
285.043793	220.925323	53.359154
285.021332	220.935837	53.129620
284.987183	220.933746	52.271240
284.912781	220.951096	51.083950
284.959198	220.929581	50.013504
285.033051	220.928757	49.013294
285.023010	220.938828	48.430759
285.065186	220.925354	48.220371
285.107605	220.921799	48.094280
285.096344	220.922195	48.082081
285.066559	220.919464	48.099850
285.171539	220.911758	48.375854
285.194672	220.906235	48.980808
285.162994	220.926331	49.822647
285.188599	220.911926	51.025127
285.126221	220.936554	52.628849
285.215973	220.915237	54.462078
285.199127	220.943939	56.320156
285.175781	220.945618	57.814938
285.230896	220.925873	59.067688
285.227966	220.937881	60.077221
285.225555	220.958084	60.962448
285.273438	220.959457	62.090611
285.278412	220.971298	63.400978
285.315155	220.962357	64.421822
285.321747	220.960358	64.927956
285.280792	220.988983	65.193100
285.293060	220.986588	65.238731
285.317566	220.982834	65.019249
285.277344	221.003937	64.250786
285.350861	220.992188	63.105431
285.370117	220.952820	61.749874
285.358948	220.946487	60.312294
285.346924	220.949951	59.050953
285.263367	220.965179	57.883392
285.229889	220.957581	56.783764
285.238434	220.953186	55.749866
285.213623	220.962250	54.920177
285.228485	220.945236	54.149055
285.206726	220.938690	53.404240
285.187683	220.937653	52.497513
285.190216	220.937439	51.247288
285.226166	220.906143	50.086731
285.240784	220.904648	49.118801
285.278992	220.882523	48.449760
285.286011	220.875153	47.764160
285.206879	220.912354	47.269512
285.120239	220.919907	47.055138
285.042542	220.912476	46.968582
285.027710	220.921219	46.873085
285.045105	220.895081	46.924561
285.080139	220.878021	46.948929
285.180969	220.859283	47.114716
285.172302	220.879532	47.365307
285.049011	220.902893	47.664169
285.114319	220.899094	48.150482
285.125183	220.898483	48.812981
285.064758	220.912689	49.290836
285.092224	220.910431	49.571308
285.099976	220.903885	49.706005
285.103088	220.902466	49.782848
285.159302	220.887619	49.847290
285.089203	220.901520	49.834908
285.102264	220.902573	49.788483
285.174713	220.873962	49.810207
285.153778	220.894775	49.822449
285.154724	220.878723	49.844418
285.098663	220.896591	49.824329
285.093811	220.908447	49.818089
285.072693	220.904907	49.911327
285.089203	220.910797	50.429913
285.086487	220.924469	51.241306
285.138733	220.921295	52.478664
285.165253	220.925644	54.193371
285.216949	220.925201	56.257404
285.190704	220.945343	57.740993
285.216370	220.967606	58.787041
285.216156	220.972748	59.605888
285.278046	220.955048	60.163334
285.357330	220.939392	60.624187
285.361145	220.936539	61.019176
285.344025	220.929153	61.199200
285.346100	220.924911	61.305523
285.348206	220.919998	61.297661
285.335815	220.941483	61.270832
285.325317	220.944305	61.202850
285.294769	220.934525	60.659370
285.334839	220.922699	59.647919
285.348633	220.915131	58.131187
285.299377	220.919388	56.323971
285.225708	220.909424	54.301250
285.212708	220.881882	52.474987
285.194427	220.897400	51.078300
285.207336	220.896881	49.827702
285.194824	220.880447	48.713333
285.200958	220.860184	47.579636
285.153625	220.854553	46.493401
285.139526	220.860092	45.441742
285.101501	220.861221	44.469009
285.115662	220.865448	43.854439
285.143127	220.847458	43.435513
285.147125	220.853668	42.998501
285.091522	220.871414	42.458637
285.065796	220.857300	41.879303
285.060211	220.840927	41.601768
285.044800	220.848953	41.572735
285.054230	220.852753	41.605133
285.020721	220.860733	41.913044
285.043823	220.857269	42.620689
285.061676	220.865387	43.727352
285.097809	220.860153	45.021069
285.109283	220.860260	46.450405
285.142242	220.882278	48.049809
285.070221	220.915726	49.568638
285.104340	220.908936	51.262409
285.113953	220.914536	52.754654
285.147461	220.913193	54.347179
285.142944	220.929169	55.882992
285.204834	220.932022	57.173119
285.260193	220.922516	58.394722
285.308319	220.925995	59.496937
285.320618	220.921890	60.436562
285.371887	220.927399	61.444942
285.339722	220.942917	62.252319
285.323242	220.971100	63.018379
285.342987	220.962875	63.622070
285.372070	220.957413	63.948814
285.363922	220.944687	64.094315
285.288055	220.978271	64.087799
285.259888	220.987457	64.058365
285.385040	220.949249	64.090012
285.391022	220.955368	64.041992
285.329285	220.964966	63.673977
285.342407	220.958725	62.710659
285.329254	220.943344	61.516186
285.221436	220.965286	60.063538
285.259247	220.935699	58.386787
285.232422	220.931351	56.861610
285.206268	220.909851	55.300194
285.170624	220.918686	53.758053
285.224152	220.889053	52.579407
285.185120	220.885635	51.525696
285.174988	220.872330	50.694241
285.102081	220.905914	49.954777
285.046021	220.911606	49.181782
285.042511	220.905807	48.394066
285.058411	220.873901	47.662899
285.051422	220.873932	46.935074
285.105713	220.864441	46.147278
285.106262	220.854584	45.519764
285.078796	220.853561	44.950775
285.076111	220.875244	44.417988
285.134491	220.864182	43.977200
285.073303	220.873581	43.239876
285.037842	220.864197	42.747498
284.961792	220.883469	42.637642
284.955841	220.857956	42.627991
285.056458	220.863327	42.814476
285.153595	220.847824	43.532524
285.198242	220.836609	44.718201
285.182465	220.859268	46.186775
285.202209	220.863480	47.566910
285.219818	220.871262	48.897060
285.194366	220.877563	49.935287
285.254761	220.875717	50.603661
285.274902	220.901886	51.060822
285.303497	220.872757	51.541615
285.291016	220.886032	52.204361
285.301971	220.879425	52.962727
285.279205	220.912033	54.039383
285.316162	220.895462	55.449913
285.319061	220.929382	57.054386
285.389435	220.910233	58.745411
285.391022	220.931290	60.372391
285.467773	220.911484	61.725502
285.442017	220.936630	62.693184
285.453217	220.943893	63.231346
285.407776	220.967255	63.437820
285.419830	220.965118	63.468899
285.403046	220.969696	63.483780
285.453186	220.948227	63.477039
285.461060	220.940277	63.481815
285.415070	220.961578	63.394329
285.375244	220.934250	62.782734
285.930145	231.315628	74.823372
285.930145	231.090927	74.827164
285.911163	231.033127	74.826546
285.909546	230.612106	74.831528
285.899261	230.095856	74.840172
285.863953	229.667068	74.801926
285.835724	229.338684	74.797226
285.910919	228.993179	74.851013
285.859863	228.981201	74.821526
285.868866	228.984467	74.844910
285.871887	229.005157	74.835594
285.887909	229.070084	74.820366
285.904083	229.468536	74.830032
285.861847	230.501816	74.806297
285.922150	231.869263	74.813629
285.928802	233.112305	74.782829
285.952789	233.949768	74.792870
285.946259	234.479004	74.774551
285.934784	235.108841	74.761162
285.988495	235.971802	74.751251
286.103760	237.763260	74.792564
286.093719	240.099365	74.758484
286.136261	242.515671	74.738670
286.132324	244.537277	74.721016
286.280884	246.304962	74.752792
286.259186	248.016434	74.731491
286.253815	248.860382	74.713997
286.262726	249.694962	74.701553
286.272064	250.170059	74.686859
286.238922	250.258774	74.665245
286.246552	250.233383	74.675209
286.310181	250.208099	74.701775
286.299042	250.222534	74.686775
286.373749	250.215561	74.760376
286.330383	250.230835	74.711029
286.230499	250.289841	74.636490
286.213470	250.294281	74.630173
286.218109	250.302414	74.648392
286.277740	250.277588	74.686478
286.321167	250.262878	74.713531
286.278778	250.293701	74.702759
286.250122	250.313873	74.686829
286.285065	250.305252	74.690369
286.318298	250.254135	74.722725
286.284332	249.653793	74.704498
286.294373	248.678574	74.709969
286.236908	247.412537	74.744041
286.267365	246.173904	74.767029
286.179993	244.774292	74.736534
286.137054	242.945724	74.716660
286.070892	241.081116	74.690384
286.054718	239.271729	74.756065
286.044617	237.450104	74.780144
286.017395	235.850861	74.790947
285.992828	234.526810	74.776222
285.916321	233.224426	74.753021
285.942413	231.681854	74.809250
285.907867	230.399826	74.798943
285.927979	229.511047	74.794983
285.899048	228.879776	74.802803
285.941010	228.630295	74.830894
285.874969	228.641220	74.808762
285.885895	228.637863	74.805077
285.890594	228.627716	74.839470
285.888000	228.615128	74.819984
285.962280	228.623230	74.863716
285.905640	229.008118	74.797073
285.821198	230.333527	74.767822
285.979889	232.437943	74.838623
286.006927	234.751984	74.813400
286.034393	236.861176	74.805397
286.054962	238.600433	74.764053
286.018982	239.551407	74.704979
286.105072	240.411438	74.752602
286.110107	241.400925	74.737160
286.123352	242.555740	74.745331
286.166595	244.027771	74.691353
286.225037	245.520645	74.745438
286.223572	246.697723	74.683975
286.279510	248.022476	74.724281
286.323853	248.527634	74.726662
286.343109	248.632706	74.728218
286.309845	248.848984	74.722107
286.357025	249.220016	74.739410
286.327637	250.093063	74.695786
286.317657	251.028030	74.687050
286.301727	251.765045	74.678169
286.358490	252.246185	74.702171
286.330048	252.617783	74.697296
286.381989	253.101303	74.688057
286.422546	253.648987	74.722618
286.428192	253.876236	74.720520
286.436096	253.935822	74.711967
286.435242	253.913040	74.729416
286.427917	253.932861	74.707306
286.435608	253.935287	74.731949
286.402863	253.928253	74.740105
286.378723	253.914337	74.696762
286.361542	253.767288	74.664261
286.395111	253.212143	74.702110
286.341675	252.746582	74.696648
286.355438	252.105606	74.672676
286.327087	251.418182	74.678596
286.325378	250.730515	74.710915
286.271454	250.396149	74.664360
286.226654	249.893723	74.637726
286.170288	248.821762	74.653900
286.248108	247.555359	74.710030
286.121094	245.703354	74.675003
286.126587	243.489777	74.732582
286.132629	241.876068	74.774368
286.129822	240.575516	74.752769
286.158783	239.336197	74.788513
286.069275	238.372162	74.781258
286.080048	237.174133	74.791107
286.040344	235.907394	74.779488
285.971771	234.521255	74.774300
285.820892	233.513870	74.721542
285.884552	232.388702	74.761215
285.981628	231.499542	74.803719
286.017120	231.087250	74.829994
285.910156	231.088043	74.792152
285.919342	231.191910	74.804298
285.949097	231.920044	74.790138
285.873352	233.064163	74.731064
285.868530	234.483154	74.708275
285.946808	236.036911	74.748581
286.030792	237.538345	74.767754
286.107697	238.636261	74.765457
286.052185	239.905716	74.716454
286.108246	241.385193	74.742531
286.168152	243.329086	74.734581
286.171417	245.501129	74.716347
286.229797	247.796310	74.674744
286.251678	249.251556	74.686958
286.198151	250.559235	74.655464
286.340576	251.585098	74.688545
286.394073	252.508713	74.691353
286.488586	253.633148	74.752281
286.389130	254.135834	74.688461
286.322845	254.265259	74.656906
286.366486	254.269119	74.667267
286.284973	254.258575	74.642181
286.384888	254.285599	74.708763
286.450928	254.257645	74.708000
286.347809	254.270218	74.669418
286.432281	254.228409	74.712463
286.296722	254.204620	74.681175
286.402344	254.077042	74.690826
286.561890	253.452560	74.744591
286.685822	252.531967	74.818352
286.958710	251.401810	74.932587
286.985718	250.058350	74.962692
287.061676	248.953629	75.003014
286.891876	247.756165	74.961205
286.764679	246.507645	74.932922
286.129089	245.043335	74.701775
286.110229	243.721481	74.698669
286.134796	242.253510	74.730827
286.184692	240.124893	74.807892
286.166748	238.309204	74.796638
286.165863	236.851227	74.819176
286.071503	235.235825	74.824768
286.046753	234.395798	74.827927
286.029053	233.906891	74.834404
286.018799	233.362061	74.828888
286.029419	232.923325	74.841232
285.974579	232.343628	74.829849
285.910370	231.637207	74.812019
285.917847	231.090424	74.829292
285.931183	230.238297	74.833275
285.859100	230.044296	74.835167
285.934723	229.990067	74.831490
286.000671	229.939835	74.844902
285.800537	229.986710	74.810806
285.901001	229.982254	74.826057
285.911285	230.019302	74.817871
285.937012	230.011261	74.811745
285.953186	230.077698	74.798889
285.957367	230.168243	74.809372
285.948792	230.127167	74.818451
285.951202	230.138611	74.814140
285.786011	230.211792	74.741447
285.818939	230.195572	74.736847
285.877045	230.194183	74.777359
285.811615	230.219040	74.753174
285.870392	230.208206	74.747139
285.792450	230.182877	74.740189
285.863281	230.023758	74.779152
285.828339	229.978241	74.778618
285.756653	229.946747	74.752029
285.826080	229.950119	74.767471
285.842834	229.953232	74.786385
285.801453	229.949310	74.779778
285.771637	230.033768	74.780792
285.888336	230.736359	74.813362
285.877197	232.208908	74.800972
285.937256	233.798676	74.792908
285.926880	234.926865	74.759247
285.845276	235.674347	74.700745
285.929077	236.112289	74.757355
286.077423	236.668961	74.812721
286.079407	237.604324	74.796715
285.962097	238.483124	74.728760
286.008453	239.761703	74.733337
286.041168	241.093079	74.718987
286.065704	242.702560	74.703133
286.100037	244.332962	74.702484
286.208069	246.018509	74.743362
286.217621	247.583038	74.681984
286.272583	248.878571	74.705627
286.310577	250.513412	74.690567
286.369965	251.509949	74.703629
286.393524	251.637863	74.770515
286.311371	251.630432	74.676834
286.339691	251.043457	74.736343
286.323639	248.506638	74.772995
286.218781	245.495941	74.736008
286.201996	243.688553	74.781799
286.206879	242.240189	74.800789
286.164703	241.855820	74.771004
286.176392	242.447021	74.774597
286.191315	242.919922	74.793655
286.147430	242.966583	74.718407
286.165649	242.867645	74.742043
286.107574	242.635056	74.696594
286.176147	241.095367	74.782150
286.168365	239.759628	74.793678
286.066315	238.088242	74.773956
286.043915	236.304962	74.790604
286.062134	235.328491	74.822823
286.018768	234.655029	74.808578
286.051544	234.456528	74.816704
286.114990	234.394012	74.853020
286.053741	233.735306	74.848160
286.016571	233.451324	74.804169
286.009491	233.417801	74.802277
285.964844	233.462555	74.780563
285.979279	233.521561	74.786179
285.983612	233.973663	74.784264
285.989746	234.814102	74.773689
286.008453	236.679855	74.770317
286.133240	239.010895	74.784775
286.080597	240.926575	74.740448
286.197235	242.832413	74.745941
286.237976	244.699432	74.754990
286.132477	246.278839	74.689537
286.300354	247.614487	74.724617
286.254150	248.953003	74.694748
286.301300	250.059845	74.712219
286.291748	250.989594	74.704689
286.274048	251.463074	74.671432
286.260315	251.509964	74.667786
286.266846	251.434204	74.686882
286.313110	250.699524	74.725288
286.226074	249.233963	74.684914
286.186340	247.269745	74.726891
286.167145	245.242172	74.756851
286.145691	243.745041	74.732849
286.118164	242.566513	74.733383
286.018250	241.450272	74.732933
286.063538	240.002228	74.781578
286.115570	238.406265	74.814476
285.988281	236.650803	74.731987
286.062988	234.774521	74.835449
285.986053	233.348114	74.827583
286.108459	261.642151	56.446220
286.166138	261.602478	56.462238
286.145111	261.618988	56.461716
286.147644	261.604523	56.454445
286.131714	261.620728	56.465599
286.115845	261.619537	56.455956
286.130035	261.612946	56.499676
286.113770	261.631714	56.824162
286.131622	261.627472	57.449539
286.152283	261.623993	58.082451
286.193665	261.630859	58.817764
286.199921	261.627502	59.345413
286.192322	261.642151	59.700592
286.211548	261.638123	60.154327
286.228699	261.647858	60.547955
286.249420	261.638702	61.141121
286.258789	261.638519	61.760929
286.259857	261.631897	62.333252
286.237305	261.643372	63.014561
286.270844	261.643951	63.601967
286.209808	261.658081	63.788105
286.268738	261.663361	64.013809
286.250610	261.659729	64.640839
286.296692	261.656067	65.462448
286.267426	261.675903	66.478485
286.270142	261.688232	67.686020
286.247375	261.685760	68.719971
286.291962	261.695892	69.029411
286.309906	261.677917	69.034370
286.212860	261.700256	68.969299
286.173401	261.708710	68.950439
286.215302	261.690063	68.913101
286.252472	261.678772	68.785194
286.223541	261.680481	68.524315
286.245453	261.680695	67.940140
286.182159	261.703827	67.376976
286.223145	261.699799	66.711479
286.229370	261.667389	66.315033
286.212097	261.663605	66.100594
286.245270	261.654510	65.878181
286.237488	261.677734	65.495804
286.230194	261.649475	64.828056
286.149445	261.672516	63.708054
286.204346	261.646576	62.530106
286.149872	261.652374	61.304264
286.104218	261.650787	60.269764
286.118927	261.635834	59.420780
286.106079	261.651520	58.456596
286.137177	261.620178	57.568882
286.101685	261.619629	56.415489
286.057709	261.619202	55.273960
285.997284	261.600739	54.160587
286.011108	261.595093	53.185383
285.975037	261.611084	52.302212
285.986420	261.584198	51.306351
285.937561	261.584503	50.108540
285.943298	261.565887	48.960194
285.949615	261.551880	47.780869
285.889679	261.562622	46.692669
285.871552	261.572754	45.920357
285.874176	261.565521	45.406719
285.879578	261.552734	44.964905
285.852478	261.547882	44.646843
285.812317	261.558044	44.384903
285.841217	261.556396	43.951279
285.830048	261.558868	43.327335
285.845306	261.543610	42.766708
285.829712	261.541046	42.190525
285.817749	261.547882	42.027451
285.824249	261.541473	42.024376
285.831177	261.531555	41.985413
285.815430	261.535034	41.994373
285.798950	261.565033	41.977779
285.777344	261.562988	42.034370
285.853943	261.532410	42.184902
285.828552	261.539703	42.444309
285.812653	261.571106	42.707283
285.812714	261.568695	42.760563
285.909393	261.521881	42.802574
285.882568	261.547485	43.006847
285.916809	261.532654	43.433891
285.904785	261.554260	43.851212
285.933136	261.534393	44.204609
285.914185	261.549469	44.608994
285.960724	261.531799	44.989265
285.976532	261.535248	45.268192
285.947449	261.553131	45.522858
285.979889	261.547394	45.687557
285.952606	261.544861	45.773636
285.958679	261.551941	45.978100
285.925659	261.564606	46.585903
285.906738	261.570343	47.551670
285.978027	261.573669	48.925819
285.946075	261.599884	50.536037
286.055023	261.579712	51.929638
286.105621	261.584381	52.778538
286.058136	261.591858	53.072720
286.054535	261.579895	53.134621
286.011810	261.583862	53.157604
286.004852	261.601440	53.322285
286.012085	261.614105	53.697300
286.065430	261.601135	54.380257
286.065552	261.593719	55.186096
286.062347	261.616821	56.036053
286.072906	261.613831	57.035530
286.077728	261.603699	58.067459
286.120941	261.601807	58.943844
286.146240	261.606812	59.472122
286.147827	261.623413	59.725876
286.117523	261.626740	60.027321
286.134613	261.610870	60.547424
286.142273	261.611572	61.162437
286.190613	261.609558	61.901108
286.205475	261.616974	62.443565
286.179779	261.624969	62.697742
286.195404	261.626404	62.757599
286.205353	261.620331	62.805687
286.204529	261.625214	63.169846
286.229797	261.631653	63.705673
286.232544	261.635895	64.342041
286.253479	261.628723	64.889671
286.249512	261.637177	65.245728
286.242371	261.652466	65.430367
286.301880	261.633698	65.754105
286.302765	261.640625	66.107971
286.245026	261.663727	66.466736
286.281067	261.635742	66.824295
286.250854	261.648926	67.042542
286.218201	261.663849	67.346977
286.300873	261.646057	67.996162
286.291870	261.655670	68.538345
286.275726	261.650818	68.844627
286.249725	261.666107	69.054306
286.271698	261.671021	69.097389
286.281219	261.657318	69.087616
286.302032	261.646423	69.117111
286.274353	261.662231	69.066078
286.262329	261.676697	68.991570
286.282562	261.651367	68.685463
286.219818	261.679504	67.783974
286.236420	261.655579	66.660400
286.176483	261.652710	65.428024
286.214142	261.625916	64.258347
286.166443	261.643982	62.990166
286.149017	261.637207	61.806507
286.157990	261.621887	60.709984
286.116180	261.617126	59.584572
286.138855	261.594269	58.352959
286.104828	261.607147	56.905476
286.056030	261.617920	55.538017
286.059540	261.600494	54.331528
286.056458	261.595398	53.180893
286.027069	261.595886	52.337494
286.028076	261.577942	51.666214
286.042725	261.555267	50.913631
286.033386	261.560547	50.045673
286.010895	261.559784	49.146637
285.970459	261.578705	48.111832
285.991699	261.555847	47.061005
286.011780	261.533813	46.271870
285.935944	261.558716	45.682907
285.927917	261.563354	45.292385
285.989655	261.536957	45.129929
285.996216	261.518982	45.109509
285.891052	261.565033	45.097946
285.966980	261.539093	45.187931
285.971130	261.541290	45.236309
285.983490	261.524963	45.273205
285.988098	261.517212	45.320641
285.945557	261.536499	45.375347
286.004852	261.519104	45.413517
285.992523	261.522705	45.418205
285.945007	261.559753	45.370880
285.822571	261.569397	45.309357
285.859039	261.561340	45.224880
285.883331	261.567139	45.157448
285.894440	261.556671	45.165718
285.903839	261.560333	45.160324
285.961792	261.538757	45.168713
285.979797	261.528381	45.201614
285.927704	261.530792	45.374596
285.964111	261.521729	45.782383
285.919800	261.549866	46.321674
285.972565	261.521667	47.065540
285.906830	261.555664	48.019684
285.983307	261.557251	49.110718
286.018463	261.559479	50.049114
285.991821	261.571777	50.875420
286.016937	261.590973	51.284763
285.979279	261.582367	51.349876
285.944641	261.589508	51.337276
285.964233	261.606384	51.573917
286.014832	261.592712	51.717766
286.070648	261.581970	51.801712
286.085846	261.597626	51.826736
286.106384	261.587769	51.844448
286.123230	261.578491	51.855076
285.998749	261.576843	51.823933
286.025757	261.583984	51.817619
286.055969	261.593811	51.931446
286.037628	261.602112	52.540642
286.089813	261.573151	53.549122
286.099060	261.590820	54.860996
286.098816	261.622437	56.530796
286.120544	261.628571	58.536350
286.095184	261.621979	60.229156
286.110016	261.612213	61.315235
286.131531	261.631836	62.040951
286.227386	261.617676	62.656979
286.204346	261.614929	63.186916
286.178192	261.649139	63.926624
286.187836	261.636139	64.607330
286.174744	261.638245	65.115181
286.180450	261.648163	65.179489
286.156403	261.660522	65.174660
286.166077	261.644714	65.193832
286.148865	261.650330	65.228905
286.160797	261.642578	65.340836
286.134552	261.676392	65.691208
286.255280	261.662994	66.248138
286.282990	261.696991	66.800179
286.358795	261.656372	67.021629
286.364716	261.660309	67.092293
286.305847	261.678162	67.032219
286.305908	261.661469	66.643890
286.296967	261.639679	65.767929
286.300964	261.632019	64.276306
286.294037	261.620514	62.164936
286.189117	261.617920	59.808281
286.078308	261.620148	57.365208
286.013336	261.599457	55.586349
286.083893	261.575592	55.204899
286.023651	261.563263	55.207531
286.079529	261.568756	55.451767
286.021851	261.569672	55.779110
286.049957	261.571411	55.832760
286.086487	261.558807	55.894096
286.059357	261.598572	55.852863
286.062561	261.597626	55.851574
286.097351	261.588867	55.856899
286.134857	261.605957	55.818752
286.132690	261.589355	55.836254
286.310883	261.626038	55.899956
286.780243	261.663818	56.054787
286.212585	261.605591	55.852524
286.169037	261.572510	55.847435
286.191284	261.563171	55.853336
286.197479	261.577484	55.822983
286.191986	261.572052	55.804340
286.173523	261.589569	55.085152
286.136719	261.591156	53.759480
286.023102	261.590271	52.357639
286.076324	261.548798	50.984203
286.075378	261.538544	49.640755
286.100861	261.552856	48.404732
286.042572	261.547913	47.448627
286.032196	261.545410	46.783001
286.040894	261.513916	46.458374
285.963562	261.528992	46.200943
285.930420	261.500153	45.821655
285.882538	261.527924	45.505016
285.937347	261.538727	45.581104
286.013397	261.556152	46.375481
286.108429	261.562500	47.717075
286.145874	261.584778	49.635483
286.210358	261.600800	51.935707
286.229858	261.580750	54.583721
286.230530	261.609436	57.456085
286.205048	261.612579	60.122238
286.281982	261.626617	62.851204
286.290802	261.657440	65.308060
286.335083	261.669434	67.227646
286.360931	261.661713	68.190475
286.368896	261.642883	68.209412
286.384491	261.655823	67.206604
286.326385	261.653137	65.423668
286.280884	261.628815	63.089546
286.282990	261.617950	60.659454
286.278015	261.612488	58.651939
286.225311	261.605713	57.313869
286.204285	261.591827	56.515446
286.236145	261.588318	56.216221
286.257599	261.590881	56.127537
286.250305	261.594574	56.097027
286.229034	261.614960	56.099998
286.252502	261.595734	56.091743
286.223602	261.601532	56.103725
286.223297	261.600494	56.115952
286.211273	261.616089	56.097935
286.244446	261.594025	56.122822
286.224945	261.623016	56.105404
286.235962	261.616394	56.109966
286.176605	261.637085	56.082134
286.189484	261.618591	56.101456
286.247223	261.602234	56.122417
286.257355	261.611481	56.123753
286.264069	261.611725	56.116459
286.282227	261.606934	56.102360
286.218964	261.628723	55.234699
284.734344	239.129776	34.103020
284.788239	239.510117	34.095654
284.818909	240.101379	34.096825
284.841553	240.813278	34.066086
284.916229	241.565826	34.101360
284.955872	242.310699	34.101387
284.943298	243.089325	34.082222
285.021057	243.857697	34.104984
285.120850	244.579575	34.106735
285.032654	245.202621	34.072922
284.963989	245.746124	34.035908
284.927917	246.241776	34.040726
284.940918	246.698547	34.047543
284.983856	247.063751	34.073555
285.072327	247.418365	34.055405
285.190704	247.749542	34.086884
285.267578	248.150650	34.077637
285.237244	248.641068	34.074036
285.235931	249.145126	34.068970
285.148590	249.755188	34.025265
285.087372	250.300201	34.014553
285.135712	250.732712	34.038296
285.140289	251.070313	34.033558
285.183289	251.413803	34.037716
285.177734	251.755402	34.032112
285.213501	252.191513	34.042885
285.192352	252.729263	34.017548
285.228943	253.173019	34.029041
285.136139	253.516907	34.010181
285.166504	253.568176	34.012230
285.185730	253.544647	34.027081
285.173737	253.523087	34.025673
285.173126	253.439590	34.032082
285.187622	253.165985	34.017647
285.182770	252.631180	34.042839
285.158020	251.829895	34.043125
285.093170	250.847839	34.027737
285.143433	249.741806	34.051540
285.053406	248.863419	34.038525
285.031464	248.102600	34.036278
285.168274	247.365509	34.070038
285.154449	246.612244	34.068260
285.005615	245.767685	34.058723
284.873444	244.747391	34.066696
284.789734	243.603653	34.058144
284.849884	242.375519	34.093624
284.836426	241.181213	34.093407
284.946625	239.973251	34.125870
284.958893	238.921646	34.132454
285.021790	237.913452	34.149414
285.056366	236.979736	34.162994
285.049011	236.098694	34.181995
285.027557	235.327026	34.173439
285.010803	234.773315	34.163876
284.977875	234.356110	34.156891
284.872467	233.911224	34.146229
284.909119	233.409592	34.162155
284.828430	232.984009	34.140591
284.860779	232.652573	34.165134
284.839233	232.464081	34.133492
284.842407	232.260666	34.157494
284.835693	232.096039	34.156464
284.844818	231.898865	34.147892
284.838623	231.621872	34.127777
284.953461	231.325745	34.146599
284.983276	231.113571	34.155708
284.966827	230.940247	34.151852
285.025909	230.774673	34.189453
285.040802	230.527740	34.182720
285.024841	230.214584	34.179729
285.019440	229.937057	34.175243
285.005341	229.617172	34.165516
285.048981	229.227646	34.166435
285.005676	228.967438	34.165958
285.050476	228.879593	34.172058
285.021332	228.894272	34.168499
285.030823	228.901352	34.164112
285.013458	228.944412	34.148193
285.070770	229.128220	34.168602
285.035126	229.701080	34.156994
284.990387	230.741180	34.136715
284.939514	232.111603	34.096050
284.910004	233.782303	34.117157
285.000214	235.574265	34.112160
285.098083	237.371750	34.103889
285.119324	239.095871	34.098782
285.116425	240.744919	34.094032
285.130493	242.187637	34.100613
285.061768	243.592026	34.078613
285.084106	244.774704	34.070339
285.129791	245.718628	34.043148
285.172424	246.294067	34.057373
285.170776	246.645264	34.030685
285.020966	246.796936	34.035992
285.091705	246.876862	34.037853
285.064972	246.978073	34.035278
285.045044	247.089035	34.036674
285.041321	247.160385	34.058716
285.032471	247.272583	34.042202
285.106598	247.261185	34.069771
285.121613	247.196976	34.077702
285.081329	247.091461	34.062828
285.058380	246.845535	34.058735
285.131256	246.551895	34.073151
285.289551	246.173553	34.075279
285.281525	245.663544	34.126705
285.322205	245.014587	34.102203
285.332886	244.290451	34.082375
285.294312	243.651428	34.101955
285.418762	243.025375	34.126736
285.324921	242.503540	34.067944
285.472626	241.860260	34.102703
285.477325	241.091522	34.109509
285.566376	240.166092	34.099030
285.561768	239.079224	34.117924
285.492676	237.902969	34.110123
285.372406	236.567078	34.125755
285.493683	235.254211	34.156410
285.289001	234.391098	34.126221
285.410828	233.590683	34.134777
285.412354	233.079956	34.156815
285.367493	232.659882	34.110512
285.431946	232.154541	34.150383
285.389832	231.648346	34.134914
285.369568	231.113495	34.152275
285.300415	230.506607	34.144638
285.220428	230.003647	34.138386
285.296204	229.800293	34.133625
285.269867	229.847092	34.134941
285.221069	229.961685	34.128166
285.222382	230.051773	34.110725
285.247681	230.160522	34.135242
285.207062	230.376312	34.114574
285.292267	230.698700	34.136139
285.298218	231.236404	34.117050
285.304993	231.914917	34.127907
285.265900	232.831421	34.110626
285.316010	233.918137	34.106747
285.406281	235.222122	34.091946
285.372162	236.696915	34.083786
285.461060	238.215149	34.091995
285.541443	239.720703	34.088680
285.594086	241.065033	34.074020
285.546234	242.289490	34.075172
285.603668	243.368561	34.060848
285.620209	244.092148	34.044106
285.568146	244.314651	34.042313
285.632324	244.324005	34.068871
285.494293	244.248795	34.042271
285.569153	244.067230	34.083023
285.535767	243.855469	34.061935
285.623749	243.596466	34.078552
285.470184	243.405365	34.070923
285.508148	243.175766	34.086945
285.408051	242.967300	34.063103
285.469086	242.753601	34.090454
285.470490	242.692551	34.080414
285.532288	242.662643	34.079376
285.572357	242.655609	34.083035
285.552612	242.669434	34.067055
285.542053	242.681412	34.079857
285.533020	242.680145	34.094654
285.543060	242.683624	34.103958
285.503906	242.702301	34.097897
285.502014	242.706528	34.105629
285.494385	242.742065	34.089977
285.526062	242.755707	34.096973
285.490479	242.779144	34.089191
285.511261	242.771423	34.054951
285.501038	242.736816	34.076141
285.447601	242.707245	34.068226
285.370819	242.704987	34.041878
285.395386	242.643784	34.080292
285.389038	242.607895	34.098198
285.404572	242.575439	34.103497
285.505768	242.535019	34.114956
285.579285	242.496368	34.105526
285.538177	242.356476	34.116428
285.458679	242.189133	34.104431
285.520355	241.880859	34.103523
285.477386	241.339294	34.116604
285.613312	240.556259	34.134811
285.550446	239.489471	34.124706
285.467438	238.210602	34.125107
285.386993	236.862503	34.143070
285.509094	235.706848	34.131104
285.507599	235.048065	34.123852
285.479645	234.781830	34.137638
285.495941	234.722351	34.132515
285.488892	234.719971	34.109467
285.477966	234.695541	34.099854
285.432098	234.662720	34.098335
285.507355	234.449127	34.119186
285.463440	234.199829	34.115211
285.440155	233.865463	34.144287
285.444733	233.388000	34.142033
285.373474	232.830841	34.128696
285.450195	232.224457	34.167278
285.397064	232.052399	34.148014
285.372559	232.113419	34.151478
285.431458	232.343155	34.139683
285.434326	232.872559	34.133724
285.421143	233.693176	34.106747
285.487091	234.691849	34.097660
285.500671	236.039978	34.091446
285.444153	237.513870	34.113998
285.442963	239.035278	34.104656
285.587952	240.551376	34.094109
285.609131	241.992767	34.085636
285.521332	243.350296	34.086262
285.631683	244.472046	34.078453
285.599274	245.314865	34.080177
285.612091	245.916183	34.093525
285.664673	246.456192	34.081520
285.748291	247.037201	34.038845
285.751587	247.764694	34.048462
285.726227	248.646729	34.049347
285.690765	249.433548	34.061996
285.666016	250.143860	34.052994
285.685699	250.528854	34.022614
285.692596	250.541718	34.037579
285.730408	250.416672	34.036755
285.792755	249.872330	34.040329
285.733368	248.952957	34.012070
285.616211	247.872681	34.039738
285.672058	246.740112	34.045849
285.583466	245.612183	34.066639
285.523865	244.602448	34.111374
285.579102	243.553467	34.078430
285.597076	242.555908	34.085705
285.499054	241.657394	34.119778
285.525543	240.873993	34.094452
285.514465	240.210144	34.087597
285.486938	239.604507	34.097408
285.440674	239.139053	34.109085
285.386475	238.826324	34.091488
285.384827	238.471909	34.091793
285.362732	238.160217	34.099239
285.378265	237.958908	34.118580
285.388367	237.812347	34.103764
285.353394	237.753510	34.095608
285.420898	237.727783	34.074757
