  0.000000000000e+000  0.000000000000e+000  0.000000000000e+000
  0.000000000000e+000  0.000000000000e+000  0.000000000000e+000
  0.000000000000e+000  0.000000000000e+000  0.000000000000e+000
  0.000000000000e+000  0.000000000000e+000  0.000000000000e+000
  0.000000000000e+000  0.000000000000e+000  0.000000000000e+000
  0.000000000000e+000  0.000000000000e+000  0.000000000000e+000
  0.000000000000e+000  0.000000000000e+000  0.000000000000e+000
  0.000000000000e+000  0.000000000000e+000  0.000000000000e+000
  0.000000000000e+000  0.000000000000e+000  0.000000000000e+000
  0.000000000000e+000  0.000000000000e+000  0.000000000000e+000
  0.000000000000e+000  0.000000000000e+000  0.000000000000e+000
  0.000000000000e+000  0.000000000000e+000  0.000000000000e+000
  0.000000000000e+000  0.000000000000e+000  0.000000000000e+000
  0.000000000000e+000  0.000000000000e+000  0.000000000000e+000
  0.000000000000e+000  0.000000000000e+000  0.000000000000e+000
  0.000000000000e+000  0.000000000000e+000  0.000000000000e+000
  0.000000000000e+000  0.000000000000e+000  0.000000000000e+000
  0.000000000000e+000  0.000000000000e+000  0.000000000000e+000
  0.000000000000e+000  0.000000000000e+000  0.000000000000e+000
  2.611843237245e+002 -6.347371155451e+001 -5.245630356816e+001
  2.611890289395e+002 -6.341433885857e+001 -5.242634767643e+001
  2.611799833185e+002 -6.337468044417e+001 -5.242719422742e+001
  2.611706576286e+002 -6.328521973314e+001 -5.242818506539e+001
  2.612502694580e+002 -6.318843178862e+001 -5.245615223165e+001
  2.613289829732e+002 -6.309851517841e+001 -5.249055321688e+001
  2.613278239670e+002 -6.302694583779e+001 -5.248364621396e+001
  2.614360074712e+002 -6.292976754790e+001 -5.249225328185e+001
  2.614444072194e+002 -6.285561449395e+001 -5.247793232330e+001
  2.614443234162e+002 -6.276243151115e+001 -5.248168614138e+001
  2.614437945707e+002 -6.271381804210e+001 -5.252808956571e+001
  2.613626349939e+002 -6.258075472433e+001 -5.253485188712e+001
  2.613494360243e+002 -6.251845612180e+001 -5.253694163774e+001
  2.612849127681e+002 -6.237239414712e+001 -5.253714800092e+001
  2.612739006602e+002 -6.236978969239e+001 -5.254850956465e+001
  2.612524674637e+002 -6.231695877751e+001 -5.255221713066e+001
  2.612837465958e+002 -6.219795471658e+001 -5.256590596100e+001
  2.612868623421e+002 -6.212643135436e+001 -5.257039236511e+001
  2.612174710794e+002 -6.205027746727e+001 -5.257190940913e+001
  2.611185830989e+002 -6.196701787765e+001 -5.260120987702e+001
  2.610610162794e+002 -6.190471190818e+001 -5.257425105292e+001
  2.610836092251e+002 -6.183486609637e+001 -5.257112949375e+001
  2.610135051762e+002 -6.175017303985e+001 -5.257705777849e+001
  2.608972221454e+002 -6.168150710171e+001 -5.258610331494e+001
  2.608594769207e+002 -6.157827911437e+001 -5.260987699052e+001
  2.608086781871e+002 -6.150210218666e+001 -5.260182045226e+001
  2.607945296682e+002 -6.142107898459e+001 -5.260587045700e+001
  2.607451092428e+002 -6.135978644938e+001 -5.262241687819e+001
  2.607117489327e+002 -6.130878928149e+001 -5.262310238007e+001
  2.606721964003e+002 -6.123847806785e+001 -5.263274993590e+001
  2.606781517299e+002 -6.117235032929e+001 -5.261913192691e+001
  2.607028509164e+002 -6.107521213361e+001 -5.260443257838e+001
  2.607712449938e+002 -6.096603935210e+001 -5.259378892314e+001
  2.607906998306e+002 -6.077701197115e+001 -5.258816458981e+001
  2.608552278522e+002 -6.066025626168e+001 -5.256084754592e+001
  2.608809987580e+002 -6.059183582983e+001 -5.253011345541e+001
  2.608598822443e+002 -6.053329672512e+001 -5.251488831768e+001
  2.608040096115e+002 -6.047584692812e+001 -5.251633393169e+001
  2.607140907321e+002 -6.043633185539e+001 -5.253469347630e+001
  2.606264142120e+002 -6.043769247742e+001 -5.253221016777e+001
  2.605568473440e+002 -6.037327030840e+001 -5.252545874354e+001
  2.605163676138e+002 -6.028563371827e+001 -5.252869950315e+001
  2.604562662164e+002 -6.023435333176e+001 -5.253170167171e+001
  2.603914300810e+002 -6.017001167699e+001 -5.252075303870e+001
  2.603712556709e+002 -6.010656536247e+001 -5.254231994615e+001
  2.603010615895e+002 -6.005834698958e+001 -5.255420519746e+001
  2.602255512771e+002 -6.002236586300e+001 -5.254586569752e+001
  2.601471522504e+002 -5.998840594536e+001 -5.252647267288e+001
  2.601086738502e+002 -5.990848137914e+001 -5.251636937202e+001
  2.600708178714e+002 -5.985077870827e+001 -5.252167257434e+001
  2.600330881315e+002 -5.978627970542e+001 -5.252892115238e+001
  2.599989836350e+002 -5.971607655861e+001 -5.253383811790e+001
  2.599620397165e+002 -5.965926352263e+001 -5.253211539798e+001
  2.599513948900e+002 -5.956355759823e+001 -5.253420373840e+001
  2.599227920175e+002 -5.948492755418e+001 -5.256106487277e+001
  2.598779494566e+002 -5.945488269570e+001 -5.254994106615e+001
  2.598351905963e+002 -5.938380315726e+001 -5.253704505858e+001
  2.598066718469e+002 -5.931743506315e+001 -5.252632547166e+001
  2.597262700835e+002 -5.927895551122e+001 -5.255408146434e+001
  2.596670465985e+002 -5.920899567051e+001 -5.254538613632e+001
  2.596602571841e+002 -5.913569082628e+001 -5.250752370753e+001
  2.596968870986e+002 -5.907386970659e+001 -5.249735939928e+001
  2.596714450540e+002 -5.891655772250e+001 -5.250848588500e+001
  2.596593425012e+002 -5.892235558061e+001 -5.249303512595e+001
  2.596223143474e+002 -5.884905046237e+001 -5.252419636419e+001
  2.598945239851e+002 -5.864410501095e+001 -5.255571356602e+001
  2.598981305663e+002 -5.855146747102e+001 -5.255240155304e+001
  2.599316429305e+002 -5.842496617932e+001 -5.245129691171e+001
  2.600840500368e+002 -5.830535581511e+001 -5.249218793185e+001
  2.602292156113e+002 -5.815470446401e+001 -5.254540470206e+001
  2.602224471042e+002 -5.809105254910e+001 -5.255242510885e+001
  2.602069486462e+002 -5.801297599580e+001 -5.255064527832e+001
  2.600806438093e+002 -5.802558696496e+001 -5.261753556138e+001
  2.599508903992e+002 -5.800081457298e+001 -5.270764724807e+001
  2.598263429892e+002 -5.798091251189e+001 -5.278700399383e+001
  2.597151775605e+002 -5.794255165820e+001 -5.286555239479e+001
  2.596398023064e+002 -5.793039027398e+001 -5.293301480920e+001
  2.595757740485e+002 -5.789435198848e+001 -5.294026743639e+001
  2.595062919808e+002 -5.788083060638e+001 -5.296193275900e+001
  2.594368207277e+002 -5.779779891923e+001 -5.293843729692e+001
  2.594843450235e+002 -5.788073800436e+001 -5.280594556249e+001
  2.595022148537e+002 -5.781459490364e+001 -5.279079641477e+001
  2.595469242223e+002 -5.775616549844e+001 -5.275838434327e+001
  2.595828794877e+002 -5.769424501959e+001 -5.274953187787e+001
  2.595622264752e+002 -5.764798537102e+001 -5.273459875402e+001
  2.595391718431e+002 -5.758381333279e+001 -5.273028761889e+001
  2.595128718755e+002 -5.752896730397e+001 -5.272206287080e+001
  2.594659691895e+002 -5.746558353042e+001 -5.273314313505e+001
  2.594168032022e+002 -5.738787919568e+001 -5.274486671249e+001
  2.593746864715e+002 -5.730828949573e+001 -5.274804685561e+001
  2.593262046945e+002 -5.723902573673e+001 -5.273918015488e+001
  2.593068942523e+002 -5.717598239589e+001 -5.272240924256e+001
  2.592621139760e+002 -5.700969006739e+001 -5.273399367136e+001
  2.592516289545e+002 -5.701185127246e+001 -5.272638318933e+001
  2.592838373847e+002 -5.694198396296e+001 -5.272760682423e+001
  2.593087271839e+002 -5.687236327242e+001 -5.271504692805e+001
  2.593031172493e+002 -5.678590511929e+001 -5.270708017180e+001
  2.592160472012e+002 -5.673118951530e+001 -5.270063886272e+001
  2.591603815117e+002 -5.669025874305e+001 -5.269688331049e+001
  2.591487937108e+002 -5.663297237918e+001 -5.268117429773e+001
  2.591856907613e+002 -5.655756998123e+001 -5.267601962602e+001
  2.590667727588e+002 -5.654241945207e+001 -5.273444209968e+001
  2.589609831654e+002 -5.652388041645e+001 -5.280774121932e+001
  2.588589785428e+002 -5.649085670875e+001 -5.287324952134e+001
  2.589273100827e+002 -5.641405688114e+001 -5.287689142091e+001
  2.589678259226e+002 -5.633948106715e+001 -5.287658565543e+001
  2.590612570516e+002 -5.618933020260e+001 -5.288943425477e+001
  2.590482471416e+002 -5.614444196322e+001 -5.296244337715e+001
  2.589830153323e+002 -5.610541127372e+001 -5.299425384895e+001
  2.589802222872e+002 -5.605825251818e+001 -5.300173385719e+001
  2.589694448705e+002 -5.595003529563e+001 -5.301008859480e+001
  2.589620386601e+002 -5.590078516686e+001 -5.301470425820e+001
  2.588075372968e+002 -5.590797568750e+001 -5.308589893554e+001
  2.588459120014e+002 -5.584632693507e+001 -5.319324753927e+001
  2.586857193350e+002 -5.582624292000e+001 -5.323281340640e+001
  2.588301761248e+002 -5.570421064073e+001 -5.324627959374e+001
  2.588320027267e+002 -5.564371361952e+001 -5.328066404985e+001
  2.588597068670e+002 -5.557966390960e+001 -5.329972442400e+001
  2.587439072019e+002 -5.552152489471e+001 -5.329963526834e+001
  2.586258623010e+002 -5.550074532049e+001 -5.332364680438e+001
  2.585143326007e+002 -5.548131927293e+001 -5.330902258521e+001
  2.584133430197e+002 -5.544585179870e+001 -5.332932802015e+001
  2.583429952679e+002 -5.538759822160e+001 -5.334224420468e+001
  2.582189252348e+002 -5.533833847124e+001 -5.335450610136e+001
  2.581410861970e+002 -5.529602858069e+001 -5.334754924473e+001
  2.580202719522e+002 -5.523806539526e+001 -5.335221865150e+001
  2.579566380582e+002 -5.518580547937e+001 -5.336040178038e+001
  2.578302082479e+002 -5.513849600667e+001 -5.339466955933e+001
  2.576853385072e+002 -5.490727395719e+001 -5.339132112166e+001
  2.575471610010e+002 -5.486832897236e+001 -5.344861316155e+001
  2.574067201779e+002 -5.478192401374e+001 -5.351519816741e+001
  2.573134822217e+002 -5.479053929122e+001 -5.352317489978e+001
  2.572403957615e+002 -5.473908388092e+001 -5.356698775168e+001
  2.571846927924e+002 -5.468833656058e+001 -5.356302349663e+001
  2.571443031745e+002 -5.467916999477e+001 -5.356497497340e+001
  2.570576502877e+002 -5.463954493584e+001 -5.357846208089e+001
  2.569760639150e+002 -5.459715716519e+001 -5.357655083665e+001
  2.569027948548e+002 -5.456232738356e+001 -5.359756732584e+001
  2.568674775797e+002 -5.451325977161e+001 -5.356439853767e+001
  2.568582809211e+002 -5.446515546027e+001 -5.355104520567e+001
  2.568463426296e+002 -5.439321264761e+001 -5.349179258092e+001
  2.568523179300e+002 -5.434210679815e+001 -5.347165125460e+001
  2.568330237144e+002 -5.430260335561e+001 -5.342940541148e+001
  2.567788710511e+002 -5.428107285310e+001 -5.340701983522e+001
  2.567287743389e+002 -5.426782693574e+001 -5.338344258729e+001
  2.566710963766e+002 -5.426182656794e+001 -5.331426903511e+001
  2.567162622397e+002 -5.407546199091e+001 -5.327899748653e+001
  2.567536453655e+002 -5.403764463039e+001 -5.326434444446e+001
  2.568765891107e+002 -5.381754144240e+001 -5.323941996114e+001
  2.568493377788e+002 -5.378868268686e+001 -5.322876919276e+001
  2.568722387636e+002 -5.364932749080e+001 -5.322321297203e+001
  2.569014722572e+002 -5.352528480502e+001 -5.318965578663e+001
  2.568798053053e+002 -5.345906754255e+001 -5.312796873707e+001
  2.568310769956e+002 -5.342511717560e+001 -5.307814583513e+001
  2.567638076852e+002 -5.341864026225e+001 -5.301806312291e+001
  2.567331494786e+002 -5.333672288930e+001 -5.300498828747e+001
  2.566889440046e+002 -5.326579314215e+001 -5.301399855506e+001
  2.566537208600e+002 -5.319281514220e+001 -5.302693835328e+001
  2.566270682988e+002 -5.311459812386e+001 -5.299963055497e+001
  2.566005055293e+002 -5.303800417355e+001 -5.298887399228e+001
  2.565722850461e+002 -5.293963263852e+001 -5.298863354602e+001
  2.565313604872e+002 -5.281494959538e+001 -5.298796855934e+001
  2.565090911519e+002 -5.276175541851e+001 -5.300262809108e+001
  2.564901995176e+002 -5.270054178278e+001 -5.301893324382e+001
  2.564925121487e+002 -5.262257163343e+001 -5.302210377494e+001
  2.564634843407e+002 -5.256540975438e+001 -5.302456347799e+001
  2.564323950574e+002 -5.245919661423e+001 -5.301981047020e+001
  2.564050423243e+002 -5.235780434920e+001 -5.303552037495e+001
  2.563914300185e+002 -5.236477374442e+001 -5.306323212312e+001
  2.562875822882e+002 -5.235859961724e+001 -5.305044849469e+001
  2.561664949628e+002 -5.236483672176e+001 -5.300982715139e+001
  2.561560241116e+002 -5.231103937932e+001 -5.297935007665e+001
  2.560905731075e+002 -5.220468778790e+001 -5.296606689920e+001
  2.560309915362e+002 -5.220758498544e+001 -5.294209035150e+001
  2.559098213392e+002 -5.220124411991e+001 -5.291370298973e+001
  2.558141563105e+002 -5.208499821843e+001 -5.296095513440e+001
  2.558348311867e+002 -5.195217588297e+001 -5.292053792924e+001
  2.558502087381e+002 -5.187496422324e+001 -5.290162016162e+001
  2.557871141558e+002 -5.183239241994e+001 -5.286569276120e+001
  2.557501721615e+002 -5.177885341827e+001 -5.288282803567e+001
  2.557187953179e+002 -5.171098768603e+001 -5.288763593402e+001
  2.557080697140e+002 -5.167551821936e+001 -5.286558278948e+001
  2.556688837909e+002 -5.167354278808e+001 -5.289072638570e+001
  2.556543262615e+002 -5.163115877394e+001 -5.289962282905e+001
  2.555820705111e+002 -5.158957354984e+001 -5.290305834546e+001
  2.555413492944e+002 -5.155557056086e+001 -5.291414411931e+001
  2.555424965962e+002 -5.151233410548e+001 -5.294379717525e+001
  2.555378804058e+002 -5.149384921843e+001 -5.298983377593e+001
  2.555156775911e+002 -5.145409400452e+001 -5.301455516137e+001
  2.554853859577e+002 -5.142125782155e+001 -5.307662436749e+001
  2.554321245765e+002 -5.136881869781e+001 -5.309389753765e+001
  2.553688678627e+002 -5.127761831335e+001 -5.310426387652e+001
  2.553774405914e+002 -5.128656473065e+001 -5.312117284955e+001
  2.553873198870e+002 -5.128353726574e+001 -5.312483006364e+001
  2.554129760164e+002 -5.129369105024e+001 -5.315245602135e+001
  2.554377567159e+002 -5.130216862180e+001 -5.317251685552e+001
  2.554323187089e+002 -5.126533094614e+001 -5.318907964456e+001
  2.554838847228e+002 -5.124874578132e+001 -5.321188129808e+001
  2.555248950343e+002 -5.122574877420e+001 -5.321279127836e+001
  2.555762117090e+002 -5.115265749661e+001 -5.322457084222e+001
  2.556700432449e+002 -5.114361357187e+001 -5.321417880811e+001
  2.557030593618e+002 -5.113507079676e+001 -5.322313665918e+001
  2.556935944506e+002 -5.112112467754e+001 -5.320874469647e+001
  2.557235560645e+002 -5.109875169739e+001 -5.321731764683e+001
  2.557396061809e+002 -5.106863915200e+001 -5.326234002185e+001
  2.557390968945e+002 -5.104282539319e+001 -5.328520985334e+001
  2.557428500479e+002 -5.100603599242e+001 -5.328998659694e+001
  2.557022095821e+002 -5.097018057951e+001 -5.332953507984e+001
  2.555737975750e+002 -5.111802823616e+001 -5.348318724934e+001
  2.555677106653e+002 -5.112097195589e+001 -5.352747673106e+001
  2.555486792698e+002 -5.105003857059e+001 -5.356813804255e+001
  2.556130475544e+002 -5.106919544979e+001 -5.359691737960e+001
  2.556064912663e+002 -5.103746402856e+001 -5.361527838977e+001
  2.556623249772e+002 -5.094724960877e+001 -5.365694890485e+001
  2.556525993100e+002 -5.088395367883e+001 -5.373522732354e+001
  2.556405620653e+002 -5.082214286543e+001 -5.376166017743e+001
  2.556505491156e+002 -5.077153924956e+001 -5.377906146773e+001
  2.556714502584e+002 -5.065970697585e+001 -5.378182170680e+001
  2.557224393740e+002 -5.052571358528e+001 -5.378316276031e+001
  2.556436683305e+002 -5.053315803949e+001 -5.381671485306e+001
  2.554937483193e+002 -5.061173254411e+001 -5.376917542893e+001
  2.553478699941e+002 -5.070252837044e+001 -5.370824267282e+001
  2.552624514422e+002 -5.073595341194e+001 -5.367934279279e+001
  2.552418551868e+002 -5.069043876948e+001 -5.362564987168e+001
  2.552799362693e+002 -5.060386634527e+001 -5.357597986714e+001
  2.552635019374e+002 -5.053403286139e+001 -5.353964733440e+001
  2.552443741153e+002 -5.052968884818e+001 -5.351577781674e+001
  2.552681406318e+002 -5.043378886649e+001 -5.345940389193e+001
  2.553468241511e+002 -5.031048695986e+001 -5.338649056252e+001
  2.553978125823e+002 -5.020080076068e+001 -5.334468978358e+001
  2.554891908586e+002 -5.005591334939e+001 -5.328140212816e+001
  2.555058635525e+002 -4.997290191818e+001 -5.323577106443e+001
  2.554606935101e+002 -4.997813914402e+001 -5.322078492722e+001
  2.554466658715e+002 -4.995372565323e+001 -5.320368059289e+001
  2.555158668168e+002 -4.977716484791e+001 -5.320554348858e+001
  2.556547638396e+002 -4.954882002149e+001 -5.320635315383e+001
  2.557208553068e+002 -4.935294614076e+001 -5.317196963413e+001
  2.558467808531e+002 -4.910119631212e+001 -5.316953818379e+001
  2.557729263771e+002 -4.889118436337e+001 -5.314968095793e+001
  2.558076646688e+002 -4.876377202899e+001 -5.317909231860e+001
  2.558209492031e+002 -4.863646361374e+001 -5.311635793493e+001
  2.558654336982e+002 -4.853114265197e+001 -5.315269916380e+001
  2.560186275030e+002 -4.824564002150e+001 -5.328447141900e+001
  2.560001641447e+002 -4.816580857004e+001 -5.329869156727e+001
  2.559694368320e+002 -4.808810836720e+001 -5.330371647092e+001
  2.559436352106e+002 -4.802611346713e+001 -5.330359641280e+001
  2.559392152094e+002 -4.795112034225e+001 -5.329862917317e+001
  2.558938246122e+002 -4.786140540505e+001 -5.329347116390e+001
  2.558624114167e+002 -4.780338140648e+001 -5.329011556221e+001
  2.558466455625e+002 -4.771913089420e+001 -5.328616596569e+001
  2.558821620862e+002 -4.759746240403e+001 -5.325637172465e+001
  2.560254536669e+002 -4.729664147005e+001 -5.319428085062e+001
  2.560143666092e+002 -4.720751409126e+001 -5.317359655567e+001
  2.561377851371e+002 -4.704367830075e+001 -5.333159645702e+001
  2.561265427108e+002 -4.700474177179e+001 -5.334025297911e+001
  2.561827780185e+002 -4.681077451667e+001 -5.338950704274e+001
  2.561997975151e+002 -4.660514843058e+001 -5.337654985612e+001
  2.563051132911e+002 -4.643621595051e+001 -5.336583939823e+001
  2.562454247174e+002 -4.638368245419e+001 -5.336788261406e+001
  2.561566381096e+002 -4.638435910720e+001 -5.336516014071e+001
  2.560819194013e+002 -4.635939762873e+001 -5.338908242785e+001
  2.560289240069e+002 -4.632460448458e+001 -5.336881986928e+001
  2.559422859869e+002 -4.626141580437e+001 -5.337024689961e+001
  2.559227332018e+002 -4.625006150943e+001 -5.337620965082e+001
  2.558664307198e+002 -4.622415220565e+001 -5.336954285806e+001
  2.558410765925e+002 -4.615984840297e+001 -5.335266994921e+001
  2.557423220378e+002 -4.615740498088e+001 -5.336954318802e+001
  2.558807180633e+002 -4.599119991144e+001 -5.341565403573e+001
  2.558303928636e+002 -4.602702765166e+001 -5.341200213661e+001
  2.557663517131e+002 -4.601252784245e+001 -5.338904641889e+001
  2.556383310553e+002 -4.599306370806e+001 -5.340519548870e+001
  2.555195638284e+002 -4.597512072345e+001 -5.341804871250e+001
  2.554393951830e+002 -4.592298930059e+001 -5.341950634466e+001
  2.553691950514e+002 -4.588261961122e+001 -5.339190491726e+001
  2.553213730956e+002 -4.582337603816e+001 -5.337942971072e+001
  2.552747690495e+002 -4.579028832280e+001 -5.337692609226e+001
  2.552228950741e+002 -4.573137007650e+001 -5.334395156716e+001
  2.551906056042e+002 -4.569697218030e+001 -5.332790562706e+001
  2.551388778291e+002 -4.566656929655e+001 -5.331468592063e+001
  2.550441234411e+002 -4.564451366598e+001 -5.331997904465e+001
  2.549980025625e+002 -4.558284011171e+001 -5.332835413097e+001
  2.549078565815e+002 -4.551929747048e+001 -5.333224010987e+001
  2.547619717711e+002 -4.555023700905e+001 -5.338831060951e+001
  2.546645432949e+002 -4.552721952156e+001 -5.339430429267e+001
  2.545403038243e+002 -4.544078464896e+001 -5.339760437017e+001
  2.544073916678e+002 -4.548813594703e+001 -5.342413939954e+001
  2.542622733828e+002 -4.541054136411e+001 -5.344633082964e+001
  2.541723829129e+002 -4.544137224249e+001 -5.347872381771e+001
  2.541232006742e+002 -4.542256212095e+001 -5.344843331119e+001
  2.541015084649e+002 -4.538174501829e+001 -5.341015369354e+001
  2.540795447827e+002 -4.528088424586e+001 -5.337963362728e+001
  2.540058389700e+002 -4.524438860898e+001 -5.332067598100e+001
  2.539659014838e+002 -4.517963372323e+001 -5.327286435203e+001
  2.539012952831e+002 -4.515991517843e+001 -5.325353841011e+001
  2.538712875716e+002 -4.511587134509e+001 -5.322933438304e+001
  2.538407603992e+002 -4.507964585172e+001 -5.321414198528e+001
  2.538198191170e+002 -4.503206179753e+001 -5.317963535743e+001
  2.538149661157e+002 -4.498700734686e+001 -5.313197694573e+001
  2.538203970401e+002 -4.493041594819e+001 -5.311459804804e+001
  2.538050289788e+002 -4.485849240330e+001 -5.311328889265e+001
  2.538089826759e+002 -4.477603853830e+001 -5.310798851152e+001
  2.538491369108e+002 -4.466440198611e+001 -5.304706266135e+001
  2.538845818340e+002 -4.453236560438e+001 -5.299774299217e+001
  2.538529925318e+002 -4.443957623707e+001 -5.295329664106e+001
  2.537959893327e+002 -4.446257328301e+001 -5.294025843343e+001
  2.537466915315e+002 -4.443826686077e+001 -5.294077476129e+001
  2.538110613966e+002 -4.425809883847e+001 -5.293293815321e+001
  2.538602868748e+002 -4.414248341795e+001 -5.294598500430e+001
  2.539160490299e+002 -4.396203433028e+001 -5.294792263771e+001
  2.540612599021e+002 -4.365969479434e+001 -5.292514104631e+001
  2.542459217599e+002 -4.326325876580e+001 -5.279761129233e+001
  2.542259049025e+002 -4.314943819704e+001 -5.280959280595e+001
  2.542912257378e+002 -4.297892676885e+001 -5.283634592707e+001
  2.543528593010e+002 -4.274999833667e+001 -5.276731133798e+001
  2.544337535770e+002 -4.249528745273e+001 -5.269994921175e+001
  2.545817681964e+002 -4.243758371085e+001 -5.280354045231e+001
  2.547318798784e+002 -4.169910594405e+001 -5.298699317740e+001
  2.547991431831e+002 -4.114493147099e+001 -5.292790305732e+001
  2.548404903212e+002 -4.053301231009e+001 -5.278287254474e+001
  2.548510299165e+002 -4.019489366537e+001 -5.270574900004e+001
  2.547966434340e+002 -3.999651088615e+001 -5.266135027625e+001
  2.548239234912e+002 -3.970343978617e+001 -5.262151862599e+001
  2.548003415100e+002 -3.970153747728e+001 -5.259605394401e+001
  2.548092843508e+002 -3.955779642442e+001 -5.257459722079e+001
  2.548445173433e+002 -3.946605180835e+001 -5.256686058227e+001
  2.548664368705e+002 -3.934208246808e+001 -5.253728587843e+001
  2.548841120718e+002 -3.926203031332e+001 -5.254196096002e+001
  2.548874883988e+002 -3.917901418715e+001 -5.256643266710e+001
  2.548733843933e+002 -3.912898351688e+001 -5.258997795616e+001
  2.548308483554e+002 -3.905533853822e+001 -5.258992929293e+001
  2.547892299819e+002 -3.901772407310e+001 -5.260263184314e+001
  2.547539549535e+002 -3.896050770477e+001 -5.261459257470e+001
  2.546953895549e+002 -3.888524251457e+001 -5.259696052349e+001
  2.545903967011e+002 -3.884048738962e+001 -5.260814644958e+001
  2.544842165531e+002 -3.877786884986e+001 -5.259620747245e+001
  2.543913482140e+002 -3.869966225627e+001 -5.259547088145e+001
  2.542692907998e+002 -3.861247507227e+001 -5.260484082564e+001
  2.541676842048e+002 -3.854504480158e+001 -5.263064489406e+001
  2.540414904085e+002 -3.844865134698e+001 -5.265841966639e+001
  2.539060730594e+002 -3.833680241898e+001 -5.268975223833e+001
  2.537442685230e+002 -3.812807939203e+001 -5.275735364750e+001
  2.536309593877e+002 -3.800909099776e+001 -5.277310395251e+001
  2.535276814051e+002 -3.792371983956e+001 -5.282465565978e+001
  2.533106658248e+002 -3.774457615610e+001 -5.287936995448e+001
  2.531140882883e+002 -3.757152326753e+001 -5.295192699735e+001
  2.530028709724e+002 -3.746033803631e+001 -5.298610726917e+001
  2.528350344714e+002 -3.727065485847e+001 -5.303634478650e+001
  2.525095947664e+002 -3.690821622059e+001 -5.305187140919e+001
  2.524305392222e+002 -3.676565397981e+001 -5.308783816042e+001
  2.523029256816e+002 -3.669396307334e+001 -5.309980093728e+001
  2.522000871074e+002 -3.660443395533e+001 -5.310381855439e+001
  2.520859492189e+002 -3.657174862117e+001 -5.311128112882e+001
  2.519918761939e+002 -3.647341179945e+001 -5.311225194942e+001
  2.519241270126e+002 -3.652333030324e+001 -5.311272343594e+001
  2.518447306383e+002 -3.652102967004e+001 -5.309643286555e+001
  2.517768626733e+002 -3.657196206115e+001 -5.307812798036e+001
  2.516791482820e+002 -3.662487834179e+001 -5.305896845843e+001
  2.516322198930e+002 -3.679540260268e+001 -5.306431716305e+001
  2.515816649473e+002 -3.683579313905e+001 -5.304683838464e+001
  2.515727213151e+002 -3.679194399072e+001 -5.306796341968e+001
  2.515719361853e+002 -3.676334958685e+001 -5.306401226475e+001
  2.515798068860e+002 -3.664786835632e+001 -5.306602125923e+001
  2.515655779123e+002 -3.660490923123e+001 -5.308849475528e+001
  2.515540339998e+002 -3.650715180197e+001 -5.310319973927e+001
  2.515079525775e+002 -3.626183456592e+001 -5.307193426063e+001
  2.515128824247e+002 -3.624744182761e+001 -5.306684256780e+001
  2.515208972814e+002 -3.619855842987e+001 -5.307264344991e+001
  2.515618824635e+002 -3.583406115721e+001 -5.304687862650e+001
  2.515944226267e+002 -3.548453721116e+001 -5.304068400205e+001
  2.515224763837e+002 -3.552354003170e+001 -5.289018686688e+001
  2.515504870534e+002 -3.530897132981e+001 -5.287466301825e+001
  2.515183771710e+002 -3.519015396837e+001 -5.287323943493e+001
  2.514884361531e+002 -3.493518634954e+001 -5.287617034344e+001
  2.514973477001e+002 -3.491776409910e+001 -5.286964513630e+001
  2.514682235249e+002 -3.481564536989e+001 -5.288311360933e+001
  2.514437477380e+002 -3.474539653503e+001 -5.287657302125e+001
  2.514080870148e+002 -3.465446137190e+001 -5.286253183236e+001
  2.513775753768e+002 -3.455393732088e+001 -5.285639012321e+001
  2.513347139414e+002 -3.450032786495e+001 -5.285042974861e+001
  2.512443884602e+002 -3.447378358686e+001 -5.285738094779e+001
  2.511762799781e+002 -3.443365563914e+001 -5.286898825538e+001
  2.510164288180e+002 -3.441411710565e+001 -5.287439787563e+001
  2.508868556780e+002 -3.441424628226e+001 -5.286395503656e+001
  2.507198129163e+002 -3.416816392100e+001 -5.283258739737e+001
  2.506574712412e+002 -3.406785473749e+001 -5.281106040840e+001
  2.505425492324e+002 -3.400695755396e+001 -5.281445210753e+001
  2.505230777252e+002 -3.393015902194e+001 -5.279300631974e+001
  2.504259479694e+002 -3.387478120273e+001 -5.278472230545e+001
  2.503674179750e+002 -3.380421720567e+001 -5.277898227425e+001
  2.503034425015e+002 -3.373022918556e+001 -5.276188677376e+001
  2.502057530689e+002 -3.355686105484e+001 -5.277329228434e+001
  2.501515508411e+002 -3.352277178543e+001 -5.276942697996e+001
  2.500709891520e+002 -3.345982639083e+001 -5.280123400835e+001
  2.499635932829e+002 -3.329931905119e+001 -5.281457692212e+001
  2.498354847722e+002 -3.318110773717e+001 -5.278196346153e+001
  2.497144702105e+002 -3.308439874349e+001 -5.276755736655e+001
  2.496140053753e+002 -3.296797293329e+001 -5.274639607356e+001
  2.495066945413e+002 -3.287811080519e+001 -5.271675373568e+001
  2.494133582456e+002 -3.280201911470e+001 -5.271328978382e+001
  2.493176666669e+002 -3.270594500375e+001 -5.270543496350e+001
  2.491999743517e+002 -3.256237386280e+001 -5.270101092707e+001
  2.490753346774e+002 -3.241031548992e+001 -5.271598029764e+001
  2.489198385491e+002 -3.224547058840e+001 -5.275297289407e+001
  2.487628239292e+002 -3.201324198231e+001 -5.276660491067e+001
  2.487448366828e+002 -3.211695504491e+001 -5.276102076246e+001
  2.485646240053e+002 -3.186716497300e+001 -5.278988682143e+001
  2.484256878409e+002 -3.169235785166e+001 -5.279498954913e+001
  2.483703369870e+002 -3.161033939800e+001 -5.277358447659e+001
  2.483136049164e+002 -3.154352130752e+001 -5.277389626438e+001
  2.482673397852e+002 -3.147327705376e+001 -5.276893975499e+001
  2.482927877345e+002 -3.139118535898e+001 -5.276202051072e+001
  2.482952301628e+002 -3.132033628472e+001 -5.275516805158e+001
  2.482890929598e+002 -3.125721642450e+001 -5.277476720250e+001
  2.482756156649e+002 -3.117235081064e+001 -5.276574482501e+001
  2.482734766716e+002 -3.111080644101e+001 -5.280197470355e+001
  2.482826200013e+002 -3.101500524331e+001 -5.283280225219e+001
  2.483037245728e+002 -3.087894096071e+001 -5.285400166364e+001
  2.482800432459e+002 -3.081988946177e+001 -5.285074202472e+001
  2.482852145481e+002 -3.071655831034e+001 -5.283661240174e+001
  2.482430423945e+002 -3.064147681771e+001 -5.281858482091e+001
  2.481967603389e+002 -3.057305924172e+001 -5.278888789133e+001
  2.481693348522e+002 -3.047614268253e+001 -5.278684372180e+001
  2.481283465863e+002 -3.043301700123e+001 -5.276432348855e+001
  2.480904722782e+002 -3.035914842405e+001 -5.272724172043e+001
  2.480620900113e+002 -3.029627017569e+001 -5.269051212350e+001
  2.480292658154e+002 -3.023398081170e+001 -5.267794063558e+001
  2.480136027064e+002 -3.015644871114e+001 -5.269415911229e+001
  2.479818675303e+002 -3.010224184190e+001 -5.269470758394e+001
  2.479468128982e+002 -3.000316059641e+001 -5.269531799886e+001
  2.478839481844e+002 -2.993795027148e+001 -5.272759771962e+001
  2.478153377226e+002 -2.991832664905e+001 -5.271046123685e+001
  2.477532785314e+002 -2.983703002589e+001 -5.270726820979e+001
  2.477253049902e+002 -2.975878363419e+001 -5.271317616572e+001
  2.476577864917e+002 -2.976790605903e+001 -5.275910126566e+001
  2.476173055518e+002 -2.976912085151e+001 -5.277327353450e+001
  2.475875700035e+002 -2.966867518955e+001 -5.278324783688e+001
  2.475252987265e+002 -2.962760309895e+001 -5.278497415443e+001
  2.474723303371e+002 -2.961829620436e+001 -5.276035005171e+001
  2.473967948183e+002 -2.969846038348e+001 -5.278207659703e+001
  2.474417055613e+002 -2.983568959616e+001 -5.276525735983e+001
  2.474301126450e+002 -2.976112017351e+001 -5.274330240771e+001
  2.473897321335e+002 -2.967445631571e+001 -5.274472590138e+001
  2.473079014966e+002 -3.002802011208e+001 -5.279055589150e+001
  2.472278969997e+002 -3.027246228455e+001 -5.282671465985e+001
  2.472316875714e+002 -3.029499680796e+001 -5.288066273082e+001
  2.471966079908e+002 -3.038440278805e+001 -5.292154460019e+001
  2.471733545424e+002 -3.032473746229e+001 -5.292663420647e+001
  2.471438126947e+002 -3.026499256691e+001 -5.292776264460e+001
  2.471220012293e+002 -3.022356536107e+001 -5.294662453567e+001
  2.470706824893e+002 -3.017969079830e+001 -5.295115557048e+001
  2.470476357426e+002 -3.010387471119e+001 -5.295124436439e+001
  2.470179484190e+002 -3.008730706465e+001 -5.295562254448e+001
  2.469699733991e+002 -3.004929194319e+001 -5.294459912177e+001
  2.469492913462e+002 -3.001865528518e+001 -5.295090588871e+001
  2.469291174274e+002 -2.995845660895e+001 -5.295331328701e+001
  2.469243081133e+002 -2.990530612885e+001 -5.292469034452e+001
  2.469120951274e+002 -2.978979198729e+001 -5.293859726570e+001
  2.469025670102e+002 -2.981096005687e+001 -5.293474935577e+001
  2.468983985236e+002 -2.977597753050e+001 -5.294007845016e+001
  2.468880833017e+002 -2.975252750104e+001 -5.291124326860e+001
  2.469076867452e+002 -2.974817476515e+001 -5.289736745972e+001
  2.468957040706e+002 -2.975194105284e+001 -5.288515105668e+001
  2.469140156807e+002 -2.975489728418e+001 -5.286798647576e+001
  2.469239302150e+002 -2.975553196996e+001 -5.285886011141e+001
  2.469549159016e+002 -2.975310260892e+001 -5.283099406253e+001
  2.469873466142e+002 -2.971885153062e+001 -5.284632036653e+001
  2.470576125063e+002 -2.962159588638e+001 -5.290173479284e+001
  2.471084903921e+002 -2.955720482232e+001 -5.291683721832e+001
  2.471696328329e+002 -2.940965373330e+001 -5.297351754502e+001
  2.472016406362e+002 -2.931630827036e+001 -5.300350411543e+001
  2.471973248604e+002 -2.921639114102e+001 -5.303782153442e+001
  2.472083017668e+002 -2.918263801139e+001 -5.299866437532e+001
  2.471684070011e+002 -2.929067412105e+001 -5.296683532467e+001
  2.470695576072e+002 -2.928670177545e+001 -5.295423970798e+001
  2.470588953580e+002 -2.928237844964e+001 -5.293280190946e+001
  2.470841862393e+002 -2.939972905060e+001 -5.291082124996e+001
  2.471510445700e+002 -2.968076614950e+001 -5.289784573399e+001
  2.471749557813e+002 -2.993802451900e+001 -5.287463786656e+001
  2.471823596718e+002 -3.007124372219e+001 -5.284758786085e+001
  2.472124594363e+002 -3.015789786493e+001 -5.284747788291e+001
  2.472012053787e+002 -3.018598901124e+001 -5.283158816334e+001
  2.471839871874e+002 -3.019135336692e+001 -5.284088506532e+001
  2.471787117529e+002 -3.023816909375e+001 -5.285113317258e+001
  2.471571446246e+002 -3.025796472541e+001 -5.285557870096e+001
  2.471417092929e+002 -3.025765803427e+001 -5.287336160636e+001
  2.470956757120e+002 -3.022623373621e+001 -5.289083138237e+001
  2.470354286506e+002 -3.018254242709e+001 -5.291901708810e+001
  2.470271182836e+002 -3.009611284129e+001 -5.295790090822e+001
  2.469587222645e+002 -2.997323786612e+001 -5.304019960609e+001
  2.469129606303e+002 -2.977499430287e+001 -5.311654844445e+001
  2.468662071965e+002 -2.957055781764e+001 -5.321397197019e+001
  2.468320131861e+002 -2.935828770954e+001 -5.331455592997e+001
  2.467264411740e+002 -2.882910234125e+001 -5.341934427355e+001
  2.467584296563e+002 -2.867245564083e+001 -5.346111624922e+001
  2.467384996625e+002 -2.846446997348e+001 -5.351834197664e+001
  2.467487013481e+002 -2.824426998903e+001 -5.359390263774e+001
  2.467074941109e+002 -2.808613025124e+001 -5.365164015609e+001
  2.466624079046e+002 -2.791888185027e+001 -5.370542654834e+001
  2.466410399433e+002 -2.784357521596e+001 -5.372327011241e+001
  2.466121522208e+002 -2.775762395697e+001 -5.375126293266e+001
  2.465888421437e+002 -2.772765529347e+001 -5.377604371230e+001
  2.465613490709e+002 -2.771045475444e+001 -5.378316810626e+001
  2.465281665515e+002 -2.769862016112e+001 -5.382053212437e+001
  2.464787024381e+002 -2.767969766434e+001 -5.386579041196e+001
  2.464205542104e+002 -2.770606171800e+001 -5.388870511592e+001
  2.463928085475e+002 -2.760031238498e+001 -5.394171172955e+001
  2.463459401194e+002 -2.752199471035e+001 -5.398062066327e+001
  2.463422953552e+002 -2.741890879407e+001 -5.400632437443e+001
  2.462946863899e+002 -2.751605216227e+001 -5.401221269977e+001
  2.462829408122e+002 -2.741829322193e+001 -5.404736648815e+001
  2.462261675520e+002 -2.734660090069e+001 -5.407288641446e+001
  2.461940187544e+002 -2.723317419001e+001 -5.409320194856e+001
  2.462539815357e+002 -2.695870901954e+001 -5.414251500995e+001
  2.462405315869e+002 -2.683143343607e+001 -5.417217430382e+001
  2.462494212667e+002 -2.671952689195e+001 -5.417069261891e+001
  2.462689930607e+002 -2.654918067632e+001 -5.421207327896e+001
  2.462598147733e+002 -2.644975694148e+001 -5.428396445622e+001
  2.462458352256e+002 -2.633287389723e+001 -5.428427791140e+001
  2.462687069789e+002 -2.616966193202e+001 -5.428429685682e+001
  2.461450751568e+002 -2.593019457980e+001 -5.442014116115e+001
  2.461287431581e+002 -2.591978816774e+001 -5.445432393113e+001
  2.461651918890e+002 -2.584407741601e+001 -5.448837640924e+001
  2.461946640451e+002 -2.579710990276e+001 -5.457749632040e+001
  2.462334778239e+002 -2.570720931067e+001 -5.462087180814e+001
  2.462326039834e+002 -2.567039204688e+001 -5.465061760943e+001
  2.462090848795e+002 -2.561070119940e+001 -5.468722478366e+001
  2.462165980213e+002 -2.545738212796e+001 -5.467205939241e+001
  2.460497707806e+002 -2.557665808089e+001 -5.468861612835e+001
  2.461061253433e+002 -2.540661528764e+001 -5.470432720278e+001
  2.459359281633e+002 -2.548456888876e+001 -5.463884168296e+001
  2.457527976445e+002 -2.561289753849e+001 -5.460358555249e+001
  2.455462493308e+002 -2.581644942411e+001 -5.453996055609e+001
  2.453031179715e+002 -2.604961754671e+001 -5.449475687753e+001
  2.451264942998e+002 -2.621126017405e+001 -5.447317343063e+001
  2.449778601566e+002 -2.633641067999e+001 -5.445410248229e+001
  2.449242260592e+002 -2.629410794026e+001 -5.442867154417e+001
  2.448727353724e+002 -2.624952772088e+001 -5.439986341892e+001
  2.448063390737e+002 -2.618969226232e+001 -5.437422551030e+001
  2.447586041176e+002 -2.613431831067e+001 -5.434724075986e+001
  2.447016224034e+002 -2.607553350265e+001 -5.431261273608e+001
  2.446313069175e+002 -2.610533799732e+001 -5.427123974830e+001
  2.445117998393e+002 -2.611300578839e+001 -5.423020633950e+001
  2.443499991439e+002 -2.614009352754e+001 -5.421552812511e+001
  2.442514017435e+002 -2.613574961959e+001 -5.415277226734e+001
  2.441643476534e+002 -2.626460532273e+001 -5.408084712309e+001
  2.441440387726e+002 -2.619546567433e+001 -5.403655487446e+001
  2.441072785393e+002 -2.613231556635e+001 -5.399920717282e+001
  2.440871328591e+002 -2.606617494543e+001 -5.398892358197e+001
  2.440366492867e+002 -2.606875741028e+001 -5.397101482600e+001
  2.440854148670e+002 -2.587360819400e+001 -5.396423711329e+001
  2.440600746455e+002 -2.576853436507e+001 -5.395299894271e+001
  2.440500339492e+002 -2.565897363792e+001 -5.393285599828e+001
  2.440074587672e+002 -2.562772312660e+001 -5.392881662517e+001
  2.439719130460e+002 -2.555891935511e+001 -5.393106937324e+001
  2.439187929659e+002 -2.554184661867e+001 -5.393323008428e+001
  2.439119386414e+002 -2.541573394708e+001 -5.393392869627e+001
  2.438720584163e+002 -2.539176301079e+001 -5.390226539502e+001
  2.440237664994e+002 -2.491170642086e+001 -5.406450299526e+001
  2.439611503582e+002 -2.481145342623e+001 -5.406478229579e+001
  2.439098798713e+002 -2.475539928123e+001 -5.407323301673e+001
  2.439278116401e+002 -2.459937526933e+001 -5.413130326847e+001
  2.439300706119e+002 -2.454866745003e+001 -5.418575526694e+001
  2.439589809890e+002 -2.455186600942e+001 -5.425465702688e+001
  2.439209259197e+002 -2.448499934269e+001 -5.426969143875e+001
  2.438693862934e+002 -2.442861513806e+001 -5.427719768285e+001
  2.438409793681e+002 -2.438797147028e+001 -5.429139528885e+001
  2.438131386197e+002 -2.433135686956e+001 -5.430967503062e+001
  2.438775764887e+002 -2.360176659948e+001 -5.423699608682e+001
  2.434810552515e+002 -2.382148788189e+001 -5.407332496225e+001
  2.435501218478e+002 -2.375344784208e+001 -5.410440985111e+001
  2.429071817870e+002 -2.351307747008e+001 -5.427919466078e+001
  2.433133646679e+002 -2.348931962749e+001 -5.433349951911e+001
  2.434858302265e+002 -2.340072403978e+001 -5.436310802334e+001
  2.431657149545e+002 -2.336530588287e+001 -5.443117115713e+001
  2.431291538406e+002 -2.331458139397e+001 -5.442103738088e+001
  2.430706954275e+002 -2.327938115827e+001 -5.443195987758e+001
  2.430396938986e+002 -2.320575333916e+001 -5.445158337754e+001
  2.430541137412e+002 -2.312532788635e+001 -5.447629355077e+001
  2.432131035442e+002 -2.322686643972e+001 -5.437722420129e+001
  2.431627671986e+002 -2.314953342061e+001 -5.438123659363e+001
  2.431377341459e+002 -2.302743541893e+001 -5.441251010640e+001
