  0.000000000000e+000
  0.000000000000e+000
  0.000000000000e+000
  0.000000000000e+000
  0.000000000000e+000
  0.000000000000e+000
  0.000000000000e+000
  0.000000000000e+000
  0.000000000000e+000
  0.000000000000e+000
  0.000000000000e+000
  0.000000000000e+000
  0.000000000000e+000
  0.000000000000e+000
  0.000000000000e+000
  0.000000000000e+000
  0.000000000000e+000
  0.000000000000e+000
  0.000000000000e+000
  9.888999938965e+001
  9.880397231232e+001
  9.885641117575e+001
  9.892109866848e+001
  9.902178642588e+001
  9.891248582803e+001
  9.897692056538e+001
  9.890561657215e+001
  9.893239091974e+001
  9.902986673361e+001
  9.891569885871e+001
  9.897725454881e+001
  9.908685919082e+001
  9.902105037355e+001
  9.907765132416e+001
  9.898276818310e+001
  9.919387028289e+001
  9.903765719824e+001
  9.908851674699e+001
  9.906594051759e+001
  9.916018350092e+001
  9.921332128197e+001
  9.915578946996e+001
  9.908263274218e+001
  9.906835516828e+001
  9.913901943924e+001
  9.909536811514e+001
  9.902174645496e+001
  9.915738772423e+001
  9.910416482136e+001
  9.928657468298e+001
  9.932803852235e+001
  9.933397586293e+001
  9.948076338799e+001
  9.945583361761e+001
  9.941804671041e+001
  9.947952221990e+001
  9.946621916826e+001
  9.953600793571e+001
  9.955543545375e+001
  9.960002097147e+001
  9.958960928686e+001
  9.965238652488e+001
  9.968586822669e+001
  9.962870656904e+001
  9.954105790505e+001
  9.945970996589e+001
  9.935651922048e+001
  9.910531017936e+001
  9.896772168077e+001
  9.892506337437e+001
  9.879161697993e+001
  9.881047292168e+001
  9.902886791636e+001
  9.905381334666e+001
  9.895476499794e+001
  9.894212578857e+001
  9.903273706552e+001
  9.909822139979e+001
  9.922854604071e+001
  9.915784954085e+001
  9.904447531706e+001
  9.909513827686e+001
  9.920431923352e+001
  9.923936261793e+001
  9.931607395894e+001
  9.943360817703e+001
  9.939196539855e+001
  9.938807057625e+001
  9.927266392344e+001
  9.933695900572e+001
  9.942541976931e+001
  9.959682630307e+001
  9.981591916256e+001
  1.000085698393e+002
  9.997651742816e+001
  9.996663983516e+001
  9.984027276259e+001
  9.995230220019e+001
  9.987995086572e+001
  9.800273149050e+001
  9.780464741791e+001
  9.775767126765e+001
  9.772787401415e+001
  9.770076872881e+001
  9.760060689504e+001
  9.740258451135e+001
  9.736917121266e+001
  9.732522412399e+001
  9.737424541454e+001
  9.744413284280e+001
  9.734835782029e+001
  9.737869525483e+001
  9.734900746030e+001
  9.733146488342e+001
  9.733431533808e+001
  9.742224972227e+001
  9.735136498931e+001
  9.738739566382e+001
  9.736506940105e+001
  9.737509831621e+001
  9.738815565325e+001
  9.747264979135e+001
  9.749709140994e+001
  9.760856973203e+001
  9.758846992863e+001
  9.758411937097e+001
  9.760138977327e+001
  9.756872440720e+001
  9.762086830248e+001
  9.759987458128e+001
  9.758622971723e+001
  9.744033428777e+001
  9.739416788201e+001
  9.739862999451e+001
  9.741249594366e+001
  9.742799451032e+001
  9.747411286745e+001
  9.760508729496e+001
  9.756585414013e+001
  9.761221916713e+001
  9.767812301371e+001
  9.765310614724e+001
  9.755806710527e+001
  9.768377871873e+001
  9.768343871824e+001
  9.781960172751e+001
  9.768409685598e+001
  9.792734235063e+001
  9.788399616220e+001
  9.777620305516e+001
  9.776660451993e+001
  9.770041131394e+001
  9.770061494518e+001
  9.765325547937e+001
  9.752304225877e+001
  9.758815936783e+001
  9.755758464787e+001
  9.740025880771e+001
  9.748784476060e+001
  9.743957264580e+001
  9.718277006818e+001
  9.723261477221e+001
  9.755241727216e+001
  9.776128514639e+001
  9.785522218420e+001
  9.799688206370e+001
  9.813886316267e+001
  9.832723171512e+001
  9.835577942284e+001
  9.839025937885e+001
  9.871644275526e+001
  9.888043676369e+001
  9.882853250411e+001
  9.894535877354e+001
  9.910242886163e+001
  9.911633738968e+001
  9.940286751990e+001
  9.937670661576e+001
  9.918732508082e+001
  9.907296959371e+001
  9.920516333820e+001
  9.937048626060e+001
  9.932807983826e+001
  9.923274855707e+001
  9.936412604410e+001
  9.936953280811e+001
  9.931817291382e+001
  9.938877997113e+001
  9.946667468950e+001
  9.947230923847e+001
  9.960453522300e+001
  9.972939829017e+001
  9.972163087018e+001
  9.965160917890e+001
  9.944495049910e+001
  9.979992070082e+001
  9.991979522847e+001
  9.998336231058e+001
  1.000071179063e+002
  1.000950496875e+002
  1.000912201241e+002
  1.000560773553e+002
  1.001123427749e+002
  1.002217319002e+002
  1.003110158943e+002
  1.002459023794e+002
  1.000559234424e+002
  1.001284598252e+002
  1.001882521312e+002
  1.004588284790e+002
  1.006857647374e+002
  1.006566594980e+002
  1.006403774655e+002
  1.006704655514e+002
  1.007248550134e+002
  1.007104375913e+002
  1.007832716447e+002
  1.006000092604e+002
  1.007021512689e+002
  1.003785074995e+002
  1.000636595490e+002
  9.959360856034e+001
  9.949096316742e+001
  9.963590468662e+001
  9.945910906151e+001
  9.919655880725e+001
  9.918604113837e+001
  9.711885368207e+001
  9.692244381247e+001
  9.680789388391e+001
  9.676402081863e+001
  9.677011076608e+001
  9.686785876505e+001
  9.677448988230e+001
  9.680063144961e+001
  9.686352586010e+001
  9.684496641218e+001
  9.710043768960e+001
  9.698500227960e+001
  9.673383078205e+001
  9.648164252148e+001
  9.642680439488e+001
  9.644956742954e+001
  9.689256326827e+001
  9.699603166340e+001
  9.696705526307e+001
  9.719936685575e+001
  9.747761611484e+001
  9.780547485198e+001
  9.815618590657e+001
  9.832029152451e+001
  9.827160078484e+001
  9.813062595126e+001
  9.834323957788e+001
  9.884434138623e+001
  9.923302502986e+001
  9.959107775338e+001
  1.002098161927e+002
  1.002428338630e+002
  1.005179140028e+002
  1.005135446996e+002
  1.005579863471e+002
  1.006745186498e+002
  1.006049053483e+002
  1.006348746673e+002
  1.006321441451e+002
  1.006202318829e+002
  1.006518830508e+002
  1.006711149150e+002
  1.006944854515e+002
  1.006117235105e+002
  1.005791944731e+002
  1.001930169750e+002
  1.003048718870e+002
  1.002327683692e+002
  1.002865644740e+002
  1.003752652213e+002
  1.001574739114e+002
  1.000684511791e+002
  1.000937487522e+002
  1.001492847909e+002
  1.001383258589e+002
  1.000422623319e+002
  1.001318524631e+002
  9.999186789988e+001
  9.993571674333e+001
  9.968751457898e+001
  9.974222452718e+001
  9.974126412790e+001
  9.977447573530e+001
  9.965746263271e+001
  9.973165603619e+001
  9.980076322161e+001
  9.966525695020e+001
  9.961924359748e+001
  9.954155937550e+001
  9.940027161198e+001
  9.945544591107e+001
  9.957348323646e+001
  9.969026419409e+001
  9.976521198682e+001
  9.943037397882e+001
  9.921425165670e+001
  9.913248144949e+001
  9.899978724602e+001
  9.885969115195e+001
  9.877476838974e+001
  9.867302511978e+001
  9.867948846003e+001
  9.874118432190e+001
  9.869290318624e+001
  9.866304413645e+001
  9.874904158253e+001
  9.881775799050e+001
  9.889358237663e+001
  9.899787656375e+001
  9.907608281602e+001
  9.919205073356e+001
  9.910350389457e+001
  9.915153661660e+001
  9.920602424402e+001
  9.922435748840e+001
  9.933961892285e+001
  9.925098833619e+001
  9.915212702345e+001
  9.924996196028e+001
  9.946806624598e+001
  9.942236634838e+001
  9.952265845522e+001
  9.931007398683e+001
  9.932752325560e+001
  9.939849842114e+001
  9.916301230512e+001
  9.899240099003e+001
  9.961812599125e+001
  9.960867383336e+001
  9.971606691851e+001
  1.000653404721e+002
  1.001543659871e+002
  9.911836941011e+001
  9.950244885531e+001
  9.936207717685e+001
  9.968191414842e+001
  9.975258075421e+001
  9.983823525962e+001
  9.993290830303e+001
  1.001664437285e+002
  9.998417235151e+001
  9.986443173565e+001
  9.956288857617e+001
  9.936852943187e+001
  9.893226396193e+001
  9.851319023769e+001
  9.804626430930e+001
  9.777296524463e+001
  9.719088837239e+001
  9.677147537849e+001
  9.631739714047e+001
  9.567560906227e+001
  9.509968923104e+001
  9.450845186330e+001
  9.406675022019e+001
  9.350347228689e+001
  9.303078891460e+001
  9.280500433884e+001
  9.245051259157e+001
  9.435796249716e+001
  9.414843814677e+001
  9.390941531495e+001
  9.371112834185e+001
  9.365320247938e+001
  9.360112391365e+001
  9.364961250870e+001
  9.386616178591e+001
  9.417461066113e+001
  9.481397582228e+001
  9.530322050531e+001
  9.570793404012e+001
  9.564038240772e+001
  9.585035252021e+001
  9.575345183299e+001
  9.573509401935e+001
  9.562726346598e+001
  9.550627626495e+001
  9.537373362940e+001
  9.538756924843e+001
  9.432117156024e+001
  9.349980995799e+001
  9.481273303133e+001
  9.418478373681e+001
  9.396373742376e+001
  9.347531067074e+001
  9.326832894901e+001
  9.315325358445e+001
  9.305563652172e+001
  9.295799270580e+001
  9.305717205963e+001
  9.315534479290e+001
  9.356983311159e+001
  9.393918074317e+001
  9.430600405140e+001
  9.469546550454e+001
  9.520822932735e+001
  9.525481647350e+001
  9.562086252296e+001
  9.567010164027e+001
  9.593436802356e+001
  9.593451263244e+001
  9.618693092058e+001
  9.623004263153e+001
  9.629564863438e+001
  9.632101916495e+001
  9.631739298083e+001
  9.632460299908e+001
  9.614188837717e+001
  9.612289556979e+001
  9.586115667818e+001
  9.551463897940e+001
  9.500023110138e+001
  9.468689653603e+001
  9.442058872537e+001
  9.407651543817e+001
  9.391707945202e+001
  9.269279106922e+001
  9.261624574844e+001
  9.261852842845e+001
  9.268056762629e+001
  9.262629268767e+001
  9.249767619380e+001
  9.225402574663e+001
  9.214705668383e+001
  9.200387667197e+001
  9.179322623309e+001
  9.150859115649e+001
  9.102104556854e+001
  9.064424845171e+001
  9.045527639013e+001
  9.049905617890e+001
  9.065886870190e+001
  9.057176234006e+001
  9.061950672644e+001
  9.084058638007e+001
  9.107969558865e+001
  9.118180146053e+001
  9.125163924347e+001
  9.132457366497e+001
  9.116920206351e+001
  9.106065474113e+001
  9.123581334187e+001
  9.126990777875e+001
  9.125184531606e+001
  9.083101882546e+001
  9.077810142141e+001
  9.084279092271e+001
  9.039483262205e+001
  9.050645361638e+001
  9.070771459953e+001
  9.076659509150e+001
  8.933127239695e+001
  8.934927400489e+001
  8.945053950756e+001
  8.895997585272e+001
  8.853540088068e+001
  8.825780878731e+001
  8.795841905454e+001
  8.782465012770e+001
  8.794195491690e+001
  8.786127237649e+001
  8.785460643710e+001
  8.786728025432e+001
  8.794605837099e+001
  8.809567838191e+001
  8.828777474193e+001
  8.836073357899e+001
  8.845057883822e+001
  8.841293798421e+001
  8.840706457605e+001
  8.845933344172e+001
  8.856332446158e+001
  8.834324669555e+001
  8.812272401613e+001
  8.814112229948e+001
  8.797873760335e+001
  8.765031736721e+001
  8.728591483442e+001
  8.698273607596e+001
  8.645416944320e+001
  8.623009510296e+001
  8.624312979023e+001
  8.625830286695e+001
  8.654852219688e+001
  8.988808887136e+001
  9.029222578679e+001
  9.042691645523e+001
  8.985890521353e+001
  8.904987630000e+001
  8.834905712284e+001
  8.804137136866e+001
  8.775282142404e+001
  8.783816517963e+001
  8.782270568228e+001
  8.782314374786e+001
  8.765622292837e+001
  8.756578946990e+001
  8.785934284276e+001
  8.825733964192e+001
  8.851460355476e+001
  8.899295038642e+001
  8.938849859495e+001
  8.980291100950e+001
  8.992721081776e+001
  8.786354839842e+001
  8.782708809468e+001
  8.789392196164e+001
  8.779027103658e+001
  8.784823795786e+001
  8.761649739795e+001
  8.728743175661e+001
  8.737816313572e+001
  8.747782793972e+001
  8.775435823351e+001
  8.778748342189e+001
  8.788104153268e+001
  8.791360715361e+001
  8.788583857611e+001
  8.789989349521e+001
  8.786132600515e+001
  8.792296999992e+001
  8.787407887557e+001
  8.778714593173e+001
  8.770067186878e+001
  8.769657890048e+001
  8.768843179014e+001
  8.771699695686e+001
  8.767732253233e+001
  8.760418203490e+001
  8.767651833988e+001
  8.795681334054e+001
  8.810879341583e+001
  8.827158859216e+001
  8.845778514964e+001
  8.854201770611e+001
  8.849071135574e+001
  8.853578887866e+001
  8.859683027696e+001
  8.870757394983e+001
  8.886681063902e+001
  8.882359774785e+001
  8.914853274337e+001
  8.945318931455e+001
  8.991194129256e+001
  9.057471912376e+001
  9.107319651353e+001
  9.149096229409e+001
  9.172332333751e+001
  9.197093550659e+001
  9.209881792797e+001
  9.229268789848e+001
  9.262657749969e+001
  9.308053926010e+001
  9.366705988135e+001
  9.413813226075e+001
  9.442303653268e+001
  9.554044735092e+001
  9.581277843196e+001
  9.603308261119e+001
  9.643742089033e+001
  9.686821967077e+001
  9.697072837899e+001
  9.712864140948e+001
  9.742321014840e+001
  9.771253916479e+001
  9.791092377075e+001
  9.815997203384e+001
  9.837547706105e+001
  9.881918384643e+001
  9.891157578108e+001
  9.891308994747e+001
  9.897223900687e+001
  9.940129528568e+001
  9.983006590404e+001
  1.004856988496e+002
  1.006614051507e+002
  1.005029148738e+002
  1.004664380920e+002
  1.005487529974e+002
  9.975500104599e+001
  9.967865082442e+001
  1.003040448503e+002
  9.830556822958e+001
  1.001236408342e+002
  1.010292742481e+002
  1.001042489471e+002
  1.000893380345e+002
  1.001287516562e+002
  1.001579669511e+002
  1.006707749637e+002
  1.032491675324e+002
  1.032054867159e+002
  1.033948596979e+002
