  0.000000000000e+000  0.000000000000e+000  0.000000000000e+000
  0.000000000000e+000  0.000000000000e+000  0.000000000000e+000
  0.000000000000e+000  0.000000000000e+000  0.000000000000e+000
  0.000000000000e+000  0.000000000000e+000  0.000000000000e+000
  0.000000000000e+000  0.000000000000e+000  0.000000000000e+000
  0.000000000000e+000  0.000000000000e+000  0.000000000000e+000
  0.000000000000e+000  0.000000000000e+000  0.000000000000e+000
  0.000000000000e+000  0.000000000000e+000  0.000000000000e+000
  0.000000000000e+000  0.000000000000e+000  0.000000000000e+000
  0.000000000000e+000  0.000000000000e+000  0.000000000000e+000
  0.000000000000e+000  0.000000000000e+000  0.000000000000e+000
  0.000000000000e+000  0.000000000000e+000  0.000000000000e+000
  0.000000000000e+000  0.000000000000e+000  0.000000000000e+000
  0.000000000000e+000  0.000000000000e+000  0.000000000000e+000
  0.000000000000e+000  0.000000000000e+000  0.000000000000e+000
  0.000000000000e+000  0.000000000000e+000  0.000000000000e+000
  0.000000000000e+000  0.000000000000e+000  0.000000000000e+000
  0.000000000000e+000  0.000000000000e+000  0.000000000000e+000
  0.000000000000e+000  0.000000000000e+000  0.000000000000e+000
  0.000000000000e+000  0.000000000000e+000  0.000000000000e+000
  0.000000000000e+000  0.000000000000e+000  0.000000000000e+000
  0.000000000000e+000  0.000000000000e+000  0.000000000000e+000
  0.000000000000e+000  0.000000000000e+000  0.000000000000e+000
  0.000000000000e+000  0.000000000000e+000  0.000000000000e+000
  0.000000000000e+000  0.000000000000e+000  0.000000000000e+000
  0.000000000000e+000  0.000000000000e+000  0.000000000000e+000
  0.000000000000e+000  0.000000000000e+000  0.000000000000e+000
  0.000000000000e+000  0.000000000000e+000  0.000000000000e+000
  0.000000000000e+000  0.000000000000e+000  0.000000000000e+000
  0.000000000000e+000  0.000000000000e+000  0.000000000000e+000
  0.000000000000e+000  0.000000000000e+000  0.000000000000e+000
  0.000000000000e+000  0.000000000000e+000  0.000000000000e+000
  0.000000000000e+000  0.000000000000e+000  0.000000000000e+000
  0.000000000000e+000  0.000000000000e+000  0.000000000000e+000
  0.000000000000e+000  0.000000000000e+000  0.000000000000e+000
  0.000000000000e+000  0.000000000000e+000  0.000000000000e+000
  0.000000000000e+000  0.000000000000e+000  0.000000000000e+000
  0.000000000000e+000  0.000000000000e+000  0.000000000000e+000
  0.000000000000e+000  0.000000000000e+000  0.000000000000e+000
  0.000000000000e+000  0.000000000000e+000  0.000000000000e+000
  0.000000000000e+000  0.000000000000e+000  0.000000000000e+000
  0.000000000000e+000  0.000000000000e+000  0.000000000000e+000
  0.000000000000e+000  0.000000000000e+000  0.000000000000e+000
  0.000000000000e+000  0.000000000000e+000  0.000000000000e+000
  0.000000000000e+000  0.000000000000e+000  0.000000000000e+000
  0.000000000000e+000  0.000000000000e+000  0.000000000000e+000
  0.000000000000e+000  0.000000000000e+000  0.000000000000e+000
  0.000000000000e+000  0.000000000000e+000  0.000000000000e+000
  0.000000000000e+000  0.000000000000e+000  0.000000000000e+000
  0.000000000000e+000  0.000000000000e+000  0.000000000000e+000
  0.000000000000e+000  0.000000000000e+000  0.000000000000e+000
  0.000000000000e+000  0.000000000000e+000  0.000000000000e+000
  0.000000000000e+000  0.000000000000e+000  0.000000000000e+000
  0.000000000000e+000  0.000000000000e+000  0.000000000000e+000
  0.000000000000e+000  0.000000000000e+000  0.000000000000e+000
  0.000000000000e+000  0.000000000000e+000  0.000000000000e+000
  0.000000000000e+000  0.000000000000e+000  0.000000000000e+000
  0.000000000000e+000  0.000000000000e+000  0.000000000000e+000
  0.000000000000e+000  0.000000000000e+000  0.000000000000e+000
  0.000000000000e+000  0.000000000000e+000  0.000000000000e+000
  0.000000000000e+000  0.000000000000e+000  0.000000000000e+000
  0.000000000000e+000  0.000000000000e+000  0.000000000000e+000
  0.000000000000e+000  0.000000000000e+000  0.000000000000e+000
  0.000000000000e+000  0.000000000000e+000  0.000000000000e+000
  0.000000000000e+000  0.000000000000e+000  0.000000000000e+000
  0.000000000000e+000  0.000000000000e+000  0.000000000000e+000
  0.000000000000e+000  0.000000000000e+000  0.000000000000e+000
  0.000000000000e+000  0.000000000000e+000  0.000000000000e+000
  0.000000000000e+000  0.000000000000e+000  0.000000000000e+000
  0.000000000000e+000  0.000000000000e+000  0.000000000000e+000
  0.000000000000e+000  0.000000000000e+000  0.000000000000e+000
  0.000000000000e+000  0.000000000000e+000  0.000000000000e+000
  0.000000000000e+000  0.000000000000e+000  0.000000000000e+000
  0.000000000000e+000  0.000000000000e+000  0.000000000000e+000
  0.000000000000e+000  0.000000000000e+000  0.000000000000e+000
  0.000000000000e+000  0.000000000000e+000  0.000000000000e+000
  0.000000000000e+000  0.000000000000e+000  0.000000000000e+000
  0.000000000000e+000  0.000000000000e+000  0.000000000000e+000
  0.000000000000e+000  0.000000000000e+000  0.000000000000e+000
  0.000000000000e+000  0.000000000000e+000  0.000000000000e+000
  0.000000000000e+000  0.000000000000e+000  0.000000000000e+000
  0.000000000000e+000  0.000000000000e+000  0.000000000000e+000
  0.000000000000e+000  0.000000000000e+000  0.000000000000e+000
  0.000000000000e+000  0.000000000000e+000  0.000000000000e+000
  0.000000000000e+000  0.000000000000e+000  0.000000000000e+000
  0.000000000000e+000  0.000000000000e+000  0.000000000000e+000
  0.000000000000e+000  0.000000000000e+000  0.000000000000e+000
  0.000000000000e+000  0.000000000000e+000  0.000000000000e+000
  0.000000000000e+000  0.000000000000e+000  0.000000000000e+000
  0.000000000000e+000  0.000000000000e+000  0.000000000000e+000
  0.000000000000e+000  0.000000000000e+000  0.000000000000e+000
  0.000000000000e+000  0.000000000000e+000  0.000000000000e+000
  0.000000000000e+000  0.000000000000e+000  0.000000000000e+000
  0.000000000000e+000  0.000000000000e+000  0.000000000000e+000
  0.000000000000e+000  0.000000000000e+000  0.000000000000e+000
  0.000000000000e+000  0.000000000000e+000  0.000000000000e+000
  0.000000000000e+000  0.000000000000e+000  0.000000000000e+000
  0.000000000000e+000  0.000000000000e+000  0.000000000000e+000
  0.000000000000e+000  0.000000000000e+000  0.000000000000e+000
  0.000000000000e+000  0.000000000000e+000  0.000000000000e+000
  0.000000000000e+000  0.000000000000e+000  0.000000000000e+000
  0.000000000000e+000  0.000000000000e+000  0.000000000000e+000
  0.000000000000e+000  0.000000000000e+000  0.000000000000e+000
  0.000000000000e+000  0.000000000000e+000  0.000000000000e+000
  0.000000000000e+000  0.000000000000e+000  0.000000000000e+000
  0.000000000000e+000  0.000000000000e+000  0.000000000000e+000
  0.000000000000e+000  0.000000000000e+000  0.000000000000e+000
  0.000000000000e+000  0.000000000000e+000  0.000000000000e+000
  0.000000000000e+000  0.000000000000e+000  0.000000000000e+000
  0.000000000000e+000  0.000000000000e+000  0.000000000000e+000
  0.000000000000e+000  0.000000000000e+000  0.000000000000e+000
  0.000000000000e+000  0.000000000000e+000  0.000000000000e+000
  0.000000000000e+000  0.000000000000e+000  0.000000000000e+000
  0.000000000000e+000  0.000000000000e+000  0.000000000000e+000
  0.000000000000e+000  0.000000000000e+000  0.000000000000e+000
  0.000000000000e+000  0.000000000000e+000  0.000000000000e+000
  0.000000000000e+000  0.000000000000e+000  0.000000000000e+000
  0.000000000000e+000  0.000000000000e+000  0.000000000000e+000
  0.000000000000e+000  0.000000000000e+000  0.000000000000e+000
  0.000000000000e+000  0.000000000000e+000  0.000000000000e+000
  0.000000000000e+000  0.000000000000e+000  0.000000000000e+000
  0.000000000000e+000  0.000000000000e+000  0.000000000000e+000
  0.000000000000e+000  0.000000000000e+000  0.000000000000e+000
  0.000000000000e+000  0.000000000000e+000  0.000000000000e+000
  0.000000000000e+000  0.000000000000e+000  0.000000000000e+000
  0.000000000000e+000  0.000000000000e+000  0.000000000000e+000
  0.000000000000e+000  0.000000000000e+000  0.000000000000e+000
  0.000000000000e+000  0.000000000000e+000  0.000000000000e+000
  0.000000000000e+000  0.000000000000e+000  0.000000000000e+000
  0.000000000000e+000  0.000000000000e+000  0.000000000000e+000
  0.000000000000e+000  0.000000000000e+000  0.000000000000e+000
  0.000000000000e+000  0.000000000000e+000  0.000000000000e+000
  0.000000000000e+000  0.000000000000e+000  0.000000000000e+000
  0.000000000000e+000  0.000000000000e+000  0.000000000000e+000
  0.000000000000e+000  0.000000000000e+000  0.000000000000e+000
  0.000000000000e+000  0.000000000000e+000  0.000000000000e+000
  0.000000000000e+000  0.000000000000e+000  0.000000000000e+000
  0.000000000000e+000  0.000000000000e+000  0.000000000000e+000
  0.000000000000e+000  0.000000000000e+000  0.000000000000e+000
  0.000000000000e+000  0.000000000000e+000  0.000000000000e+000
  0.000000000000e+000  0.000000000000e+000  0.000000000000e+000
  0.000000000000e+000  0.000000000000e+000  0.000000000000e+000
  0.000000000000e+000  0.000000000000e+000  0.000000000000e+000
  0.000000000000e+000  0.000000000000e+000  0.000000000000e+000
  0.000000000000e+000  0.000000000000e+000  0.000000000000e+000
  0.000000000000e+000  0.000000000000e+000  0.000000000000e+000
  0.000000000000e+000  0.000000000000e+000  0.000000000000e+000
  0.000000000000e+000  0.000000000000e+000  0.000000000000e+000
  0.000000000000e+000  0.000000000000e+000  0.000000000000e+000
  0.000000000000e+000  0.000000000000e+000  0.000000000000e+000
  0.000000000000e+000  0.000000000000e+000  0.000000000000e+000
  0.000000000000e+000  0.000000000000e+000  0.000000000000e+000
  0.000000000000e+000  0.000000000000e+000  0.000000000000e+000
  0.000000000000e+000  0.000000000000e+000  0.000000000000e+000
  0.000000000000e+000  0.000000000000e+000  0.000000000000e+000
  0.000000000000e+000  0.000000000000e+000  0.000000000000e+000
  0.000000000000e+000  0.000000000000e+000  0.000000000000e+000
  0.000000000000e+000  0.000000000000e+000  0.000000000000e+000
  0.000000000000e+000  0.000000000000e+000  0.000000000000e+000
  0.000000000000e+000  0.000000000000e+000  0.000000000000e+000
  0.000000000000e+000  0.000000000000e+000  0.000000000000e+000
  0.000000000000e+000  0.000000000000e+000  0.000000000000e+000
  0.000000000000e+000  0.000000000000e+000  0.000000000000e+000
  0.000000000000e+000  0.000000000000e+000  0.000000000000e+000
  0.000000000000e+000  0.000000000000e+000  0.000000000000e+000
  0.000000000000e+000  0.000000000000e+000  0.000000000000e+000
  0.000000000000e+000  0.000000000000e+000  0.000000000000e+000
  0.000000000000e+000  0.000000000000e+000  0.000000000000e+000
  0.000000000000e+000  0.000000000000e+000  0.000000000000e+000
  0.000000000000e+000  0.000000000000e+000  0.000000000000e+000
  0.000000000000e+000  0.000000000000e+000  0.000000000000e+000
  0.000000000000e+000  0.000000000000e+000  0.000000000000e+000
  0.000000000000e+000  0.000000000000e+000  0.000000000000e+000
  0.000000000000e+000  0.000000000000e+000  0.000000000000e+000
  0.000000000000e+000  0.000000000000e+000  0.000000000000e+000
  0.000000000000e+000  0.000000000000e+000  0.000000000000e+000
  0.000000000000e+000  0.000000000000e+000  0.000000000000e+000
  0.000000000000e+000  0.000000000000e+000  0.000000000000e+000
  0.000000000000e+000  0.000000000000e+000  0.000000000000e+000
  0.000000000000e+000  0.000000000000e+000  0.000000000000e+000
  0.000000000000e+000  0.000000000000e+000  0.000000000000e+000
  0.000000000000e+000  0.000000000000e+000  0.000000000000e+000
  0.000000000000e+000  0.000000000000e+000  0.000000000000e+000
  0.000000000000e+000  0.000000000000e+000  0.000000000000e+000
  0.000000000000e+000  0.000000000000e+000  0.000000000000e+000
  0.000000000000e+000  0.000000000000e+000  0.000000000000e+000
  0.000000000000e+000  0.000000000000e+000  0.000000000000e+000
  0.000000000000e+000  0.000000000000e+000  0.000000000000e+000
  0.000000000000e+000  0.000000000000e+000  0.000000000000e+000
  0.000000000000e+000  0.000000000000e+000  0.000000000000e+000
  0.000000000000e+000  0.000000000000e+000  0.000000000000e+000
  0.000000000000e+000  0.000000000000e+000  0.000000000000e+000
  0.000000000000e+000  0.000000000000e+000  0.000000000000e+000
  0.000000000000e+000  0.000000000000e+000  0.000000000000e+000
  0.000000000000e+000  0.000000000000e+000  0.000000000000e+000
  0.000000000000e+000  0.000000000000e+000  0.000000000000e+000
  0.000000000000e+000  0.000000000000e+000  0.000000000000e+000
  0.000000000000e+000  0.000000000000e+000  0.000000000000e+000
  0.000000000000e+000  0.000000000000e+000  0.000000000000e+000
  0.000000000000e+000  0.000000000000e+000  0.000000000000e+000
  0.000000000000e+000  0.000000000000e+000  0.000000000000e+000
  0.000000000000e+000  0.000000000000e+000  0.000000000000e+000
  0.000000000000e+000  0.000000000000e+000  0.000000000000e+000
  0.000000000000e+000  0.000000000000e+000  0.000000000000e+000
  0.000000000000e+000  0.000000000000e+000  0.000000000000e+000
  0.000000000000e+000  0.000000000000e+000  0.000000000000e+000
  0.000000000000e+000  0.000000000000e+000  0.000000000000e+000
  0.000000000000e+000  0.000000000000e+000  0.000000000000e+000
  0.000000000000e+000  0.000000000000e+000  0.000000000000e+000
  0.000000000000e+000  0.000000000000e+000  0.000000000000e+000
  0.000000000000e+000  0.000000000000e+000  0.000000000000e+000
  0.000000000000e+000  0.000000000000e+000  0.000000000000e+000
  0.000000000000e+000  0.000000000000e+000  0.000000000000e+000
  0.000000000000e+000  0.000000000000e+000  0.000000000000e+000
  0.000000000000e+000  0.000000000000e+000  0.000000000000e+000
  0.000000000000e+000  0.000000000000e+000  0.000000000000e+000
  0.000000000000e+000  0.000000000000e+000  0.000000000000e+000
  0.000000000000e+000  0.000000000000e+000  0.000000000000e+000
  0.000000000000e+000  0.000000000000e+000  0.000000000000e+000
  0.000000000000e+000  0.000000000000e+000  0.000000000000e+000
  0.000000000000e+000  0.000000000000e+000  0.000000000000e+000
  0.000000000000e+000  0.000000000000e+000  0.000000000000e+000
  0.000000000000e+000  0.000000000000e+000  0.000000000000e+000
  0.000000000000e+000  0.000000000000e+000  0.000000000000e+000
  0.000000000000e+000  0.000000000000e+000  0.000000000000e+000
  0.000000000000e+000  0.000000000000e+000  0.000000000000e+000
  0.000000000000e+000  0.000000000000e+000  0.000000000000e+000
  0.000000000000e+000  0.000000000000e+000  0.000000000000e+000
  0.000000000000e+000  0.000000000000e+000  0.000000000000e+000
  0.000000000000e+000  0.000000000000e+000  0.000000000000e+000
  0.000000000000e+000  0.000000000000e+000  0.000000000000e+000
  0.000000000000e+000  0.000000000000e+000  0.000000000000e+000
  0.000000000000e+000  0.000000000000e+000  0.000000000000e+000
  0.000000000000e+000  0.000000000000e+000  0.000000000000e+000
  0.000000000000e+000  0.000000000000e+000  0.000000000000e+000
  0.000000000000e+000  0.000000000000e+000  0.000000000000e+000
  0.000000000000e+000  0.000000000000e+000  0.000000000000e+000
  0.000000000000e+000  0.000000000000e+000  0.000000000000e+000
  0.000000000000e+000  0.000000000000e+000  0.000000000000e+000
  0.000000000000e+000  0.000000000000e+000  0.000000000000e+000
  0.000000000000e+000  0.000000000000e+000  0.000000000000e+000
  0.000000000000e+000  0.000000000000e+000  0.000000000000e+000
  0.000000000000e+000  0.000000000000e+000  0.000000000000e+000
  0.000000000000e+000  0.000000000000e+000  0.000000000000e+000
  0.000000000000e+000  0.000000000000e+000  0.000000000000e+000
  0.000000000000e+000  0.000000000000e+000  0.000000000000e+000
  0.000000000000e+000  0.000000000000e+000  0.000000000000e+000
  0.000000000000e+000  0.000000000000e+000  0.000000000000e+000
  0.000000000000e+000  0.000000000000e+000  0.000000000000e+000
  0.000000000000e+000  0.000000000000e+000  0.000000000000e+000
  0.000000000000e+000  0.000000000000e+000  0.000000000000e+000
  0.000000000000e+000  0.000000000000e+000  0.000000000000e+000
  0.000000000000e+000  0.000000000000e+000  0.000000000000e+000
  0.000000000000e+000  0.000000000000e+000  0.000000000000e+000
  0.000000000000e+000  0.000000000000e+000  0.000000000000e+000
  0.000000000000e+000  0.000000000000e+000  0.000000000000e+000
  0.000000000000e+000  0.000000000000e+000  0.000000000000e+000
  2.545846497701e+002 -4.592587572091e+001 -5.363428679167e+001
  2.540017868879e+002 -4.620479662378e+001 -5.352075109099e+001
  2.537190378725e+002 -4.627312972536e+001 -5.340225274449e+001
  2.536403168660e+002 -4.621393065355e+001 -5.335132103008e+001
  2.535611972285e+002 -4.616941425176e+001 -5.327672603095e+001
  2.535396829361e+002 -4.608835848426e+001 -5.329504510359e+001
  2.535065406663e+002 -4.601610256573e+001 -5.330127537416e+001
  2.534744055536e+002 -4.595354253032e+001 -5.330336069821e+001
  2.534623085107e+002 -4.587082741817e+001 -5.329249678199e+001
  2.534167923080e+002 -4.579317945870e+001 -5.329563008774e+001
  2.533976619766e+002 -4.572163511006e+001 -5.329467296180e+001
  2.533728786578e+002 -4.564232786369e+001 -5.328261960136e+001
  2.532793112515e+002 -4.561481417194e+001 -5.327095102936e+001
  2.531965043864e+002 -4.557183408036e+001 -5.326680025001e+001
  2.531881301543e+002 -4.548570187611e+001 -5.325778155620e+001
  2.531105639400e+002 -4.544966153063e+001 -5.329266118504e+001
  2.530926230580e+002 -4.539411776453e+001 -5.328956447287e+001
  2.530266136478e+002 -4.526113396061e+001 -5.332969342680e+001
  2.529607693053e+002 -4.513288375589e+001 -5.337330011915e+001
  2.528985232773e+002 -4.506586700368e+001 -5.342233864474e+001
  2.528464082839e+002 -4.497245870043e+001 -5.342973061775e+001
  2.528112267976e+002 -4.491111061119e+001 -5.345729880964e+001
  2.527679022997e+002 -4.482502342415e+001 -5.349680921123e+001
  2.527428595882e+002 -4.473876016738e+001 -5.349689057878e+001
  2.526860577597e+002 -4.461887306364e+001 -5.351591512054e+001
  2.526937474993e+002 -4.457616081255e+001 -5.351325798433e+001
  2.526643418085e+002 -4.452559047121e+001 -5.353049984426e+001
  2.526602971912e+002 -4.444575921404e+001 -5.356027483370e+001
  2.526660812582e+002 -4.438810141818e+001 -5.360119875939e+001
  2.526316170028e+002 -4.429401333688e+001 -5.362104579646e+001
  2.526327356068e+002 -4.427810724309e+001 -5.363688539950e+001
  2.526234239958e+002 -4.422231084733e+001 -5.364872959954e+001
  2.526042423580e+002 -4.412988289833e+001 -5.369153966724e+001
  2.525823457898e+002 -4.404899431293e+001 -5.371942260252e+001
  2.525722685985e+002 -4.398408412155e+001 -5.373888452279e+001
  2.525495433133e+002 -4.392688271702e+001 -5.375094024206e+001
  2.525259180747e+002 -4.383973742858e+001 -5.377014271460e+001
  2.525028850414e+002 -4.373798060780e+001 -5.381474293405e+001
  2.524776636834e+002 -4.365156912895e+001 -5.382756301285e+001
  2.524393849213e+002 -4.356199334821e+001 -5.383179708630e+001
  2.524319320090e+002 -4.347780531733e+001 -5.382079947901e+001
  2.524093997876e+002 -4.341978491903e+001 -5.381903548832e+001
  2.523748143394e+002 -4.333683119736e+001 -5.382997646357e+001
  2.523396296234e+002 -4.325032173164e+001 -5.382928893141e+001
  2.523106622154e+002 -4.318632771610e+001 -5.384846884755e+001
  2.522816881588e+002 -4.312762722982e+001 -5.383981568460e+001
  2.522093796977e+002 -4.300644069284e+001 -5.385047328285e+001
  2.521825033677e+002 -4.298471200469e+001 -5.383362069695e+001
  2.520941482795e+002 -4.284346747241e+001 -5.385978707363e+001
  2.520614096743e+002 -4.279401701642e+001 -5.386928438983e+001
  2.520350373224e+002 -4.273675125536e+001 -5.385928877871e+001
  2.519852771657e+002 -4.265296474666e+001 -5.386210557365e+001
  2.518999806439e+002 -4.254894082556e+001 -5.384640918735e+001
  2.518511417854e+002 -4.247717367747e+001 -5.383498755051e+001
  2.518191506960e+002 -4.240413182394e+001 -5.382451580020e+001
  2.517838679439e+002 -4.234320163348e+001 -5.383095075075e+001
  2.517670194852e+002 -4.224695111781e+001 -5.381722111033e+001
  2.517647167728e+002 -4.218296429741e+001 -5.380361659570e+001
  2.517417201230e+002 -4.209414131739e+001 -5.377606314595e+001
  2.517361408227e+002 -4.202803755860e+001 -5.374455505853e+001
  2.517246453722e+002 -4.194318081690e+001 -5.373544229509e+001
  2.517099616391e+002 -4.184949513646e+001 -5.374182507126e+001
  2.518242201833e+002 -4.199084543635e+001 -5.370182576880e+001
  2.518371719726e+002 -4.193410726368e+001 -5.367693276130e+001
  2.518476002153e+002 -4.186548792874e+001 -5.364892721988e+001
  2.518694656888e+002 -4.176120767921e+001 -5.361538027687e+001
  2.518807533900e+002 -4.167509091006e+001 -5.360019601739e+001
  2.518932178642e+002 -4.159367039519e+001 -5.358534284068e+001
  2.519194098322e+002 -4.147020861361e+001 -5.353066594811e+001
  2.519407105565e+002 -4.137758105898e+001 -5.350021006493e+001
  2.519549929459e+002 -4.128128279806e+001 -5.347566985835e+001
  2.520193000589e+002 -4.115618763260e+001 -5.341595006129e+001
  2.520259924511e+002 -4.101965591939e+001 -5.337378799478e+001
  2.519804384101e+002 -4.092236025582e+001 -5.337279151591e+001
  2.520290399762e+002 -4.083000926494e+001 -5.332681610267e+001
  2.520594949939e+002 -4.071949008191e+001 -5.329263635747e+001
  2.521193330347e+002 -4.057873103619e+001 -5.324952283483e+001
  2.521547882825e+002 -4.043294496112e+001 -5.323438235826e+001
  2.521739449235e+002 -4.025698740632e+001 -5.325933456932e+001
  2.522035595514e+002 -4.014972197270e+001 -5.323829405904e+001
  2.521937304010e+002 -4.007222886671e+001 -5.323040252820e+001
  2.521763793026e+002 -3.999692625265e+001 -5.322015081301e+001
  2.521224017038e+002 -3.997385149363e+001 -5.324152379895e+001
  2.520709674120e+002 -3.994406369220e+001 -5.325634777801e+001
  2.520103985796e+002 -3.991011409446e+001 -5.324741826557e+001
  2.519467129456e+002 -3.987993224272e+001 -5.328899439673e+001
  2.519198008269e+002 -3.986588160882e+001 -5.331595080821e+001
  2.518665649480e+002 -3.982186025692e+001 -5.333403119329e+001
  2.518038934246e+002 -3.974824985751e+001 -5.334865268740e+001
  2.517531641703e+002 -3.968083004743e+001 -5.339481879520e+001
  2.517135340483e+002 -3.959699685712e+001 -5.342674952736e+001
  2.516663007102e+002 -3.951082206750e+001 -5.343062136720e+001
  2.515937217318e+002 -3.947657500975e+001 -5.348886762398e+001
  2.515373353192e+002 -3.941302976988e+001 -5.353082581394e+001
  2.514839742167e+002 -3.932953474975e+001 -5.356592576379e+001
  2.514341748969e+002 -3.924762512298e+001 -5.359292752218e+001
  2.513606574656e+002 -3.918057013977e+001 -5.360133590846e+001
  2.512995590326e+002 -3.909033860072e+001 -5.360870634569e+001
  2.513099377266e+002 -3.910482341680e+001 -5.361577361811e+001
  2.512579970843e+002 -3.903557863640e+001 -5.362596017096e+001
  2.511615853935e+002 -3.887999988354e+001 -5.367911664605e+001
  2.510880425753e+002 -3.874911614702e+001 -5.371809412014e+001
  2.509825910287e+002 -3.856660508635e+001 -5.377620547381e+001
  2.509421275950e+002 -3.845902189379e+001 -5.379151763717e+001
  2.509131633950e+002 -3.838046817152e+001 -5.380430854535e+001
  2.508243563716e+002 -3.826400084919e+001 -5.380661487848e+001
  2.507562702279e+002 -3.816004099628e+001 -5.381944868880e+001
  2.506918311364e+002 -3.808189066324e+001 -5.380724075040e+001
  2.506473124820e+002 -3.798197177223e+001 -5.381674949621e+001
  2.505367062483e+002 -3.786098949807e+001 -5.384152629988e+001
  2.504945432144e+002 -3.772835336193e+001 -5.384525387394e+001
  2.504289355760e+002 -3.765050264232e+001 -5.384922069901e+001
  2.503971902903e+002 -3.756440447856e+001 -5.384792417717e+001
  2.503642346607e+002 -3.750810994488e+001 -5.385084739826e+001
  2.503048055993e+002 -3.737192636223e+001 -5.386418995311e+001
  2.502923200266e+002 -3.737949358497e+001 -5.388934382692e+001
  2.502396887146e+002 -3.724384960907e+001 -5.385608782776e+001
  2.501996152777e+002 -3.714729217889e+001 -5.381961186977e+001
  2.501359243826e+002 -3.699378112745e+001 -5.382696260619e+001
  2.501077588348e+002 -3.690403549140e+001 -5.378982235123e+001
  2.499652133447e+002 -3.657782146417e+001 -5.381560735535e+001
  2.499354074471e+002 -3.642466426323e+001 -5.381066195210e+001
  2.499297899501e+002 -3.630858653938e+001 -5.380463925075e+001
  2.499022839720e+002 -3.617378625051e+001 -5.381180530753e+001
  2.498735765485e+002 -3.605380153611e+001 -5.382013966937e+001
  2.498685300921e+002 -3.594475499623e+001 -5.382853588734e+001
  2.498094328426e+002 -3.567255546993e+001 -5.377439432818e+001
  2.498193268448e+002 -3.564331759670e+001 -5.376480291667e+001
  2.498133118689e+002 -3.560182189726e+001 -5.377374518598e+001
  2.498078513764e+002 -3.544528174419e+001 -5.374954320455e+001
  2.497990296115e+002 -3.533810848029e+001 -5.373404565942e+001
  2.498604536690e+002 -3.535210297278e+001 -5.369689109835e+001
  2.498297624675e+002 -3.532502196536e+001 -5.370121442839e+001
  2.497757852591e+002 -3.525759537682e+001 -5.371841266930e+001
  2.497088766942e+002 -3.513700031138e+001 -5.372167643297e+001
  2.497180932313e+002 -3.513439822177e+001 -5.371469377027e+001
  2.496949137878e+002 -3.507405840541e+001 -5.372665408564e+001
  2.496636047013e+002 -3.501295850518e+001 -5.373286269747e+001
  2.496308263174e+002 -3.494478911410e+001 -5.372473423579e+001
  2.496098011283e+002 -3.490828656217e+001 -5.371128555501e+001
  2.495963683617e+002 -3.484835733108e+001 -5.370932453187e+001
  2.495602682105e+002 -3.479083928066e+001 -5.370663131640e+001
  2.494959489556e+002 -3.468009912001e+001 -5.379938698663e+001
  2.494026500933e+002 -3.459581566464e+001 -5.382237586327e+001
  2.493166472481e+002 -3.452442077974e+001 -5.385696973749e+001
  2.492923894011e+002 -3.445592199542e+001 -5.383240032416e+001
  2.492181993694e+002 -3.435163551573e+001 -5.387033218189e+001
  2.491382307846e+002 -3.423498047217e+001 -5.389256545261e+001
  2.490651283129e+002 -3.412041039582e+001 -5.389903753584e+001
  2.489640100387e+002 -3.401661118518e+001 -5.390971185171e+001
  2.489077595736e+002 -3.391061953546e+001 -5.390744747330e+001
  2.488567919893e+002 -3.380939975058e+001 -5.390727463577e+001
  2.487749478970e+002 -3.361338990639e+001 -5.391300477729e+001
  2.486302738042e+002 -3.335038331378e+001 -5.392615609281e+001
  2.485920438888e+002 -3.329464319860e+001 -5.392343056808e+001
  2.484565495614e+002 -3.311738779474e+001 -5.398436013513e+001
  2.483804668347e+002 -3.301858162402e+001 -5.396729135525e+001
  2.483039083717e+002 -3.293494164271e+001 -5.398262790701e+001
  2.482469763227e+002 -3.283760930872e+001 -5.398293461069e+001
  2.481845322478e+002 -3.275437198183e+001 -5.395715962159e+001
  2.481370129906e+002 -3.266019641836e+001 -5.395410576448e+001
  2.480370046966e+002 -3.253297871320e+001 -5.399250296303e+001
  2.479697270448e+002 -3.245104822819e+001 -5.400853438482e+001
  2.479221977465e+002 -3.235405469982e+001 -5.403672976214e+001
  2.478894811670e+002 -3.226735540101e+001 -5.403946491929e+001
  2.478946471738e+002 -3.219869551386e+001 -5.405319196313e+001
  2.478499612459e+002 -3.210345232954e+001 -5.403497086266e+001
  2.478052389906e+002 -3.200265172310e+001 -5.402823312955e+001
  2.477460374104e+002 -3.192435465633e+001 -5.403187659984e+001
  2.476766348570e+002 -3.182540880161e+001 -5.402668262190e+001
  2.475943702058e+002 -3.175677749070e+001 -5.404833907936e+001
  2.475121882312e+002 -3.169674450795e+001 -5.406529426180e+001
  2.474766309346e+002 -3.156911340636e+001 -5.405480138524e+001
  2.474597855960e+002 -3.147984811378e+001 -5.402135482810e+001
  2.474354984766e+002 -3.142797297776e+001 -5.401862882284e+001
  2.474123034711e+002 -3.137185830437e+001 -5.400364480086e+001
  2.473881890507e+002 -3.134013008812e+001 -5.401057295483e+001
  2.472980491834e+002 -3.114848270845e+001 -5.405877597326e+001
  2.472377248213e+002 -3.108389364473e+001 -5.406460920098e+001
  2.471759331273e+002 -3.103829762295e+001 -5.407841211019e+001
  2.471314824173e+002 -3.095666851123e+001 -5.409422642842e+001
  2.470620866402e+002 -3.087351573357e+001 -5.411032140825e+001
  2.469816678820e+002 -3.082661106490e+001 -5.411446548853e+001
  2.468996593742e+002 -3.076758620757e+001 -5.414907241710e+001
  2.468568565760e+002 -3.063694394826e+001 -5.412684012211e+001
  2.467774887662e+002 -3.057702771033e+001 -5.414207859194e+001
  2.467056985338e+002 -3.049398624774e+001 -5.415056429223e+001
  2.466152830064e+002 -3.039025219363e+001 -5.418829137282e+001
  2.465226549282e+002 -3.026344228720e+001 -5.421566333579e+001
  2.464088960147e+002 -3.009509421101e+001 -5.425646559258e+001
  2.463473125202e+002 -2.991362856152e+001 -5.419481225490e+001
  2.462881480042e+002 -2.977074389183e+001 -5.417855172777e+001
  2.462298914342e+002 -2.964169310589e+001 -5.415534666146e+001
  2.461968786358e+002 -2.955026594495e+001 -5.415813108754e+001
  2.461788593127e+002 -2.949688022682e+001 -5.415799819354e+001
  2.461424140152e+002 -2.946102962690e+001 -5.420623143021e+001
  2.461307280111e+002 -2.945972754758e+001 -5.421697668818e+001
  2.461206358701e+002 -2.933930618146e+001 -5.418960042266e+001
  2.461022706501e+002 -2.926199376199e+001 -5.416279290463e+001
  2.459673598419e+002 -2.911286875219e+001 -5.413920452695e+001
  2.459313067309e+002 -2.899730535976e+001 -5.413043534542e+001
  2.458828564028e+002 -2.886494064584e+001 -5.410599709743e+001
  2.458606739407e+002 -2.878891954154e+001 -5.408420319162e+001
  2.458022519698e+002 -2.871021464987e+001 -5.408463248897e+001
  2.457327996891e+002 -2.864702124685e+001 -5.411663093842e+001
  2.456238576948e+002 -2.835253569020e+001 -5.407586964188e+001
  2.455874876543e+002 -2.816984556896e+001 -5.406121766413e+001
  2.454947039536e+002 -2.808839418277e+001 -5.411808656743e+001
  2.454693075146e+002 -2.800064829807e+001 -5.411033540454e+001
  2.454366585798e+002 -2.794120219515e+001 -5.411383897797e+001
  2.452715143162e+002 -2.773137051232e+001 -5.422095694338e+001
  2.451454419450e+002 -2.756959584242e+001 -5.423533067677e+001
  2.450608957203e+002 -2.741160036328e+001 -5.424373642723e+001
  2.449769128130e+002 -2.724377911261e+001 -5.423484007564e+001
  2.449131119567e+002 -2.715044612848e+001 -5.421930383226e+001
  2.448658563425e+002 -2.708679224539e+001 -5.422336028260e+001
  2.448285140365e+002 -2.702613869346e+001 -5.423246083062e+001
  2.447900429853e+002 -2.696232718249e+001 -5.420314900228e+001
  2.446838541291e+002 -2.681923412316e+001 -5.424779637973e+001
  2.446238579435e+002 -2.680633961717e+001 -5.428494730227e+001
  2.445727512619e+002 -2.673594234162e+001 -5.430673106122e+001
  2.445176049755e+002 -2.664052518651e+001 -5.430838744937e+001
  2.444840282527e+002 -2.654731201175e+001 -5.430031347119e+001
  2.444220012950e+002 -2.647983059747e+001 -5.429792719090e+001
  2.444095240455e+002 -2.640113959023e+001 -5.430964375463e+001
  2.443959038979e+002 -2.631897090247e+001 -5.428439932525e+001
  2.443740380606e+002 -2.630275158498e+001 -5.426727418053e+001
  2.443460920271e+002 -2.619923479568e+001 -5.424933804383e+001
  2.443081699139e+002 -2.607448360508e+001 -5.426016870819e+001
  2.442549766985e+002 -2.595481940152e+001 -5.424461151805e+001
  2.441902648502e+002 -2.585499052131e+001 -5.428050458302e+001
  2.441142992250e+002 -2.577667589646e+001 -5.429368016249e+001
  2.440530187155e+002 -2.566693859930e+001 -5.431171114431e+001
  2.440159235333e+002 -2.554390935417e+001 -5.432619839605e+001
  2.439625415471e+002 -2.545559773000e+001 -5.433861762008e+001
  2.439116022286e+002 -2.533704873476e+001 -5.434249313259e+001
  2.439037143684e+002 -2.523379330581e+001 -5.431881454438e+001
  2.438668535811e+002 -2.515090415344e+001 -5.426972471584e+001
  2.438554728941e+002 -2.506733155509e+001 -5.426026007569e+001
  2.438069490740e+002 -2.499979921275e+001 -5.428473349007e+001
  2.437726711744e+002 -2.493224771997e+001 -5.435493817520e+001
  2.437509257623e+002 -2.484729269296e+001 -5.435497534951e+001
  2.437154055195e+002 -2.476916841763e+001 -5.434492963003e+001
  2.436905748042e+002 -2.469686136578e+001 -5.436394363253e+001
  2.436527113033e+002 -2.462252049251e+001 -5.437423899630e+001
  2.436173085059e+002 -2.454771767559e+001 -5.437893827479e+001
  2.435962204390e+002 -2.446061317046e+001 -5.438513363269e+001
  2.435669593732e+002 -2.436960231083e+001 -5.434717386460e+001
  2.435280122234e+002 -2.426302998355e+001 -5.433026598944e+001
  2.434978915707e+002 -2.413384222576e+001 -5.432108310510e+001
  2.434239257651e+002 -2.407004671915e+001 -5.435986814830e+001
  2.434179463554e+002 -2.394725651959e+001 -5.434041318806e+001
  2.433814172046e+002 -2.383372362951e+001 -5.434519177139e+001
  2.433323822519e+002 -2.368895914745e+001 -5.432235850492e+001
  2.433089298116e+002 -2.349611501813e+001 -5.431671862528e+001
  2.433852075354e+002 -2.362898216930e+001 -5.436491775458e+001
  2.433836513600e+002 -2.352940823083e+001 -5.435403881920e+001
  2.433941741212e+002 -2.346378626005e+001 -5.435401237687e+001
  2.433056638405e+002 -2.342087578095e+001 -5.438671611753e+001
  2.432434645428e+002 -2.334152577267e+001 -5.439118520429e+001
  2.431990572259e+002 -2.325311370770e+001 -5.437772867933e+001
  2.431745722191e+002 -2.314191818262e+001 -5.436520047874e+001
  2.431547751740e+002 -2.305410112547e+001 -5.434887302649e+001
  2.431453389424e+002 -2.296814624001e+001 -5.432152642904e+001
  2.431224332898e+002 -2.290166081542e+001 -5.433094007859e+001
  2.430336869991e+002 -2.282780702636e+001 -5.440352855911e+001
  2.430749738661e+002 -2.270793800490e+001 -5.437039421491e+001
  2.430701041073e+002 -2.261670368293e+001 -5.436582571691e+001
  2.430464544402e+002 -2.247327531476e+001 -5.434295341885e+001
  2.430820483358e+002 -2.235658690054e+001 -5.427578134254e+001
  2.430923000334e+002 -2.225866322241e+001 -5.422421795155e+001
  2.430635687978e+002 -2.215896823577e+001 -5.423331907510e+001
  2.430164102829e+002 -2.204893762182e+001 -5.423412239989e+001
  2.429076106696e+002 -2.195250720640e+001 -5.427770803238e+001
  2.428220202758e+002 -2.187341863378e+001 -5.431687702793e+001
  2.427069401997e+002 -2.181639890873e+001 -5.437349492834e+001
  2.425921162195e+002 -2.177308648795e+001 -5.441068373846e+001
  2.425053788927e+002 -2.174095992226e+001 -5.448481187443e+001
  2.424309517861e+002 -2.173335619318e+001 -5.456833818234e+001
  2.423626139972e+002 -2.167636032147e+001 -5.462753794579e+001
  2.422480577878e+002 -2.161101490264e+001 -5.470545778310e+001
  2.421730134974e+002 -2.155877715360e+001 -5.475329089383e+001
  2.421126954011e+002 -2.149525226197e+001 -5.478712236535e+001
  2.420448633045e+002 -2.144303002170e+001 -5.483244649507e+001
  2.421016221005e+002 -2.128385321147e+001 -5.477346846814e+001
  2.421527469886e+002 -2.111800667557e+001 -5.472370927501e+001
  2.421730379661e+002 -2.101461184091e+001 -5.467294221368e+001
  2.421349333307e+002 -2.095496694947e+001 -5.469533008169e+001
  2.420605118253e+002 -2.090636953661e+001 -5.473534390613e+001
  2.420041361946e+002 -2.087519411702e+001 -5.478875325256e+001
  2.419562826503e+002 -2.082616156400e+001 -5.483935645308e+001
  2.418553990932e+002 -2.078886839641e+001 -5.488647745563e+001
  2.418490038408e+002 -2.047882563673e+001 -5.484023053173e+001
  2.418366876586e+002 -2.033337522042e+001 -5.481003834614e+001
  2.417765974775e+002 -2.022976851922e+001 -5.481588939743e+001
  2.417072242405e+002 -2.022655596744e+001 -5.485357353111e+001
  2.416251975196e+002 -2.024084732802e+001 -5.489874072585e+001
  2.416369807757e+002 -2.003054063272e+001 -5.483252368715e+001
  2.416487284474e+002 -1.989722020095e+001 -5.478892811079e+001
  2.416356490179e+002 -1.976139849935e+001 -5.474165710613e+001
  2.416143009451e+002 -1.963253607241e+001 -5.471077880079e+001
  2.415620310275e+002 -1.947812001433e+001 -5.472256781772e+001
  2.413892705311e+002 -1.918905621329e+001 -5.476572318080e+001
  2.413025743735e+002 -1.909099634682e+001 -5.478982254117e+001
  2.412069969834e+002 -1.894373004680e+001 -5.479918718491e+001
  2.410961561492e+002 -1.877559612781e+001 -5.479785286447e+001
  2.409752523169e+002 -1.865243804955e+001 -5.481857525256e+001
  2.408826369963e+002 -1.858538573083e+001 -5.484230451733e+001
  2.407950708119e+002 -1.854536618253e+001 -5.488809041489e+001
  2.406926968286e+002 -1.849772890588e+001 -5.493812253020e+001
  2.405521813257e+002 -1.822238163214e+001 -5.499598419541e+001
  2.404891405427e+002 -1.811569254049e+001 -5.501573880861e+001
  2.404258351834e+002 -1.805053336555e+001 -5.504535823328e+001
  2.403581569248e+002 -1.800104953823e+001 -5.506483550895e+001
  2.403007782646e+002 -1.794204452940e+001 -5.509171780551e+001
  2.402504073287e+002 -1.789618260894e+001 -5.514110182822e+001
  2.401672977331e+002 -1.777329329461e+001 -5.515139588405e+001
  2.401017811294e+002 -1.778592362787e+001 -5.516244187072e+001
  2.399773631912e+002 -1.751730244787e+001 -5.516350843579e+001
  2.398432279556e+002 -1.727096988548e+001 -5.520077739232e+001
  2.397949239830e+002 -1.718156795620e+001 -5.520138921743e+001
  2.397649287275e+002 -1.711573290946e+001 -5.520185604445e+001
  2.397196410047e+002 -1.710648450289e+001 -5.522622359602e+001
  2.396258497320e+002 -1.693230090638e+001 -5.524942939164e+001
  2.395601935963e+002 -1.678445579449e+001 -5.525278677734e+001
  2.395298193654e+002 -1.670888125924e+001 -5.525834624051e+001
  2.394881891966e+002 -1.664362247676e+001 -5.527246264124e+001
  2.394543820743e+002 -1.658596793910e+001 -5.528395009939e+001
  2.394253609249e+002 -1.653637541989e+001 -5.530505335534e+001
  2.394543970316e+002 -1.643140168326e+001 -5.529479659819e+001
  2.392409039427e+002 -1.633465263946e+001 -5.541787708471e+001
  2.390598315479e+002 -1.622010855242e+001 -5.549510570275e+001
  2.389336265542e+002 -1.604201518094e+001 -5.554829529794e+001
  2.390225059573e+002 -1.611914453438e+001 -5.553106210748e+001
  2.389954139104e+002 -1.607224546581e+001 -5.554937492945e+001
  2.389822206524e+002 -1.604441673386e+001 -5.556963993348e+001
  2.389577208811e+002 -1.598147206262e+001 -5.556747367699e+001
  2.389354572611e+002 -1.592270637646e+001 -5.557420885903e+001
  2.388940452866e+002 -1.581507621065e+001 -5.559038792542e+001
  2.388957558634e+002 -1.581404996551e+001 -5.558144074509e+001
  2.388640742834e+002 -1.577163195423e+001 -5.556592688291e+001
  2.388199006387e+002 -1.568473465653e+001 -5.557228280683e+001
  2.388140113077e+002 -1.559995602095e+001 -5.556387292619e+001
