  0.000000000000e+000
  0.000000000000e+000
  0.000000000000e+000
  0.000000000000e+000
  0.000000000000e+000
  0.000000000000e+000
  0.000000000000e+000
  0.000000000000e+000
  0.000000000000e+000
  9.800000000000e+001
  9.806307975616e+001
  9.799744051843e+001
  9.780771386038e+001
  9.774421836845e+001
  9.783785402927e+001
  9.772891302339e+001
  9.780445178428e+001
  9.777325277844e+001
  9.774763774253e+001
  9.764651773442e+001
  9.749094870596e+001
  9.752206750562e+001
  9.772429653498e+001
  9.783947617535e+001
  9.773631064146e+001
  9.776590072216e+001
  9.772272494655e+001
  9.776623595625e+001
  9.789038476868e+001
  9.777077390464e+001
  9.781479926945e+001
  9.789360978395e+001
  9.781801977097e+001
  9.786672827316e+001
  9.780569235701e+001
  9.801362634283e+001
  9.785992275225e+001
  9.782712509650e+001
  9.772880284807e+001
  9.776044950170e+001
  9.769160663950e+001
  9.764615428393e+001
  9.751621785080e+001
  9.754875598279e+001
  9.761284513525e+001
  9.776243185650e+001
  9.785247523406e+001
  9.829489726096e+001
  9.847456493450e+001
  9.958367624338e+001
  9.963126922909e+001
  9.962450114743e+001
  9.967196681666e+001
  9.967910100497e+001
  9.973627233372e+001
  9.967128813595e+001
  9.962697406128e+001
  9.964593026750e+001
  9.993961228202e+001
  1.000027501706e+002
  9.983643219312e+001
  9.946856393077e+001
  9.889868248936e+001
  9.847144298278e+001
  9.765797685322e+001
  9.852196990339e+001
  9.844943102819e+001
  9.822241331185e+001
  9.809420742052e+001
  9.816835442629e+001
  9.806915118994e+001
  9.809437077026e+001
  9.825956032712e+001
  9.825473858684e+001
  9.826691208963e+001
  9.824440731491e+001
  9.829033399996e+001
  9.831452497397e+001
  9.839503698088e+001
  9.758827858918e+001
  9.690199187861e+001
  9.656871296149e+001
  9.652152017387e+001
  9.675483920126e+001
  9.689442167499e+001
  9.710679967773e+001
  9.725415660457e+001
  9.729785894556e+001
  9.745494266347e+001
  9.745640071814e+001
  9.742246374297e+001
  9.743889113010e+001
  9.748779253434e+001
  9.744985481519e+001
  9.733688024099e+001
  9.722391445282e+001
  9.698620340323e+001
  9.711044039008e+001
  9.736920501039e+001
  9.756370095144e+001
  9.757120309470e+001
  9.766654342623e+001
  9.786370050368e+001
  9.797071445485e+001
  9.812070590511e+001
  9.803264668487e+001
  9.813380986010e+001
  9.815209576813e+001
  9.816492122503e+001
  9.780990078823e+001
  9.763487573353e+001
  9.761573500213e+001
  9.757820913763e+001
  9.744185223813e+001
  9.761517500736e+001
  9.776728643019e+001
  9.771289562615e+001
  9.782802844184e+001
  9.777693026450e+001
  9.781390895784e+001
  9.787999602799e+001
  9.799477370788e+001
  9.800481295611e+001
  9.810222248303e+001
  9.798245218330e+001
  9.810793033494e+001
  9.822689639736e+001
  9.827859198794e+001
  9.853262009885e+001
  9.846417213281e+001
  9.845499888163e+001
  9.841895326824e+001
  9.831236670923e+001
  9.837446618372e+001
  9.937460525658e+001
  9.993892995401e+001
  1.002742146141e+002
  1.006197418405e+002
  1.010147058390e+002
  1.012682927537e+002
  1.014136621072e+002
  1.011433755597e+002
  1.010739285525e+002
  1.010758718691e+002
  1.008922904452e+002
  1.008645703502e+002
  1.009017676798e+002
  1.009938628852e+002
  1.013978651018e+002
  1.014990069250e+002
  1.032986414203e+002
  1.035944030059e+002
  1.039225798278e+002
  1.042039059496e+002
  1.044035842294e+002
  1.047666429773e+002
  1.048377283348e+002
  1.046434906491e+002
  1.046544177563e+002
  1.044028761280e+002
  1.060736997418e+002
  1.060136448009e+002
  1.063092461105e+002
  1.056534098150e+002
  1.055281085512e+002
  1.053081809485e+002
  1.053376880024e+002
  1.054473746092e+002
  1.055614443807e+002
  1.055344979885e+002
  1.055303671971e+002
  1.055831744178e+002
  1.054923079109e+002
  1.054452544075e+002
  1.054524807119e+002
  1.054212390660e+002
  1.056616345244e+002
  1.057189746657e+002
  1.055545836820e+002
  1.054383965342e+002
  1.056394766818e+002
  1.058075048674e+002
  1.058529616643e+002
  1.058294220240e+002
  1.057638453972e+002
  1.057655431405e+002
  1.057565831441e+002
  1.057557384328e+002
  1.058400204035e+002
  1.058159294804e+002
  1.057831910400e+002
  1.058063950870e+002
  1.057892631588e+002
  1.058062937889e+002
  1.059084288612e+002
  1.060758628092e+002
  1.060678175039e+002
  1.060029353483e+002
  1.059182657384e+002
  1.059751039823e+002
  1.058586465612e+002
  1.053418735251e+002
  1.051590824012e+002
  1.052413813705e+002
  1.052825977877e+002
  1.042600923473e+002
  1.037672624502e+002
  1.045160517928e+002
  1.050072412203e+002
  1.048013800493e+002
  1.047998074384e+002
  1.049647096508e+002
  1.048772862986e+002
  1.033474439635e+002
  1.031310692610e+002
  1.029265776206e+002
  1.024807693441e+002
  1.017604154837e+002
  1.010511701211e+002
  1.009756039698e+002
  1.008367652147e+002
  1.007274947008e+002
  1.008073196238e+002
  1.008855939613e+002
  1.009174351273e+002
  1.007911080093e+002
  1.009181986768e+002
  1.007338486451e+002
  1.006537804285e+002
  1.007078274789e+002
  1.009433872072e+002
  1.007299509411e+002
  1.018850830196e+002
  1.024639611124e+002
  1.026496621112e+002
  1.026730230315e+002
  1.026317472120e+002
  1.023078382797e+002
  1.019315614410e+002
  1.015730662730e+002
  1.013115154798e+002
  1.013565027923e+002
  1.011949173553e+002
  1.014143892134e+002
  1.011303102741e+002
  1.004924145419e+002
  1.006758519159e+002
  1.007901098226e+002
  1.008632887248e+002
  1.007528439107e+002
  1.006917241547e+002
  1.006018578201e+002
  1.005142228606e+002
  1.006098355907e+002
  1.006999471587e+002
  1.007621942578e+002
  1.009509918807e+002
  1.009451909026e+002
  1.009626360962e+002
  1.011564492039e+002
  1.011018799084e+002
  1.012099499587e+002
  1.013856181584e+002
  1.013022662953e+002
  1.012835913212e+002
  1.010038000032e+002
  1.008412686017e+002
  1.002511340932e+002
  1.010908100151e+002
  1.009957280439e+002
  1.009140678882e+002
  1.012195723605e+002
  1.015704991361e+002
  1.045955429020e+002
  1.044860920459e+002
  1.045851638427e+002
  1.045620403241e+002
  1.045573265233e+002
  1.045459321504e+002
  1.047015083425e+002
  1.049033379624e+002
  1.050887069991e+002
  1.076138484753e+002
  1.076382305969e+002
  1.075901452787e+002
  1.075157290963e+002
  1.075741624241e+002
  1.075985323047e+002
  1.076309287814e+002
  1.076735669585e+002
  1.076448440631e+002
  1.076576316841e+002
  1.077411164404e+002
  1.075767473131e+002
  1.075576916116e+002
  1.075906824135e+002
  1.074753484260e+002
  1.074430721889e+002
  1.075413970345e+002
  1.077260213041e+002
  1.077832418601e+002
  1.079417652447e+002
  1.080362757279e+002
  1.073102756073e+002
  1.073549504808e+002
  1.070836380589e+002
  1.070983575089e+002
  1.080194791751e+002
  1.078038316937e+002
  1.083566753759e+002
  1.083462053720e+002
  1.088923733474e+002
  1.089792702170e+002
  1.093602659214e+002
  1.100241912950e+002
  1.104370834340e+002
  1.105701518129e+002
  1.109340944769e+002
  1.117311410242e+002
  1.129168228861e+002
  1.138831945653e+002
  1.147588552031e+002
  1.155249688108e+002
  1.150319352396e+002
  1.159938716622e+002
  1.170018927296e+002
  1.184190702627e+002
  1.195476505258e+002
  1.205638732523e+002
  1.208154685893e+002
  1.217523036328e+002
  1.217718704907e+002
  1.217125037259e+002
  1.217226049419e+002
  1.216553138706e+002
  1.216642449924e+002
  1.216735377398e+002
  1.217584847683e+002
  1.215899321202e+002
  1.214923073647e+002
  1.215606663600e+002
  1.215385028913e+002
  1.216882180123e+002
  1.215979206957e+002
  1.215631119842e+002
  1.216094190028e+002
  1.217358536628e+002
  1.217517019149e+002
  1.217948452851e+002
  1.225120211921e+002
  1.225479971449e+002
  1.230075703558e+002
  1.226548092532e+002
  1.228169613390e+002
  1.227087880722e+002
  1.225767689068e+002
  1.223968025472e+002
  1.237061247035e+002
  1.234351225128e+002
  1.231261639089e+002
  1.230508912624e+002
  1.230795416615e+002
  1.233599064400e+002
  1.236044627252e+002
  1.233868659318e+002
  1.235087812089e+002
