  2.7850000e+002  1.5300000e+002 -2.5066277e+001  1.0000000e+000  0.0000000e+000
  2.9000000e+002  1.5600000e+002  9.0000000e+001  1.0000000e+000  0.0000000e+000
  3.0025000e+002  1.5800000e+002  0.0000000e+000  1.0000000e+000  0.0000000e+000
  3.0650000e+002  1.7025000e+002 -2.1856336e+001  1.0000000e+000  0.0000000e+000
  2.5700000e+002  1.7325000e+002  0.0000000e+000  1.0000000e+000  0.0000000e+000
  2.4075000e+002  1.7600000e+002 -1.7993398e+001  1.0000000e+000  0.0000000e+000
  2.3825000e+002  1.8425000e+002 -1.8434949e+001  1.0000000e+000  0.0000000e+000
  2.7625000e+002  1.9000000e+002 -7.1613600e+000  1.0000000e+000  0.0000000e+000
  2.7000000e+002  1.9175000e+002 -2.1959538e+001  1.0000000e+000  0.0000000e+000
  3.1650000e+002  1.9175000e+002  0.0000000e+000  1.0000000e+000  0.0000000e+000
  2.5450000e+002  1.9400000e+002 -1.1309932e+001  1.0000000e+000  0.0000000e+000
  2.2625000e+002  2.0475000e+002  4.7311611e+000  1.0000000e+000  0.0000000e+000
  2.3625000e+002  2.1825000e+002  7.1613600e+000  1.0000000e+000  0.0000000e+000
  2.3350000e+002  2.3525000e+002 -4.7311611e+000  1.0000000e+000  0.0000000e+000
  2.4625000e+002  2.6125000e+002  2.1959538e+001  1.0000000e+000  0.0000000e+000
  3.2675000e+002  3.0000000e+002 -3.0694770e+001  1.0000000e+000  0.0000000e+000
  2.4975000e+002  3.0375000e+002  6.0473785e+000  1.0000000e+000  0.0000000e+000
  3.2850000e+002  3.0400000e+002 -1.8222221e+001  1.0000000e+000  0.0000000e+000
  2.5875000e+002  3.0425000e+002 -1.1436833e+001  1.0000000e+000  0.0000000e+000
  2.3975000e+002  3.0700000e+002  2.6565051e+001  1.0000000e+000  0.0000000e+000
  2.2500000e+002  3.0800000e+002 -2.4337250e+001  1.0000000e+000  0.0000000e+000
  2.9400000e+002  3.1900000e+002 -1.3282526e+001  1.0000000e+000  0.0000000e+000
  3.1200000e+002  3.2400000e+002 -3.3926785e+001  1.0000000e+000  0.0000000e+000
  2.4825000e+002  3.2675000e+002 -1.2820503e+001  1.0000000e+000  0.0000000e+000
  2.9950000e+002  3.2825000e+002 -1.3282526e+001  1.0000000e+000  0.0000000e+000
  2.8450000e+002  3.3075000e+002 -1.4250680e+001  1.0000000e+000  0.0000000e+000
  2.6975000e+002  3.3925000e+002 -1.8434949e+001  1.0000000e+000  0.0000000e+000
  2.5300000e+002  1.5700000e+002  0.0000000e+000  0.0000000e+000  1.0000000e+000
  2.5500000e+002  1.6100000e+002  0.0000000e+000  0.0000000e+000  1.0000000e+000
  2.9400000e+002  1.8700000e+002  0.0000000e+000  0.0000000e+000  1.0000000e+000
  2.8800000e+002  1.8900000e+002  0.0000000e+000  0.0000000e+000  1.0000000e+000
  2.4825000e+002  3.2675000e+002  0.0000000e+000  0.0000000e+000  0.0000000e+000
