  3.0275000e+002  1.9600000e+002  0.0000000e+000  1.0000000e+000  0.0000000e+000
  2.9300000e+002  1.9700000e+002  9.0000000e+001  1.0000000e+000  0.0000000e+000
  2.5825000e+002  2.0050000e+002 -1.3282526e+001  1.0000000e+000  0.0000000e+000
  2.8300000e+002  2.0000000e+002 -2.8154966e+001  1.0000000e+000  0.0000000e+000
  2.5725000e+002  2.0450000e+002  0.0000000e+000  1.0000000e+000  0.0000000e+000
  3.0925000e+002  2.1725000e+002 -9.9915533e+000  1.0000000e+000  0.0000000e+000
  2.9150000e+002  2.2075000e+002 -4.7311611e+000  1.0000000e+000  0.0000000e+000
  3.1825000e+002  2.2200000e+002  0.0000000e+000  1.0000000e+000  0.0000000e+000
  2.7225000e+002  2.2400000e+002 -1.3282526e+001  1.0000000e+000  0.0000000e+000
  2.3000000e+002  2.3700000e+002 -9.4168765e+000  1.0000000e+000  0.0000000e+000
  2.9700000e+002  2.3925000e+002 -1.3282526e+001  1.0000000e+000  0.0000000e+000
  2.8150000e+002  2.4200000e+002 -9.4168765e+000  1.0000000e+000  0.0000000e+000
  2.4050000e+002  2.6200000e+002  0.0000000e+000  1.0000000e+000  0.0000000e+000
  2.3725000e+002  2.8300000e+002 -9.4168765e+000  1.0000000e+000  0.0000000e+000
  2.4950000e+002  3.0700000e+002  2.0300647e+001  1.0000000e+000  0.0000000e+000
  2.4275000e+002  3.3675000e+002  3.5782526e+001  1.0000000e+000  0.0000000e+000
  2.2800000e+002  3.3800000e+002 -2.6565051e+001  1.0000000e+000  0.0000000e+000
  2.5325000e+002  3.4400000e+002  0.0000000e+000  1.0000000e+000  0.0000000e+000
  2.6200000e+002  3.5050000e+002 -1.8222221e+001  1.0000000e+000  0.0000000e+000
  3.0150000e+002  3.5800000e+002  0.0000000e+000  1.0000000e+000  0.0000000e+000
  2.8650000e+002  3.6075000e+002  0.0000000e+000  1.0000000e+000  0.0000000e+000
  2.5250000e+002  3.6500000e+002  6.6424332e+000  1.0000000e+000  0.0000000e+000
  2.9675000e+002  3.6675000e+002  0.0000000e+000  1.0000000e+000  0.0000000e+000
  2.5300000e+002  3.7400000e+002 -1.7993398e+001  1.0000000e+000  0.0000000e+000
  2.7225000e+002  3.7975000e+002 -1.8434949e+001  1.0000000e+000  0.0000000e+000
  2.5700000e+002  2.2600000e+002  0.0000000e+000  0.0000000e+000  1.0000000e+000
  2.6200000e+002  2.2700000e+002  0.0000000e+000  0.0000000e+000  1.0000000e+000
  3.3000000e+002  3.2900000e+002  0.0000000e+000  0.0000000e+000  1.0000000e+000
  3.2600000e+002  3.3100000e+002  0.0000000e+000  0.0000000e+000  1.0000000e+000
  3.1300000e+002  3.6300000e+002  0.0000000e+000  0.0000000e+000  1.0000000e+000
  3.1500000e+002  3.6600000e+002  0.0000000e+000  0.0000000e+000  1.0000000e+000
  2.4150000e+002  2.3000000e+002  0.0000000e+000  0.0000000e+000  0.0000000e+000
  2.4600000e+002  2.2900000e+002  0.0000000e+000  0.0000000e+000  0.0000000e+000
