  2.9775000e+002  1.7100000e+002 -3.5782526e+001  1.0000000e+000  0.0000000e+000
  3.0525000e+002  1.7275000e+002 -5.7933178e+001  1.0000000e+000  0.0000000e+000
  3.1350000e+002  1.7325000e+002  6.8420099e+000  1.0000000e+000  0.0000000e+000
  2.7125000e+002  1.7550000e+002  8.5236416e-001  1.0000000e+000  0.0000000e+000
  3.2250000e+002  1.9000000e+002 -1.4872441e+001  1.0000000e+000  0.0000000e+000
  2.7725000e+002  1.9400000e+002  0.0000000e+000  1.0000000e+000  0.0000000e+000
  2.6125000e+002  1.9600000e+002 -9.4168765e+000  1.0000000e+000  0.0000000e+000
  2.5575000e+002  2.0125000e+002 -3.9265235e+001  1.0000000e+000  0.0000000e+000
  3.0150000e+002  2.0100000e+002 -7.1613600e+000  1.0000000e+000  0.0000000e+000
  2.8275000e+002  2.0375000e+002 -6.6424332e+000  1.0000000e+000  0.0000000e+000
  3.2750000e+002  2.0400000e+002  9.4168765e+000  1.0000000e+000  0.0000000e+000
  2.6650000e+002  2.0600000e+002 -1.5255119e+001  1.0000000e+000  0.0000000e+000
  3.1250000e+002  2.0800000e+002 -1.7993398e+001  1.0000000e+000  0.0000000e+000
  2.9575000e+002  2.1025000e+002 -7.1613600e+000  1.0000000e+000  0.0000000e+000
  2.5275000e+002  2.3500000e+002  7.1613600e+000  1.0000000e+000  0.0000000e+000
  2.5150000e+002  2.5250000e+002  0.0000000e+000  1.0000000e+000  0.0000000e+000
  2.6275000e+002  2.7875000e+002  6.0473785e+000  1.0000000e+000  0.0000000e+000
  2.5075000e+002  3.1900000e+002  3.1845081e+001  1.0000000e+000  0.0000000e+000
  2.3600000e+002  3.2000000e+002 -4.0934949e+001  1.0000000e+000  0.0000000e+000
  2.6400000e+002  3.1975000e+002  4.7311611e+000  1.0000000e+000  0.0000000e+000
  2.7375000e+002  3.2300000e+002 -7.1613600e+000  1.0000000e+000  0.0000000e+000
  2.6225000e+002  3.4250000e+002  4.7311611e+000  1.0000000e+000  0.0000000e+000
  2.9550000e+002  3.4300000e+002 -1.5070693e+001  1.0000000e+000  0.0000000e+000
  2.6525000e+002  3.4575000e+002 -1.1436833e+001  1.0000000e+000  0.0000000e+000
  2.8350000e+002  3.5600000e+002 -1.7993398e+001  1.0000000e+000  0.0000000e+000
  3.3800000e+002  3.1400000e+002  0.0000000e+000  0.0000000e+000  1.0000000e+000
  3.3400000e+002  3.1500000e+002  0.0000000e+000  0.0000000e+000  1.0000000e+000
  3.2400000e+002  3.4100000e+002  0.0000000e+000  0.0000000e+000  1.0000000e+000
  3.2800000e+002  3.4100000e+002  0.0000000e+000  0.0000000e+000  1.0000000e+000
  3.1100000e+002  3.3900000e+002  0.0000000e+000  0.0000000e+000  0.0000000e+000
  3.1100000e+002  3.4100000e+002  0.0000000e+000  0.0000000e+000  0.0000000e+000
  2.7000000e+002  1.7600000e+002  0.0000000e+000  0.0000000e+000  0.0000000e+000
  2.3950000e+002  2.1600000e+002  0.0000000e+000  0.0000000e+000  0.0000000e+000
