  3.7050000e+002  1.7475000e+002  9.4168765e+000  1.0000000e+000  0.0000000e+000
  3.3025000e+002  1.7600000e+002 -1.4872441e+001  1.0000000e+000  0.0000000e+000
  3.3575000e+002  1.7600000e+002  1.8222221e+001  1.0000000e+000  0.0000000e+000
  3.8550000e+002  1.9100000e+002 -1.3282526e+001  1.0000000e+000  0.0000000e+000
  3.4525000e+002  1.9400000e+002  1.5070693e+001  1.0000000e+000  0.0000000e+000
  3.2975000e+002  1.9525000e+002 -1.0304846e+001  1.0000000e+000  0.0000000e+000
  3.1875000e+002  2.0100000e+002 -1.8222221e+001  1.0000000e+000  0.0000000e+000
  3.5425000e+002  2.0300000e+002  0.0000000e+000  1.0000000e+000  0.0000000e+000
  3.3625000e+002  2.0500000e+002 -2.6565051e+001  1.0000000e+000  0.0000000e+000
  3.2050000e+002  2.0675000e+002  0.0000000e+000  1.0000000e+000  0.0000000e+000
  3.6250000e+002  2.1100000e+002  0.0000000e+000  1.0000000e+000  0.0000000e+000
  2.9450000e+002  2.1600000e+002  4.8366777e+000  1.0000000e+000  0.0000000e+000
  3.1525000e+002  2.3475000e+002  0.0000000e+000  1.0000000e+000  0.0000000e+000
  3.1725000e+002  2.5200000e+002 -2.4635550e+000  1.0000000e+000  0.0000000e+000
  3.2575000e+002  2.7900000e+002  1.8222221e+001  1.0000000e+000  0.0000000e+000
  3.0100000e+002  3.1875000e+002  4.5000000e+001  1.0000000e+000  0.0000000e+000
  2.8800000e+002  3.1900000e+002 -3.0286272e+001  1.0000000e+000  0.0000000e+000
  3.2250000e+002  3.2000000e+002  0.0000000e+000  1.0000000e+000  0.0000000e+000
  3.3575000e+002  3.2300000e+002 -7.1613600e+000  1.0000000e+000  0.0000000e+000
  3.7225000e+002  3.3900000e+002 -1.1309932e+001  1.0000000e+000  0.0000000e+000
  3.8000000e+002  3.4200000e+002 -4.5000000e+001  1.0000000e+000  0.0000000e+000
  3.8450000e+002  3.4300000e+002 -3.1845081e+001  1.0000000e+000  0.0000000e+000
  3.1875000e+002  3.4275000e+002  0.0000000e+000  1.0000000e+000  0.0000000e+000
  3.6025000e+002  3.4275000e+002  0.0000000e+000  1.0000000e+000  0.0000000e+000
  3.4625000e+002  3.4400000e+002 -9.4168765e+000  1.0000000e+000  0.0000000e+000
  3.2850000e+002  3.4500000e+002  0.0000000e+000  1.0000000e+000  0.0000000e+000
  3.4175000e+002  3.5625000e+002 -1.9794065e+001  1.0000000e+000  0.0000000e+000
  3.6100000e+002  1.7200000e+002  0.0000000e+000  0.0000000e+000  1.0000000e+000
  3.6500000e+002  1.7400000e+002  0.0000000e+000  0.0000000e+000  1.0000000e+000
  3.7800000e+002  2.0700000e+002  0.0000000e+000  0.0000000e+000  1.0000000e+000
  3.7800000e+002  2.1000000e+002  0.0000000e+000  0.0000000e+000  1.0000000e+000
  3.8700000e+002  3.1500000e+002  0.0000000e+000  0.0000000e+000  1.0000000e+000
  3.8300000e+002  3.1700000e+002  0.0000000e+000  0.0000000e+000  1.0000000e+000
