  7.9281151e+000  1.1175075e+001 -9.5744043e+001
  7.1131550e+000  1.8241853e+001 -9.3102644e+001
  6.9122863e+000  2.1643952e+001 -9.0509528e+001
  8.4554810e+000  1.1133301e+001 -1.0300060e+002
  1.3349528e+001  1.2635728e+001 -8.8830862e+001
  1.4880947e+001  5.0805240e+000 -1.0194939e+002
  1.5059184e+001  5.0120338e+000 -1.0638709e+002
  1.5104608e+001  1.2766226e+001 -1.0799085e+002
  1.3560759e+001  2.8011540e+001 -9.4659214e+001
  1.3975796e+001  2.7472188e+001 -1.0006070e+002
  1.4620071e+001  3.0674394e+001 -8.7039712e+001
  1.4181628e+001  2.7540937e+001 -1.0457401e+002
  1.9219355e+001  7.5976496e+000 -9.2518355e+001
  1.9549891e+001  7.0921894e+000 -9.7160138e+001
  1.6597023e+001  2.6718543e+001 -1.1264418e+002
  2.4168070e+001  1.4600769e+001 -1.0940409e+002
  2.9924267e+001  9.8074378e+000 -1.1034215e+002
  3.7118043e+001  1.2393833e+001 -1.0777663e+002
  4.5637161e+001  3.1574432e+001 -1.1200593e+002
  4.5662835e+001  3.0173691e+001 -1.1611936e+002
  4.7768494e+001  1.8905740e+001 -1.0830386e+002
  4.9487989e+001  1.3504877e+001 -1.0565406e+002
  5.3797457e+001  2.1362620e+001 -1.0937301e+002
  5.3857154e+001  3.0137155e+001 -9.9833199e+001
  5.5817253e+001  1.1082983e+001 -1.0868780e+002
  5.8375956e+001  1.8599754e+001 -1.0375356e+002
  4.5955473e+001  3.6992069e+001 -8.6762637e+001
  4.6449942e+001  2.9774030e+001 -8.7553508e+001
  5.4781355e+001  2.1329446e+001 -9.1868846e+001
  5.5467464e+001  1.7583590e+001 -9.1327213e+001
  5.4902925e+001  1.1590320e+001 -9.6100567e+001
  5.3566060e+001  3.0786397e+001 -9.5486537e+001
  7.1664624e+000  1.8726267e+001 -1.0303009e+002
