  0.000000000000e+000  0.000000000000e+000  0.000000000000e+000
  0.000000000000e+000  0.000000000000e+000  0.000000000000e+000
  0.000000000000e+000  0.000000000000e+000  0.000000000000e+000
  0.000000000000e+000  0.000000000000e+000  0.000000000000e+000
  0.000000000000e+000  0.000000000000e+000  0.000000000000e+000
  0.000000000000e+000  0.000000000000e+000  0.000000000000e+000
  0.000000000000e+000  0.000000000000e+000  0.000000000000e+000
  0.000000000000e+000  0.000000000000e+000  0.000000000000e+000
  0.000000000000e+000  0.000000000000e+000  0.000000000000e+000
  0.000000000000e+000  0.000000000000e+000  0.000000000000e+000
  0.000000000000e+000  0.000000000000e+000  0.000000000000e+000
  0.000000000000e+000  0.000000000000e+000  0.000000000000e+000
  0.000000000000e+000  0.000000000000e+000  0.000000000000e+000
  0.000000000000e+000  0.000000000000e+000  0.000000000000e+000
  0.000000000000e+000  0.000000000000e+000  0.000000000000e+000
  0.000000000000e+000  0.000000000000e+000  0.000000000000e+000
  0.000000000000e+000  0.000000000000e+000  0.000000000000e+000
  0.000000000000e+000  0.000000000000e+000  0.000000000000e+000
  0.000000000000e+000  0.000000000000e+000  0.000000000000e+000
  2.623156890879e+002 -6.294457551760e+001 -5.169311308981e+001
  2.621725897600e+002 -6.285895979020e+001 -5.180355954465e+001
  2.621700170464e+002 -6.283951370622e+001 -5.180459705465e+001
  2.619217554198e+002 -6.280965020778e+001 -5.185801505071e+001
  2.622006725675e+002 -6.270586697388e+001 -5.181597387467e+001
  2.623863476450e+002 -6.262896415795e+001 -5.187017695697e+001
  2.624843650664e+002 -6.250408267703e+001 -5.192300113372e+001
  2.626366780619e+002 -6.238904747618e+001 -5.186127478147e+001
  2.632111943556e+002 -6.223766421437e+001 -5.177449201695e+001
  2.630560705019e+002 -6.209647073492e+001 -5.191193124158e+001
  2.635513778394e+002 -6.198759063558e+001 -5.198817427237e+001
  2.633171637643e+002 -6.190855659701e+001 -5.202200711451e+001
  2.633193263943e+002 -6.177979792651e+001 -5.184238414882e+001
  2.631127481065e+002 -6.161776018362e+001 -5.190252369357e+001
  2.629311865414e+002 -6.152754653449e+001 -5.191193303844e+001
  2.630182430858e+002 -6.097291763670e+001 -5.171472481759e+001
  2.630907412207e+002 -6.077019690154e+001 -5.171382611052e+001
  2.631852847514e+002 -5.999878865961e+001 -5.169473103137e+001
  2.632352021473e+002 -5.974030987052e+001 -5.203882897867e+001
  2.630365758844e+002 -6.034320255254e+001 -5.210240316736e+001
  2.629152002421e+002 -6.059956920131e+001 -5.211090322170e+001
  2.629260242241e+002 -6.051653314729e+001 -5.209199819216e+001
  2.629142163398e+002 -6.043900566826e+001 -5.208985594651e+001
  2.629097659574e+002 -6.035800812445e+001 -5.206312009297e+001
  2.629075874395e+002 -6.026346846564e+001 -5.205890801749e+001
  2.628912898110e+002 -6.019046285256e+001 -5.204787030248e+001
  2.628683496996e+002 -6.013090894444e+001 -5.207165078661e+001
  2.628617257417e+002 -6.006893470324e+001 -5.208483252742e+001
  2.628446994726e+002 -6.001324885466e+001 -5.209444697834e+001
  2.628255636807e+002 -5.996507220621e+001 -5.208598621633e+001
  2.628490651810e+002 -6.018339187695e+001 -5.209227669963e+001
  2.640347566035e+002 -5.990195008330e+001 -5.165241835579e+001
  2.638774373716e+002 -5.927555097300e+001 -5.183287901260e+001
  2.637669137876e+002 -5.872604703560e+001 -5.184303320073e+001
  2.637485117265e+002 -5.862576904463e+001 -5.186350845187e+001
  2.636195812100e+002 -5.857094323742e+001 -5.197256669279e+001
  2.636066974046e+002 -5.849269383492e+001 -5.192373897259e+001
  2.636579543838e+002 -5.840769282714e+001 -5.187634649445e+001
  2.636657212939e+002 -5.834513771559e+001 -5.205751171812e+001
  2.635027551393e+002 -5.835899672991e+001 -5.222189467889e+001
  2.632488707734e+002 -5.835213833212e+001 -5.213913817064e+001
  2.630947485984e+002 -5.828809319066e+001 -5.216237443031e+001
  2.630710278948e+002 -5.824671524309e+001 -5.218406559471e+001
  2.630346817632e+002 -5.817126349991e+001 -5.212449920777e+001
  2.632871400525e+002 -5.808841244468e+001 -5.194368448830e+001
  2.633240617119e+002 -5.802871654010e+001 -5.194331826576e+001
  2.631968647505e+002 -5.799155757276e+001 -5.200074559023e+001
  2.630458877381e+002 -5.795676259810e+001 -5.209559307966e+001
  2.627768124001e+002 -5.782992594941e+001 -5.217284557408e+001
  2.628354016873e+002 -5.784429973449e+001 -5.203655375851e+001
  2.626430570107e+002 -5.778954049670e+001 -5.205422670191e+001
  2.626609375702e+002 -5.775166722193e+001 -5.205204234317e+001
  2.625084260320e+002 -5.769507286784e+001 -5.206326358177e+001
  2.624113930310e+002 -5.757939141640e+001 -5.198792820518e+001
  2.622598440845e+002 -5.744475194115e+001 -5.199959693626e+001
  2.627829757065e+002 -5.748795620864e+001 -5.195075766901e+001
  2.623494525739e+002 -5.694393065979e+001 -5.189535154907e+001
  2.621445371650e+002 -5.674446839364e+001 -5.197270805953e+001
  2.623606382381e+002 -5.633036326545e+001 -5.199010062020e+001
  2.621889686823e+002 -5.545428648373e+001 -5.203572745751e+001
  2.622440308369e+002 -5.451795438629e+001 -5.208812025386e+001
  2.617470987652e+002 -5.513721680386e+001 -5.235751038682e+001
  2.622342486344e+002 -5.477582697183e+001 -5.220362757706e+001
  2.625977581587e+002 -5.466609020413e+001 -5.232962103258e+001
  2.630700714504e+002 -5.448068658856e+001 -5.249999288460e+001
  2.633495422028e+002 -5.434113561382e+001 -5.278661096359e+001
  2.639737966991e+002 -5.408760871555e+001 -5.282275741450e+001
  2.645895994626e+002 -5.386754394856e+001 -5.298478782590e+001
  2.646199887004e+002 -5.382288801743e+001 -5.297003515421e+001
  2.647579169674e+002 -5.371663246845e+001 -5.306504660075e+001
  2.644536161880e+002 -5.374822457336e+001 -5.303999421327e+001
  2.649225973220e+002 -5.350760794671e+001 -5.310398747315e+001
  2.653464881423e+002 -5.325107153760e+001 -5.299066654250e+001
  2.655190079374e+002 -5.304690022826e+001 -5.299946636232e+001
  2.655254571827e+002 -5.296839537345e+001 -5.299187989260e+001
  2.655346002008e+002 -5.290379125163e+001 -5.298624732665e+001
  2.655706818517e+002 -5.286734368326e+001 -5.300006417322e+001
  2.655641716435e+002 -5.283164233566e+001 -5.300820992767e+001
  2.655722840509e+002 -5.277958102701e+001 -5.299688364611e+001
  2.655716567622e+002 -5.268889246368e+001 -5.297992308018e+001
  2.655987968847e+002 -5.261255478318e+001 -5.300058130184e+001
  2.655858201201e+002 -5.255413053515e+001 -5.298484439911e+001
  2.656232742017e+002 -5.249306969340e+001 -5.298635208198e+001
  2.656616887236e+002 -5.242325532634e+001 -5.300257071431e+001
  2.656685412690e+002 -5.236827874074e+001 -5.300594099487e+001
  2.656567845569e+002 -5.230247935724e+001 -5.301763712345e+001
  2.656704978998e+002 -5.224061007354e+001 -5.301068986041e+001
  2.657026336987e+002 -5.218442316513e+001 -5.301012443575e+001
  2.657310128482e+002 -5.220191615795e+001 -5.299394699991e+001
  2.658359432619e+002 -5.249444925088e+001 -5.293524132448e+001
  2.662781693387e+002 -5.218709972387e+001 -5.147794046230e+001
  2.654235922960e+002 -5.222745511428e+001 -5.179008588076e+001
  2.644319123879e+002 -5.188143975546e+001 -5.203846926883e+001
  2.638944274992e+002 -5.185063380415e+001 -5.207735216302e+001
  2.639803994416e+002 -5.176868637296e+001 -5.206467773518e+001
  2.640176909213e+002 -5.168626461690e+001 -5.183423558953e+001
  2.639312643859e+002 -5.159080960198e+001 -5.177657695662e+001
  2.637268670451e+002 -5.146103065027e+001 -5.183164821966e+001
  2.636575078745e+002 -5.135614090597e+001 -5.180870591440e+001
  2.636658247270e+002 -5.137848054851e+001 -5.176666217247e+001
  2.636563188375e+002 -5.146463616964e+001 -5.170259920942e+001
  2.636849302133e+002 -5.149727247494e+001 -5.163296628002e+001
  2.637322482000e+002 -5.140214253156e+001 -5.159251387370e+001
  2.637874564414e+002 -5.140099781000e+001 -5.159434702386e+001
  2.637384552530e+002 -5.138187961601e+001 -5.161257243435e+001
  2.636910857029e+002 -5.132865414136e+001 -5.162106124914e+001
  2.635921842892e+002 -5.121135316743e+001 -5.163531756306e+001
  2.633609518145e+002 -5.115277144335e+001 -5.184745658438e+001
  2.630034593623e+002 -5.116905783626e+001 -5.188066396035e+001
  2.626375575042e+002 -5.121499151269e+001 -5.186878645272e+001
  2.622607214316e+002 -5.125414471927e+001 -5.193037649033e+001
  2.619321989560e+002 -5.128967991223e+001 -5.188835312550e+001
  2.614735509352e+002 -5.138386294535e+001 -5.179486601983e+001
  2.613893847598e+002 -5.123679786653e+001 -5.136615543471e+001
  2.613070445826e+002 -5.118588841924e+001 -5.119204322678e+001
  2.613340967626e+002 -5.096693960898e+001 -5.127277586085e+001
  2.613576609033e+002 -5.061686178500e+001 -5.129159891247e+001
  2.610945060133e+002 -5.037921698142e+001 -5.129394758522e+001
  2.608019903807e+002 -5.012224213503e+001 -5.111741908075e+001
  2.603077019044e+002 -5.082404730434e+001 -5.111329198168e+001
  2.597230149129e+002 -5.020830232152e+001 -5.151511310537e+001
  2.596218809058e+002 -4.910146210561e+001 -5.206244082467e+001
  2.593904116095e+002 -4.951343661316e+001 -5.200705180963e+001
  2.593635856169e+002 -4.943242709270e+001 -5.202689213812e+001
  2.593320870630e+002 -4.937868984869e+001 -5.201177875165e+001
  2.593011074540e+002 -4.934190602565e+001 -5.201628943222e+001
  2.592598519387e+002 -4.931592617299e+001 -5.203706256743e+001
  2.592361275963e+002 -4.925992255151e+001 -5.205896875655e+001
  2.592045273670e+002 -4.918512784145e+001 -5.207735374028e+001
  2.592046295497e+002 -4.911525969575e+001 -5.210279070850e+001
  2.591950237910e+002 -4.907854584108e+001 -5.210119547888e+001
  2.591661922918e+002 -4.900722931474e+001 -5.211630664378e+001
  2.591156239491e+002 -4.893910765572e+001 -5.211434583471e+001
  2.591313490291e+002 -4.883104805337e+001 -5.209277655932e+001
  2.591112732489e+002 -4.878870077926e+001 -5.210792143901e+001
  2.590614688715e+002 -4.874907424020e+001 -5.211051378325e+001
  2.590718263138e+002 -4.869988709096e+001 -5.207667653231e+001
  2.590428557879e+002 -4.877191595224e+001 -5.206703922780e+001
  2.590702362037e+002 -4.902106127785e+001 -5.196477388498e+001
  2.595113770562e+002 -4.912719001110e+001 -5.177618709040e+001
  2.609841285839e+002 -4.885779447680e+001 -5.121365458669e+001
  2.626010598362e+002 -4.813981326432e+001 -5.113064078504e+001
  2.636507252413e+002 -4.779341102551e+001 -5.165224395073e+001
  2.639724112638e+002 -4.753265109476e+001 -5.160969143099e+001
  2.636767568529e+002 -4.747689106980e+001 -5.140542374162e+001
  2.632806845504e+002 -4.739892547692e+001 -5.119895086567e+001
  2.630531709752e+002 -4.736605729371e+001 -5.101329245933e+001
  2.630397130992e+002 -4.726419760882e+001 -5.107160665365e+001
  2.631919862091e+002 -4.717919355352e+001 -5.119601664261e+001
  2.631483276741e+002 -4.711026880762e+001 -5.127914824521e+001
  2.631008957352e+002 -4.701256948387e+001 -5.130310108078e+001
  2.629870025289e+002 -4.698300904628e+001 -5.136748071131e+001
  2.628728786432e+002 -4.692377215895e+001 -5.147655280183e+001
  2.630413605938e+002 -4.679066069102e+001 -5.134998762362e+001
  2.629999629876e+002 -4.673373018541e+001 -5.142162346635e+001
  2.629428109118e+002 -4.666622021843e+001 -5.151141344571e+001
  2.629291425250e+002 -4.659784082182e+001 -5.154102771701e+001
  2.629172191374e+002 -4.646519043138e+001 -5.162156339518e+001
  2.628062361380e+002 -4.633063247556e+001 -5.168429502323e+001
  2.627579995240e+002 -4.623910929941e+001 -5.170796056430e+001
  2.627275573028e+002 -4.602969051659e+001 -5.179094572329e+001
  2.626093060765e+002 -4.604789366644e+001 -5.170660491927e+001
  2.624539872640e+002 -4.610032471842e+001 -5.160729680811e+001
  2.625280812245e+002 -4.623081549275e+001 -5.171453004363e+001
  2.624675842546e+002 -4.610003523375e+001 -5.169210016527e+001
  2.624535797945e+002 -4.615352372621e+001 -5.169424337121e+001
  2.626741749073e+002 -4.622818283819e+001 -5.170719330350e+001
  2.626250991607e+002 -4.623602842406e+001 -5.173413194225e+001
  2.624187767192e+002 -4.618795048073e+001 -5.165768682636e+001
  2.620216584344e+002 -4.615197647533e+001 -5.160541252296e+001
  2.613313755161e+002 -4.621609969852e+001 -5.179931974559e+001
  2.608336139472e+002 -4.615328145064e+001 -5.225481270478e+001
  2.602011378525e+002 -4.601695994250e+001 -5.286682034095e+001
  2.602789511879e+002 -4.592101143754e+001 -5.288279928232e+001
  2.597076158012e+002 -4.590894178370e+001 -5.327719364682e+001
  2.593365700893e+002 -4.582965936107e+001 -5.352840643837e+001
  2.601979600005e+002 -4.561063256068e+001 -5.312318986279e+001
  2.594994453363e+002 -4.570463386072e+001 -5.341213728087e+001
  2.600540236490e+002 -4.555660309086e+001 -5.307373177453e+001
  2.596405601931e+002 -4.565516288217e+001 -5.324240870368e+001
  2.591137565263e+002 -4.566058579926e+001 -5.348376962786e+001
  2.585169260932e+002 -4.552900172742e+001 -5.355828999271e+001
  2.578714626611e+002 -4.530228252491e+001 -5.352813685027e+001
  2.572576947993e+002 -4.492757857079e+001 -5.354650791441e+001
  2.569477210557e+002 -4.464362391116e+001 -5.345302554794e+001
  2.569351401785e+002 -4.450190251234e+001 -5.340368854600e+001
  2.568166819235e+002 -4.431594866411e+001 -5.334302418347e+001
  2.565612369291e+002 -4.419157678732e+001 -5.333208433499e+001
  2.562555791243e+002 -4.408505895410e+001 -5.318001175611e+001
  2.565103666235e+002 -4.640374031099e+001 -5.289560476875e+001
  2.567609274797e+002 -4.686946433336e+001 -5.278347754376e+001
  2.567716842112e+002 -4.685005050653e+001 -5.278015394917e+001
  2.567508665366e+002 -4.680999209058e+001 -5.279385639749e+001
  2.567305825925e+002 -4.674299125036e+001 -5.279172790460e+001
  2.567087309415e+002 -4.668433886946e+001 -5.280495856670e+001
  2.566909335480e+002 -4.665617046555e+001 -5.281261292805e+001
  2.568709724861e+002 -4.648792232709e+001 -5.306718045816e+001
  2.571463589369e+002 -4.618729052825e+001 -5.292994920639e+001
  2.573278365688e+002 -4.622745186380e+001 -5.183066196831e+001
  2.566584002747e+002 -4.666867819788e+001 -5.187327169834e+001
  2.567027993650e+002 -4.665530899305e+001 -5.183626685398e+001
  2.566786927317e+002 -4.659796751346e+001 -5.183614029652e+001
  2.566258304380e+002 -4.655553880515e+001 -5.182122303768e+001
  2.565847442148e+002 -4.654342277860e+001 -5.180517650809e+001
  2.566295031680e+002 -4.660511728666e+001 -5.176408844049e+001
  2.569655604382e+002 -4.716716565403e+001 -5.152592312915e+001
  2.570958389602e+002 -4.733359732271e+001 -5.141242251229e+001
  2.572719546430e+002 -4.755561285157e+001 -5.132832743603e+001
  2.572964140753e+002 -4.762615950164e+001 -5.128339399068e+001
  2.577963518788e+002 -4.811366982211e+001 -5.117480038760e+001
  2.578012130460e+002 -4.797647734723e+001 -5.148975187977e+001
  2.575823703708e+002 -4.799306172168e+001 -5.164888304009e+001
  2.574013450684e+002 -4.803453010346e+001 -5.175094738672e+001
  2.574166044725e+002 -4.796301696841e+001 -5.179144670336e+001
  2.575446871151e+002 -4.783867394593e+001 -5.181986015248e+001
  2.574904157587e+002 -4.781625485356e+001 -5.180272535238e+001
  2.574449784302e+002 -4.779812188087e+001 -5.175628660225e+001
  2.574203278075e+002 -4.772580235367e+001 -5.182150599862e+001
  2.575448613202e+002 -4.759864488943e+001 -5.186807924859e+001
  2.575700596402e+002 -4.750211890935e+001 -5.194069011735e+001
  2.577159893172e+002 -4.737320147750e+001 -5.200942023056e+001
  2.576862310778e+002 -4.717802738424e+001 -5.197888306398e+001
  2.576724000271e+002 -4.701041365889e+001 -5.199596240652e+001
  2.576211935106e+002 -4.693077430857e+001 -5.204090777380e+001
  2.576225596244e+002 -4.679587930134e+001 -5.212391740177e+001
  2.575172133344e+002 -4.672298975177e+001 -5.221705803165e+001
  2.573579814106e+002 -4.677753952984e+001 -5.239424826745e+001
  2.570948093376e+002 -4.679761356774e+001 -5.266116814474e+001
  2.567962499060e+002 -4.698795959206e+001 -5.294889010828e+001
  2.565138893945e+002 -4.708539328365e+001 -5.276177818368e+001
  2.563533037514e+002 -4.703145999060e+001 -5.257209019792e+001
  2.561311704529e+002 -4.698496698708e+001 -5.233159376721e+001
  2.560949601604e+002 -4.682862605834e+001 -5.227499239639e+001
  2.560864301497e+002 -4.667400682792e+001 -5.235356031797e+001
  2.559229163623e+002 -4.662409037175e+001 -5.236093305544e+001
  2.556812957085e+002 -4.664440313383e+001 -5.235956600516e+001
  2.553794897782e+002 -4.677164707798e+001 -5.234222501798e+001
  2.552250384120e+002 -4.666275718257e+001 -5.232944678555e+001
  2.551929172126e+002 -4.648028249346e+001 -5.223709229329e+001
  2.552353519244e+002 -4.624002018712e+001 -5.228023689284e+001
  2.552544401079e+002 -4.550905466719e+001 -5.234715119831e+001
  2.547399275859e+002 -4.416482844605e+001 -5.235351765966e+001
  2.550278581652e+002 -4.353319090666e+001 -5.255247636362e+001
  2.548660509607e+002 -4.348100835206e+001 -5.262386249328e+001
  2.549218047262e+002 -4.313491811583e+001 -5.275289015503e+001
  2.551431419961e+002 -4.282293481528e+001 -5.281358094734e+001
  2.552547230290e+002 -4.345300536754e+001 -5.264353425388e+001
  2.555676620095e+002 -4.395701939436e+001 -5.269993301717e+001
  2.555530701975e+002 -4.409864474057e+001 -5.292764578019e+001
  2.557868232404e+002 -4.389616831855e+001 -5.331612533153e+001
  2.557777231677e+002 -4.382980255212e+001 -5.349504683995e+001
  2.561090083712e+002 -4.338724346556e+001 -5.341888989604e+001
  2.561954644710e+002 -4.319835133983e+001 -5.321338070352e+001
  2.561624743100e+002 -4.316651523176e+001 -5.322378097249e+001
  2.561210310043e+002 -4.314815859577e+001 -5.298934804763e+001
  2.560885585621e+002 -4.306637048737e+001 -5.296286374502e+001
  2.560279345197e+002 -4.301743267423e+001 -5.296465749099e+001
  2.559779269813e+002 -4.297083034521e+001 -5.296489431860e+001
  2.559394680629e+002 -4.289276672409e+001 -5.295971031805e+001
  2.559013311447e+002 -4.282874630105e+001 -5.296963287947e+001
  2.558762062824e+002 -4.277567287452e+001 -5.298749076016e+001
  2.558631578127e+002 -4.271488132562e+001 -5.298422535909e+001
  2.558114386813e+002 -4.268914585941e+001 -5.297760891884e+001
  2.557767911816e+002 -4.264211759827e+001 -5.300101823492e+001
  2.557349045378e+002 -4.261182256660e+001 -5.301718913659e+001
  2.557175825712e+002 -4.253530609661e+001 -5.303747138049e+001
  2.556885612980e+002 -4.247646514442e+001 -5.301832336623e+001
  2.556199215519e+002 -4.235988690398e+001 -5.302173263350e+001
  2.556202357699e+002 -4.233523476946e+001 -5.304279428324e+001
  2.561219680183e+002 -4.183523687647e+001 -5.368752602723e+001
  2.561082423681e+002 -4.180761301196e+001 -5.368843841900e+001
  2.554981169560e+002 -4.257411020376e+001 -5.305014689667e+001
  2.552775102124e+002 -4.313585638038e+001 -5.310556310046e+001
  2.550843074365e+002 -4.397048819548e+001 -5.301973841436e+001
  2.551145420053e+002 -4.468833661866e+001 -5.266406447088e+001
  2.548802479568e+002 -4.467683913949e+001 -5.277404129569e+001
  2.545940443973e+002 -4.471701120815e+001 -5.303930209143e+001
  2.543952885655e+002 -4.478103006257e+001 -5.310417541871e+001
  2.543479658722e+002 -4.469123054060e+001 -5.309126184192e+001
  2.542688997201e+002 -4.462774364518e+001 -5.308556355892e+001
  2.541257022192e+002 -4.462479595064e+001 -5.309471625648e+001
  2.540123156392e+002 -4.452510603810e+001 -5.303366143420e+001
  2.539859275808e+002 -4.448581220086e+001 -5.304445414153e+001
  2.540006342470e+002 -4.438229994437e+001 -5.293180428513e+001
  2.539147690916e+002 -4.435677024512e+001 -5.294229047669e+001
  2.538662081790e+002 -4.430651070169e+001 -5.293862308702e+001
  2.539586470273e+002 -4.417674647188e+001 -5.285556940460e+001
  2.540752945483e+002 -4.397088175681e+001 -5.282408097219e+001
  2.541898312631e+002 -4.381104679601e+001 -5.274795355013e+001
  2.542581005596e+002 -4.367808629549e+001 -5.268081047069e+001
  2.542586520125e+002 -4.357804234575e+001 -5.264848621616e+001
  2.541655741561e+002 -4.352444996318e+001 -5.262141851674e+001
  2.541955760979e+002 -4.358152818094e+001 -5.256465258246e+001
  2.539832108122e+002 -4.349578471014e+001 -5.262458837897e+001
  2.538836819148e+002 -4.345381045886e+001 -5.264746718349e+001
  2.537571485714e+002 -4.336179111294e+001 -5.266529831963e+001
  2.536646633296e+002 -4.332033110869e+001 -5.267935292766e+001
  2.535680340300e+002 -4.343540016048e+001 -5.269483704952e+001
  2.535522272050e+002 -4.340203540239e+001 -5.269377374669e+001
  2.534261583527e+002 -4.348718638724e+001 -5.280811372352e+001
  2.533930612841e+002 -4.342030684380e+001 -5.280495998178e+001
  2.533833884774e+002 -4.322403376556e+001 -5.285504446925e+001
  2.535262632595e+002 -4.257992537713e+001 -5.260191299720e+001
  2.535512335522e+002 -4.215366566032e+001 -5.252672003640e+001
  2.535551097829e+002 -4.203901332021e+001 -5.255030629879e+001
  2.533162247085e+002 -4.197803864611e+001 -5.257958648806e+001
  2.533066860167e+002 -4.172289548989e+001 -5.267955828905e+001
  2.533327523622e+002 -4.146781486041e+001 -5.272127223824e+001
  2.532418908982e+002 -4.139826383305e+001 -5.277543446632e+001
  2.530860253247e+002 -4.129514051657e+001 -5.293280612157e+001
  2.529315540247e+002 -4.117284488905e+001 -5.293196024803e+001
  2.526205903628e+002 -4.020335695846e+001 -5.305072570220e+001
  2.524601922558e+002 -3.964941351773e+001 -5.308203604134e+001
  2.521784826746e+002 -3.936259594852e+001 -5.320720884907e+001
  2.519010298679e+002 -3.876392007866e+001 -5.342295317203e+001
  2.518924607475e+002 -3.857716459255e+001 -5.356674851222e+001
  2.516219857291e+002 -3.851139279987e+001 -5.356680066245e+001
  2.516090850259e+002 -3.805184227198e+001 -5.347972035859e+001
  2.517848615811e+002 -3.732667953996e+001 -5.335883194911e+001
  2.521566704949e+002 -3.704430323058e+001 -5.319114667063e+001
  2.521244491028e+002 -3.698105734878e+001 -5.319083713119e+001
  2.520433882647e+002 -3.687256144711e+001 -5.317522297735e+001
  2.520467558507e+002 -3.687489854014e+001 -5.316577459326e+001
  2.520031858707e+002 -3.682692057932e+001 -5.315133453048e+001
  2.519607525839e+002 -3.676930598145e+001 -5.315551627149e+001
  2.519431779297e+002 -3.670967197030e+001 -5.312486059265e+001
  2.519062218144e+002 -3.666071454218e+001 -5.313518790994e+001
  2.518632339606e+002 -3.661922513164e+001 -5.314416739715e+001
  2.517921063843e+002 -3.654884648845e+001 -5.313653357300e+001
  2.517455560733e+002 -3.646603019884e+001 -5.312387758192e+001
  2.517002693819e+002 -3.641415340221e+001 -5.314504585158e+001
  2.516919502811e+002 -3.639170971498e+001 -5.314866068611e+001
  2.516857406420e+002 -3.638739097587e+001 -5.311474993580e+001
  2.517600751779e+002 -3.650119441662e+001 -5.305896732395e+001
  2.520876521982e+002 -3.654725686840e+001 -5.271399689372e+001
  2.524056092392e+002 -3.630971682452e+001 -5.286474816141e+001
  2.523152462348e+002 -3.662276849783e+001 -5.287404909405e+001
  2.520860651301e+002 -3.703086416240e+001 -5.313130396338e+001
  2.521657451002e+002 -3.737057992912e+001 -5.316765252562e+001
  2.521578899077e+002 -3.769557270704e+001 -5.327668198260e+001
  2.521813969337e+002 -3.799297895872e+001 -5.326982078730e+001
  2.523193650427e+002 -3.833476498163e+001 -5.320314401812e+001
  2.521685599175e+002 -3.814729005952e+001 -5.317147222089e+001
  2.522389475284e+002 -3.843372994454e+001 -5.328144330084e+001
  2.520464399070e+002 -3.802192608348e+001 -5.322547328183e+001
  2.517827589727e+002 -3.801598958621e+001 -5.321848000877e+001
  2.516797159189e+002 -3.783623918704e+001 -5.324984533507e+001
  2.516663342476e+002 -3.771623271902e+001 -5.327272114924e+001
  2.517064554763e+002 -3.760583090808e+001 -5.329699308445e+001
  2.517182970452e+002 -3.745556803464e+001 -5.327452970302e+001
  2.516116598757e+002 -3.744461412421e+001 -5.318959509265e+001
  2.514996647492e+002 -3.747813465237e+001 -5.310546969200e+001
  2.514271120970e+002 -3.750868626181e+001 -5.298560806203e+001
  2.512556226440e+002 -3.761152480372e+001 -5.293717722513e+001
  2.510520790114e+002 -3.773163137538e+001 -5.291557814252e+001
  2.508485877229e+002 -3.788008743130e+001 -5.298039814605e+001
  2.505855176974e+002 -3.795462681879e+001 -5.313094291304e+001
  2.504941828775e+002 -3.796664715662e+001 -5.296775003769e+001
  2.504883682687e+002 -3.788355793328e+001 -5.300269438311e+001
  2.504329069613e+002 -3.782093495454e+001 -5.322573484382e+001
  2.501502078280e+002 -3.765030708538e+001 -5.337859592892e+001
  2.500607562952e+002 -3.741410020300e+001 -5.334605451077e+001
  2.501218237863e+002 -3.692703720626e+001 -5.357049523382e+001
  2.501849299036e+002 -3.638655911869e+001 -5.373571356216e+001
  2.502518516157e+002 -3.591444168134e+001 -5.387142789413e+001
  2.503772200373e+002 -3.573852703324e+001 -5.392732808549e+001
  2.504073391266e+002 -3.546908811298e+001 -5.407280983178e+001
  2.509465844105e+002 -3.572552772422e+001 -5.417187270114e+001
  2.505824513328e+002 -3.547315682876e+001 -5.410738879123e+001
  2.504144898311e+002 -3.517791528577e+001 -5.397326373443e+001
  2.501716732249e+002 -3.481307559399e+001 -5.390135780134e+001
  2.496504602919e+002 -3.400033579221e+001 -5.404379197638e+001
  2.493648548787e+002 -3.335679240995e+001 -5.414938942323e+001
  2.489896008294e+002 -3.310612758942e+001 -5.415272603088e+001
  2.487080744627e+002 -3.298478001474e+001 -5.419908399485e+001
  2.487959319058e+002 -3.315508236130e+001 -5.413150820957e+001
  2.488517785705e+002 -3.335828094292e+001 -5.416010243050e+001
  2.488146890112e+002 -3.351302669267e+001 -5.395432179300e+001
  2.486518068954e+002 -3.358218856141e+001 -5.398684263778e+001
  2.485714488004e+002 -3.355461746276e+001 -5.407342957057e+001
  2.489432551489e+002 -3.313408460948e+001 -5.426070608462e+001
  2.493122769659e+002 -3.266034113839e+001 -5.429075324809e+001
  2.492006284630e+002 -3.269346738850e+001 -5.401242300007e+001
  2.491962783362e+002 -3.261546045454e+001 -5.400277066545e+001
  2.491592438164e+002 -3.253842732305e+001 -5.399953456146e+001
  2.491285146111e+002 -3.247329484363e+001 -5.398493432432e+001
  2.491740554136e+002 -3.232043081064e+001 -5.390740894881e+001
  2.491381681032e+002 -3.227551931173e+001 -5.394508759311e+001
  2.491155877943e+002 -3.223757897423e+001 -5.398756092564e+001
  2.490947063142e+002 -3.216782298193e+001 -5.402289073693e+001
  2.488465813860e+002 -3.244469874844e+001 -5.505020612297e+001
  2.488365711991e+002 -3.234160091121e+001 -5.506101682673e+001
  2.488344918161e+002 -3.234093631359e+001 -5.504464464270e+001
  2.488000534729e+002 -3.230044928830e+001 -5.504616998490e+001
  2.488922453832e+002 -3.246490190307e+001 -5.501490510505e+001
  2.489957928164e+002 -3.259374289607e+001 -5.501842378609e+001
  2.491155747021e+002 -3.273854268371e+001 -5.440815939814e+001
  2.495278057127e+002 -3.235491118815e+001 -5.409476298936e+001
  2.498846716385e+002 -3.231312217075e+001 -5.392473137955e+001
  2.498372920224e+002 -3.210735954316e+001 -5.388713513068e+001
  2.498671471087e+002 -3.234031824050e+001 -5.382672854245e+001
  2.500862468533e+002 -3.266835365119e+001 -5.364894230063e+001
  2.503358020729e+002 -3.272699658414e+001 -5.354290506628e+001
  2.501146064353e+002 -3.331673575389e+001 -5.345141211095e+001
  2.500897220531e+002 -3.293463614946e+001 -5.346729961554e+001
  2.500800320323e+002 -3.273494878861e+001 -5.344558572812e+001
  2.499265238015e+002 -3.270790112333e+001 -5.350430014168e+001
  2.496001038239e+002 -3.270302664733e+001 -5.356522747031e+001
  2.492525652313e+002 -3.261688354662e+001 -5.369411996753e+001
  2.487987137366e+002 -3.250969907020e+001 -5.384395636915e+001
  2.485006469885e+002 -3.253516656763e+001 -5.397506747300e+001
  2.482894206790e+002 -3.247671875234e+001 -5.403841509917e+001
  2.483349174857e+002 -3.237274662753e+001 -5.405777594233e+001
  2.486220638036e+002 -3.300500215930e+001 -5.389155944718e+001
  2.486956344541e+002 -3.309870558028e+001 -5.381987978379e+001
  2.487805766095e+002 -3.292729506415e+001 -5.374824826627e+001
  2.490395079844e+002 -3.255227914131e+001 -5.353199448433e+001
  2.492870314492e+002 -3.211377141968e+001 -5.342989896426e+001
  2.495677663622e+002 -3.162150203694e+001 -5.327098498934e+001
  2.497284934311e+002 -3.136535629052e+001 -5.322162994490e+001
  2.498254780526e+002 -3.116201303891e+001 -5.306445055644e+001
  2.498688546148e+002 -3.105087867537e+001 -5.299712795280e+001
  2.498318488950e+002 -3.095672111025e+001 -5.292760465547e+001
  2.497925488171e+002 -3.087703698383e+001 -5.297164143472e+001
  2.497080896535e+002 -3.087402785554e+001 -5.302306633212e+001
  2.496462976711e+002 -3.084580061126e+001 -5.308615840540e+001
  2.496890584536e+002 -3.071635337353e+001 -5.314838931776e+001
  2.496828608738e+002 -3.061973295792e+001 -5.325604852129e+001
  2.495606600114e+002 -3.058086370646e+001 -5.331984558530e+001
  2.494528354093e+002 -3.046785965709e+001 -5.348371767175e+001
  2.493842239260e+002 -3.039770519976e+001 -5.357124549846e+001
  2.492921184647e+002 -3.029029972908e+001 -5.368314251981e+001
  2.490702541314e+002 -3.027527087710e+001 -5.371973865960e+001
  2.488940598051e+002 -3.025399076369e+001 -5.377476992354e+001
  2.484708899997e+002 -3.043504790226e+001 -5.394298623066e+001
  2.479130558093e+002 -3.076242206211e+001 -5.420049294421e+001
  2.480005353940e+002 -3.046257882121e+001 -5.414968989552e+001
  2.477258161150e+002 -3.049691061258e+001 -5.426081788863e+001
  2.476781728032e+002 -3.039744345329e+001 -5.433338029084e+001
  2.476337272973e+002 -3.031515347579e+001 -5.432575028482e+001
  2.476243392289e+002 -2.995257119958e+001 -5.433897141417e+001
  2.476088113318e+002 -2.976411027380e+001 -5.428306739633e+001
  2.475530679026e+002 -2.957411321984e+001 -5.425124977928e+001
  2.476540651052e+002 -2.934702946703e+001 -5.422348080113e+001
  2.476571989263e+002 -2.913026144270e+001 -5.420887527867e+001
  2.477997931439e+002 -2.887102536470e+001 -5.405160755331e+001
  2.480206506632e+002 -2.946027350255e+001 -5.394906494780e+001
  2.482401678234e+002 -3.045144929674e+001 -5.420689178976e+001
  2.480565820491e+002 -3.069311288997e+001 -5.425357178541e+001
  2.478556590545e+002 -3.077802770477e+001 -5.401580295104e+001
  2.476307292442e+002 -3.087915623194e+001 -5.394948463119e+001
  2.480225178205e+002 -3.042102246296e+001 -5.374750275927e+001
  2.476875451552e+002 -3.060707027201e+001 -5.387498923903e+001
  2.473160440614e+002 -3.085725964086e+001 -5.397998438849e+001
  2.472944543119e+002 -3.077407792598e+001 -5.401985006481e+001
  2.472849664508e+002 -3.073104141611e+001 -5.400035629929e+001
  2.472562761545e+002 -3.068645655721e+001 -5.403438762396e+001
  2.472107015023e+002 -3.063486772588e+001 -5.405641978675e+001
  2.471517785169e+002 -3.056556850368e+001 -5.406198112244e+001
  2.471041956350e+002 -3.050125345432e+001 -5.406159015101e+001
  2.470812391771e+002 -3.046005514666e+001 -5.409761488517e+001
  2.469982925586e+002 -3.043992887560e+001 -5.410386096935e+001
  2.469817122814e+002 -3.042659116368e+001 -5.411775641449e+001
  2.470023397984e+002 -3.042087051842e+001 -5.412396754902e+001
  2.470109036572e+002 -3.043181769726e+001 -5.417234189739e+001
  2.470175639361e+002 -3.050780957568e+001 -5.416157460872e+001
  2.480118745041e+002 -2.984511273095e+001 -5.363307337831e+001
  2.481142533603e+002 -3.028988863162e+001 -5.332437061868e+001
  2.480401008838e+002 -3.098673957184e+001 -5.321593364833e+001
  2.482840843637e+002 -3.086739634734e+001 -5.306375750070e+001
  2.479612824689e+002 -3.051372804517e+001 -5.328327686330e+001
  2.478952925133e+002 -3.044451691772e+001 -5.340004577024e+001
  2.477463117138e+002 -3.042762430433e+001 -5.351823287885e+001
  2.477589760728e+002 -3.029928198716e+001 -5.362065219371e+001
  2.476658288280e+002 -3.030786139022e+001 -5.371329318376e+001
  2.476053889709e+002 -3.025887297579e+001 -5.373646162525e+001
  2.473773625852e+002 -3.038692734967e+001 -5.382646138249e+001
  2.471834053884e+002 -3.044226903169e+001 -5.387064129544e+001
  2.469295346132e+002 -3.062358440200e+001 -5.390450620262e+001
  2.466741717227e+002 -3.082552919739e+001 -5.402709839825e+001
  2.463536508527e+002 -3.110250690541e+001 -5.410763461393e+001
  2.460838249171e+002 -3.136619424914e+001 -5.426344386776e+001
  2.459117546973e+002 -3.150601020210e+001 -5.431522452136e+001
  2.458576361207e+002 -3.149763583269e+001 -5.434301755261e+001
  2.456960009670e+002 -3.164709177207e+001 -5.448938262503e+001
  2.453593459001e+002 -3.189005476594e+001 -5.457187304314e+001
  2.450049701059e+002 -3.233337949313e+001 -5.474257797328e+001
  2.447355514950e+002 -3.257374379917e+001 -5.488378234813e+001
  2.443891668140e+002 -3.293982188637e+001 -5.510887854573e+001
  2.442180971849e+002 -3.296744544806e+001 -5.513758852277e+001
  2.442662197338e+002 -3.275235952437e+001 -5.508248731255e+001
  2.444590843274e+002 -3.241232668208e+001 -5.502620539771e+001
  2.447264019166e+002 -3.198289831583e+001 -5.485861109711e+001
  2.449289589141e+002 -3.155905592226e+001 -5.481815194675e+001
  2.448959097451e+002 -3.144259833983e+001 -5.479918017428e+001
  2.451144225063e+002 -3.109556435552e+001 -5.482439000055e+001
  2.453880980554e+002 -3.081778262673e+001 -5.471546871848e+001
  2.454323571066e+002 -3.069216220435e+001 -5.464306566065e+001
  2.457348820764e+002 -3.047436186845e+001 -5.462044015748e+001
  2.458716612983e+002 -3.043098296699e+001 -5.443741887527e+001
  2.459953108855e+002 -3.074585871903e+001 -5.446452800075e+001
  2.453571214759e+002 -3.052218373774e+001 -5.469865144267e+001
  2.449551345832e+002 -2.973682693109e+001 -5.477729428099e+001
  2.447852373762e+002 -2.931920311282e+001 -5.486927338554e+001
  2.448117242282e+002 -2.868675277495e+001 -5.492210602223e+001
  2.448762893483e+002 -2.802206659166e+001 -5.498373948875e+001
  2.449977466374e+002 -2.753493714589e+001 -5.487548924366e+001
  2.449840128327e+002 -2.709809409608e+001 -5.477643116612e+001
  2.450266729387e+002 -2.662526589171e+001 -5.469177932756e+001
  2.450066929841e+002 -2.631286851731e+001 -5.463837595883e+001
  2.449488255590e+002 -2.596089522292e+001 -5.458643153846e+001
  2.451444588829e+002 -2.550414765298e+001 -5.456987880888e+001
  2.452600287621e+002 -2.531389605659e+001 -5.458019512191e+001
  2.451076788255e+002 -2.511161586200e+001 -5.459681864640e+001
  2.450556383970e+002 -2.494036669898e+001 -5.450122978957e+001
  2.450955511599e+002 -2.471747111823e+001 -5.447594970303e+001
  2.453974700360e+002 -2.472993017338e+001 -5.436395216896e+001
  2.460191807009e+002 -2.490534866839e+001 -5.414862010305e+001
  2.469384706666e+002 -2.489371075060e+001 -5.407890458753e+001
  2.473869361259e+002 -2.479208924225e+001 -5.399931799315e+001
  2.475069547776e+002 -2.445395843069e+001 -5.396095872296e+001
  2.474984525193e+002 -2.456785865320e+001 -5.395184862829e+001
  2.472809125431e+002 -2.467774644079e+001 -5.397078002018e+001
  2.469779306377e+002 -2.484526498692e+001 -5.395504259785e+001
  2.466306650960e+002 -2.508180745190e+001 -5.389369010535e+001
  2.464424592872e+002 -2.516171958926e+001 -5.384742317192e+001
  2.464020575276e+002 -2.511213637031e+001 -5.373809421717e+001
  2.462696739077e+002 -2.508661646203e+001 -5.373273737212e+001
  2.465692310802e+002 -2.473145155914e+001 -5.390919617741e+001
  2.469060279805e+002 -2.422946364179e+001 -5.400598637312e+001
  2.468864468509e+002 -2.422825774528e+001 -5.382830319670e+001
  2.468837680144e+002 -2.417373054445e+001 -5.381698423833e+001
  2.468400284632e+002 -2.411332494960e+001 -5.359359694907e+001
  2.468319594269e+002 -2.403996808446e+001 -5.359323239326e+001
  2.467924466902e+002 -2.399913165271e+001 -5.357672597965e+001
  2.467849179994e+002 -2.392263574473e+001 -5.355857711427e+001
  2.467802164278e+002 -2.386823431948e+001 -5.357773742759e+001
  2.467583946320e+002 -2.384362443318e+001 -5.355686674286e+001
  2.467317180535e+002 -2.381257128063e+001 -5.354006763812e+001
  2.469549530266e+002 -2.432187168814e+001 -5.337572088687e+001
  2.475823729106e+002 -2.544082541864e+001 -5.341893014754e+001
  2.468951029965e+002 -2.633819061041e+001 -5.362473782119e+001
  2.465421704803e+002 -2.628585662793e+001 -5.366182176566e+001
  2.464077053273e+002 -2.602765650012e+001 -5.367534413585e+001
  2.464025995897e+002 -2.589594347328e+001 -5.364186085558e+001
  2.462481131026e+002 -2.591800383645e+001 -5.362883581167e+001
  2.460124603690e+002 -2.592493584789e+001 -5.359836888839e+001
  2.456897308494e+002 -2.600493089897e+001 -5.367899315566e+001
  2.455438527165e+002 -2.600588075874e+001 -5.365355276154e+001
  2.452435914281e+002 -2.603993247210e+001 -5.369190363574e+001
  2.455219076340e+002 -2.586645801162e+001 -5.356853485656e+001
  2.453857208767e+002 -2.589777729107e+001 -5.372677509490e+001
  2.454317045180e+002 -2.586712097308e+001 -5.378643863367e+001
  2.456377563841e+002 -2.567123632806e+001 -5.377508520834e+001
  2.459397364292e+002 -2.533609310934e+001 -5.378695626203e+001
  2.462656432575e+002 -2.495539517999e+001 -5.397124176128e+001
  2.466634690333e+002 -2.468056713468e+001 -5.399748827570e+001
  2.469364251990e+002 -2.462761353904e+001 -5.390432961790e+001
  2.470763446183e+002 -2.455700618843e+001 -5.392632811993e+001
  2.471521284287e+002 -2.442035548531e+001 -5.404408603121e+001
  2.469184712031e+002 -2.443460931366e+001 -5.403957456758e+001
  2.465100715657e+002 -2.447655128147e+001 -5.392171702528e+001
  2.461214212189e+002 -2.475163961734e+001 -5.380571256873e+001
  2.457504622670e+002 -2.509435636262e+001 -5.383054854581e+001
  2.452098469775e+002 -2.565228439448e+001 -5.399505431982e+001
  2.448140835852e+002 -2.624245060501e+001 -5.415888013953e+001
  2.446843826812e+002 -2.632179726435e+001 -5.411219539764e+001
  2.445235187493e+002 -2.619338764090e+001 -5.411681704633e+001
  2.442597516884e+002 -2.596862553035e+001 -5.421904741998e+001
  2.440480788476e+002 -2.572630235260e+001 -5.430718989956e+001
  2.441584336826e+002 -2.528556432531e+001 -5.429217994744e+001
  2.440464583545e+002 -2.503319027029e+001 -5.427058391896e+001
  2.438473751929e+002 -2.469662150832e+001 -5.433866760787e+001
  2.433435268319e+002 -2.378752482105e+001 -5.448953136203e+001
  2.431777873290e+002 -2.324283167391e+001 -5.440609339658e+001
  2.433112109263e+002 -2.302956430477e+001 -5.442236755525e+001
  2.433632488846e+002 -2.290660310959e+001 -5.419890404390e+001
  2.434086992858e+002 -2.274996501775e+001 -5.406998984082e+001
  2.435490441911e+002 -2.240550669244e+001 -5.401501449238e+001
  2.436260854834e+002 -2.218104983690e+001 -5.395490509310e+001
  2.436577629739e+002 -2.204528664484e+001 -5.396368663984e+001
  2.436631060704e+002 -2.198518602517e+001 -5.400212911239e+001
  2.439750446855e+002 -2.158417047577e+001 -5.407016608218e+001
  2.439604097638e+002 -2.200441270925e+001 -5.403674833773e+001
  2.441463617635e+002 -2.228596816231e+001 -5.402627287845e+001
  2.438584937561e+002 -2.197252510068e+001 -5.412275872515e+001
  2.435114647964e+002 -2.183353323622e+001 -5.417742111898e+001
  2.433173566659e+002 -2.164225459335e+001 -5.416756820663e+001
  2.431978084502e+002 -2.167697078478e+001 -5.410359499499e+001
  2.429923140378e+002 -2.172262353282e+001 -5.407853981009e+001
  2.426641879288e+002 -2.188410538985e+001 -5.413184903152e+001
  2.423213768960e+002 -2.197857004556e+001 -5.439018110797e+001
  2.419757374568e+002 -2.213947235116e+001 -5.454206940854e+001
  2.416297508089e+002 -2.228964419691e+001 -5.470991347080e+001
  2.414228417833e+002 -2.236716580704e+001 -5.479956847609e+001
  2.413723022253e+002 -2.233438089505e+001 -5.479822704861e+001
  2.417297544553e+002 -2.197549143318e+001 -5.462341391282e+001
  2.421643090449e+002 -2.153594371622e+001 -5.437845790179e+001
  2.424086907621e+002 -2.138474726684e+001 -5.429072842896e+001
  2.424085463053e+002 -2.123957259608e+001 -5.428356276371e+001
  2.424153039685e+002 -2.115995431172e+001 -5.421588548983e+001
  2.422989993423e+002 -2.112423617162e+001 -5.415990615191e+001
  2.424752880280e+002 -2.095063130482e+001 -5.406331422409e+001
  2.421794133345e+002 -2.096237522120e+001 -5.406419766653e+001
  2.423164671417e+002 -2.078317307729e+001 -5.397708469861e+001
  2.423587104690e+002 -2.064533366170e+001 -5.383466364149e+001
  2.425033056032e+002 -2.049859388224e+001 -5.379987875643e+001
  2.427680961796e+002 -2.046168729808e+001 -5.377391952794e+001
  2.428695185941e+002 -2.039986397408e+001 -5.361049866640e+001
  2.429305946494e+002 -2.032974645939e+001 -5.353839984809e+001
  2.430191845284e+002 -2.025081851071e+001 -5.347430324400e+001
  2.430888515587e+002 -2.012207311697e+001 -5.345116904494e+001
  2.430781670644e+002 -1.995004822407e+001 -5.336017459441e+001
  2.431479308084e+002 -1.976090741107e+001 -5.332731115239e+001
  2.433260376316e+002 -1.957900294204e+001 -5.332922263350e+001
  2.435270181210e+002 -1.934083479151e+001 -5.332252669796e+001
  2.433704556713e+002 -1.921623392232e+001 -5.348920564554e+001
  2.433026122645e+002 -1.906100381697e+001 -5.360380138553e+001
  2.431771153886e+002 -1.890685276635e+001 -5.381141011327e+001
  2.427127833123e+002 -1.880932610741e+001 -5.392474455069e+001
  2.421904860693e+002 -1.890465132101e+001 -5.404410680560e+001
  2.418586741204e+002 -1.913241797901e+001 -5.395497880264e+001
  2.416006459047e+002 -1.942424332664e+001 -5.397970480034e+001
  2.413110157701e+002 -1.968346163933e+001 -5.388927136181e+001
  2.410813535393e+002 -1.981563752879e+001 -5.401244534067e+001
  2.408333063232e+002 -1.982280331489e+001 -5.413020312121e+001
  2.408290062815e+002 -1.939759599087e+001 -5.424497945568e+001
  2.405829777440e+002 -1.921474804328e+001 -5.431861402069e+001
  2.403715480328e+002 -1.883385410191e+001 -5.445230660886e+001
  2.403112503212e+002 -1.844173119543e+001 -5.443918429372e+001
  2.401519348919e+002 -1.823923357215e+001 -5.453848884543e+001
  2.400770410879e+002 -1.782540993938e+001 -5.453246367877e+001
  2.398561360556e+002 -1.699864894530e+001 -5.453577010471e+001
  2.393843553939e+002 -1.637776996280e+001 -5.463818624292e+001
  2.393950144902e+002 -1.607548212543e+001 -5.484819389146e+001
  2.397108801627e+002 -1.609279013939e+001 -5.514233505833e+001
  2.398937072456e+002 -1.595425920187e+001 -5.521792770947e+001
  2.399804224661e+002 -1.574742863816e+001 -5.553029375911e+001
  2.403088733002e+002 -1.535374089413e+001 -5.554163546174e+001
  2.403094208991e+002 -1.531501866264e+001 -5.550877337621e+001
  2.405614127397e+002 -1.497514614392e+001 -5.543151117842e+001
  2.404379333897e+002 -1.503874724624e+001 -5.595782372819e+001
  2.405334020871e+002 -1.481243629900e+001 -5.643180085145e+001
  2.405355914986e+002 -1.445687702461e+001 -5.653940572806e+001
  2.405277952380e+002 -1.444420838776e+001 -5.657193804966e+001
  2.408789662530e+002 -1.392724188788e+001 -5.627008221057e+001
  2.412542145479e+002 -1.474985613438e+001 -5.610300921288e+001
                  nan                  nan                  nan
                  nan                  nan                  nan
                  nan                  nan                  nan
                  nan                  nan                  nan
                  nan                  nan                  nan
                  nan                  nan                  nan
                  nan                  nan                  nan
                  nan                  nan                  nan
                  nan                  nan                  nan
                  nan                  nan                  nan
                  nan                  nan                  nan
                  nan                  nan                  nan
                  nan                  nan                  nan
                  nan                  nan                  nan
                  nan                  nan                  nan
                  nan                  nan                  nan
                  nan                  nan                  nan
                  nan                  nan                  nan
