  0.000000000000e+000
  0.000000000000e+000
  0.000000000000e+000
  0.000000000000e+000
  0.000000000000e+000
  0.000000000000e+000
  0.000000000000e+000
  0.000000000000e+000
  0.000000000000e+000
  0.000000000000e+000
  0.000000000000e+000
  0.000000000000e+000
  0.000000000000e+000
  0.000000000000e+000
  0.000000000000e+000
  0.000000000000e+000
  0.000000000000e+000
  0.000000000000e+000
  0.000000000000e+000
  9.888999938965e+001
  9.873885515370e+001
  9.874209196148e+001
  9.874065053941e+001
  9.884159139207e+001
  9.875880656089e+001
  9.871599052373e+001
  9.871271839900e+001
  9.914690080832e+001
  9.912806173675e+001
  9.937046528003e+001
  9.918337426536e+001
  9.910781229886e+001
  9.890648046063e+001
  9.901410750339e+001
  9.864623309042e+001
  9.871858172152e+001
  9.767801561182e+001
  9.792183408752e+001
  9.864631436886e+001
  9.881876258945e+001
  9.834618809688e+001
  9.829315725691e+001
  9.825246623086e+001
  9.827877546466e+001
  9.828134088213e+001
  9.828087773432e+001
  9.817281150350e+001
  9.827685331146e+001
  9.826122060187e+001
  9.842369053870e+001
  9.893432765123e+001
  9.808754609856e+001
  9.744390321508e+001
  9.733202478623e+001
  9.740031661760e+001
  9.713967055925e+001
  9.713250743384e+001
  9.746578698048e+001
  9.788304543002e+001
  9.780250087127e+001
  9.769190497738e+001
  9.776691010237e+001
  9.778371628606e+001
  9.794542507469e+001
  9.797377985791e+001
  9.801227936138e+001
  9.781009554071e+001
  9.745110501990e+001
  9.660943890751e+001
  9.665079206873e+001
  9.657935672446e+001
  9.646195817364e+001
  9.683020005177e+001
  9.697606721884e+001
  9.687526395816e+001
  9.714096709125e+001
  9.751197213590e+001
  9.728903552152e+001
  9.498379272216e+001
  9.370470426012e+001
  9.124428164932e+001
  9.333068526317e+001
  9.444157023949e+001
  9.458466998661e+001
  9.428624621185e+001
  9.263551938237e+001
  9.142424317431e+001
  9.102009985160e+001
  9.097600948227e+001
  9.079763393988e+001
  9.102367802281e+001
  9.133036834189e+001
  9.187150807417e+001
  9.185829267835e+001
  9.183086084538e+001
  9.179671287010e+001
  9.178220070284e+001
  9.185937967077e+001
  9.188598441483e+001
  9.180946560579e+001
  9.166890083616e+001
  9.172835410422e+001
  9.175136166013e+001
  9.179236375858e+001
  9.179439657342e+001
  9.162835469314e+001
  9.162180932213e+001
  9.165127600041e+001
  9.132891412728e+001
  9.274548130370e+001
  9.169914727872e+001
  9.193149214404e+001
  9.362184961105e+001
  9.305542665615e+001
  9.111307935604e+001
  9.059657666368e+001
  9.138222319085e+001
  9.072755270631e+001
  9.140376643500e+001
  9.194718327713e+001
  9.202728471649e+001
  9.183875779261e+001
  9.259136864500e+001
  9.262019245733e+001
  9.260930164246e+001
  9.261984922553e+001
  9.297542383586e+001
  9.317623073443e+001
  9.375413303490e+001
  9.315923584836e+001
  9.248300179031e+001
  9.087107958799e+001
  9.183571101502e+001
  9.227857236138e+001
  9.188839747468e+001
  9.142652432139e+001
  9.115202886251e+001
  9.188381595781e+001
  9.530882123558e+001
  9.418680003297e+001
  8.865239719460e+001
  9.093489753745e+001
  9.091327171146e+001
  9.098737580470e+001
  9.109841292769e+001
  9.114278450603e+001
  9.101184837660e+001
  9.088809171824e+001
  9.096192514901e+001
  9.084680488462e+001
  9.081525813152e+001
  9.077157002979e+001
  9.094277426639e+001
  9.086095947312e+001
  9.072500474344e+001
  9.071765747018e+001
  9.066589707714e+001
  9.095380605780e+001
  8.989510835208e+001
  8.921685362780e+001
  9.085063287000e+001
  9.655236353019e+001
  9.736225897446e+001
  9.579514406032e+001
  9.326641745546e+001
  9.205424360897e+001
  9.232584983799e+001
  9.329453710165e+001
  9.358808669044e+001
  9.371512290970e+001
  9.420195019717e+001
  9.501945984979e+001
  9.311191931027e+001
  9.504880690605e+001
  9.604838899242e+001
  9.702907072783e+001
  9.863270636372e+001
  9.935552744474e+001
  9.945533353029e+001
  9.941719598336e+001
  9.825709268304e+001
  9.691713320618e+001
  9.826517725219e+001
  9.783542601870e+001
  9.823070100231e+001
  9.882537937677e+001
  9.863091944682e+001
  9.834404005707e+001
  9.826325345691e+001
  9.833132985472e+001
  9.866948240306e+001
  9.745147750818e+001
  9.700122968500e+001
  9.624419247868e+001
  9.592803817269e+001
  9.725084583837e+001
  9.675217960837e+001
  9.816968150729e+001
  9.856758520405e+001
  9.789839479591e+001
  9.610292185330e+001
  9.418398604072e+001
  9.278431852486e+001
  9.185251783262e+001
  9.192705998455e+001
  9.183731223589e+001
  9.164296943996e+001
  9.124438762851e+001
  9.343542533467e+001
  9.295809712757e+001
  9.296440108780e+001
  9.305044783982e+001
  9.306529700597e+001
  9.305969907039e+001
  9.307628200369e+001
  9.293050842509e+001
  9.184249037795e+001
  8.906862972612e+001
  9.162496442756e+001
  9.101256661434e+001
  9.094970192984e+001
  9.084753230560e+001
  9.092471518235e+001
  9.079717018530e+001
  8.942387243701e+001
  8.874917916135e+001
  8.828058651399e+001
  8.762070268580e+001
  8.345467564572e+001
  8.160797680832e+001
  8.155380722803e+001
  8.157708320720e+001
  8.113843996823e+001
  8.190883785298e+001
  8.249292426007e+001
  8.300802923705e+001
  8.342429846374e+001
  8.286453117011e+001
  8.278869211197e+001
  8.178674230282e+001
  8.200865454569e+001
  8.187094501609e+001
  8.167202757200e+001
  8.173645182779e+001
  8.187159390762e+001
  8.233839010761e+001
  8.218344495434e+001
  8.243188374148e+001
  8.373841790143e+001
  8.442273721222e+001
  8.506061927107e+001
  8.513544837656e+001
  8.516214673360e+001
  8.543305470747e+001
  8.581682461250e+001
  8.571269496278e+001
  8.608214963118e+001
  8.623177192036e+001
  8.641395903100e+001
  8.701287802021e+001
  8.648229099163e+001
  8.848079046880e+001
  8.962648310183e+001
  9.055161922903e+001
  9.046832708852e+001
  9.153466208154e+001
  9.341386231541e+001
  9.464942715572e+001
  9.705161877388e+001
  9.743693956885e+001
  9.989341783198e+001
  1.003914170862e+002
  1.008522923354e+002
  1.001217076170e+002
  1.001675058416e+002
  1.002585322970e+002
  1.002007057188e+002
  1.002043191007e+002
  1.001732523434e+002
  1.003113123001e+002
  1.003599669787e+002
  1.004297891951e+002
  1.003823996218e+002
  1.004772430574e+002
  1.004475414173e+002
  1.003719468652e+002
  1.004129861562e+002
  1.004586699219e+002
  1.025027411378e+002
  1.028051498045e+002
  1.014159141975e+002
  1.018454252110e+002
  1.015768495109e+002
  9.846874880394e+001
  9.878245720240e+001
  9.881857173644e+001
  9.893031455129e+001
  9.893320711423e+001
  9.923654659620e+001
  9.924226046060e+001
  9.950872442415e+001
  9.989751381362e+001
  1.007383408737e+002
  1.009559142996e+002
  1.013325483896e+002
  1.018318984680e+002
  1.026198594738e+002
  1.030970994732e+002
  1.036652267659e+002
  1.041927011117e+002
  1.025974837487e+002
  1.022498836746e+002
  1.002641310343e+002
  9.921799666158e+001
  9.925344880762e+001
  9.882886281079e+001
  9.698003765397e+001
  9.715550574150e+001
  9.774814001537e+001
  9.771754663653e+001
  9.777242213385e+001
  9.663247881032e+001
  9.648407310629e+001
  9.737142718310e+001
  9.725273552402e+001
  9.767373446035e+001
  9.805876890268e+001
  9.840606289986e+001
  9.919457597650e+001
  9.997722345046e+001
  1.017469229576e+002
  1.016437871125e+002
  1.015555243741e+002
  1.020412529287e+002
  1.016098802239e+002
  1.015621028120e+002
  1.018804857844e+002
  1.027373963227e+002
  1.019807399493e+002
  1.018816436104e+002
  1.020101516548e+002
  1.019336804316e+002
  1.020974627490e+002
  1.019969348001e+002
  1.018679179630e+002
  1.018844595232e+002
  1.020789682742e+002
  1.019363770443e+002
  1.019532204266e+002
  1.017901066791e+002
  1.018757894659e+002
  1.018023291073e+002
  1.018661909111e+002
  1.021074647040e+002
  1.014819917332e+002
  1.013446737149e+002
  1.013130908518e+002
  1.008936430359e+002
  1.019991628180e+002
  1.039991426119e+002
  1.034207706523e+002
  1.036650415867e+002
  1.030205373460e+002
  1.045047743054e+002
  1.048042879276e+002
  1.044508734980e+002
  1.041766192866e+002
  1.032501475609e+002
  1.024824964234e+002
  1.028874063451e+002
  1.037057419256e+002
  1.049529738299e+002
  1.064785157369e+002
  1.064211304647e+002
  1.078287082640e+002
  1.094063199528e+002
  1.091774921012e+002
  1.090003620443e+002
  1.097472485079e+002
  1.117359796693e+002
  1.125527970558e+002
  1.158059516908e+002
  1.186169335679e+002
  1.193327036732e+002
  1.205871853355e+002
  1.205883483669e+002
  1.207250664514e+002
  1.195590077797e+002
  1.187506539138e+002
  1.182240766410e+002
  1.174197375364e+002
  1.187529604398e+002
  1.186201299073e+002
  1.190081096959e+002
  1.182648116792e+002
  1.179577208041e+002
  1.176793825121e+002
  1.165106038460e+002
  1.164093093892e+002
  1.173843162483e+002
  1.175361410767e+002
  1.180959198017e+002
  1.179348362093e+002
  1.178340967204e+002
  1.179401690414e+002
  1.176483279799e+002
  1.177973970979e+002
  1.176255714802e+002
  1.177536753905e+002
  1.181116845376e+002
  1.180690994071e+002
  1.181255096647e+002
  1.181329542461e+002
  1.181938600387e+002
  1.180984281194e+002
  1.179969930143e+002
  1.172374384412e+002
  1.163970085580e+002
  1.156378426844e+002
  1.147244136325e+002
  1.144403456651e+002
  1.139054189109e+002
  1.140711540385e+002
  1.153098906233e+002
  1.157552933332e+002
  1.158647391028e+002
  1.147574504463e+002
  1.140113772843e+002
  1.129321349858e+002
  1.128962926036e+002
  1.126517122024e+002
  1.130043938550e+002
  1.134893004193e+002
  1.128683986648e+002
  1.126162457343e+002
  1.131994942871e+002
  1.140486381325e+002
  1.153290229126e+002
  1.153808768709e+002
  1.159793644063e+002
  1.161617788299e+002
  1.167597287096e+002
  1.166986806646e+002
  1.167255601378e+002
  1.167670392210e+002
  1.164340809782e+002
  1.160513492874e+002
  1.168121285875e+002
  1.183033809632e+002
  1.188035732039e+002
  1.191462920902e+002
  1.192379083265e+002
  1.193937071039e+002
  1.191375598812e+002
  1.169922771247e+002
  1.172360774203e+002
  1.165047106219e+002
  1.165720178562e+002
  1.164841288442e+002
  1.170022869555e+002
  1.165332695246e+002
  1.163888066680e+002
  1.165073411576e+002
  1.166511535912e+002
  1.167425506802e+002
  1.175846256294e+002
  1.167701000273e+002
  1.143148929155e+002
  1.137052580037e+002
  1.128319820372e+002
  1.169140495325e+002
  1.150528851216e+002
  1.138723140605e+002
  1.136426419348e+002
  1.137453612887e+002
  1.135673497587e+002
  1.134714189644e+002
  1.135332035736e+002
  1.136938561456e+002
  1.136514423591e+002
  1.134662657879e+002
  1.135198728863e+002
  1.136105805462e+002
  1.135045089759e+002
  1.133726827172e+002
  1.149452167078e+002
  1.151903565342e+002
  1.162261295294e+002
  1.165545108392e+002
  1.172758123848e+002
  1.177825084912e+002
  1.184895714582e+002
  1.187206233974e+002
  1.193085529896e+002
  1.196116083729e+002
  1.205932075345e+002
  1.209735912487e+002
  1.213125294948e+002
  1.228114862576e+002
  1.246813882251e+002
  1.267174484633e+002
  1.271959637526e+002
  1.273761763507e+002
  1.276327883295e+002
  1.284273714290e+002
  1.291729880657e+002
  1.296415517617e+002
  1.297377521596e+002
  1.297173393596e+002
  1.300978370285e+002
  1.304206125456e+002
  1.303103439051e+002
  1.305547869253e+002
  1.305549913418e+002
  1.311371883580e+002
  1.333474687040e+002
  1.335603877710e+002
  1.344173408864e+002
  1.355242406365e+002
  1.363415615479e+002
  1.360890812407e+002
  1.357404836488e+002
  1.361417541015e+002
  1.359801927553e+002
  1.363460538796e+002
  1.360564216283e+002
  1.348675252866e+002
  1.341406936625e+002
  1.328568670405e+002
  1.318204982847e+002
  1.298716690870e+002
  1.300570167975e+002
  1.294441499749e+002
  1.288407560926e+002
  1.279877824108e+002
  1.280772558596e+002
  1.284691206271e+002
  1.271264558400e+002
  1.256167433617e+002
  1.254527001362e+002
  1.253143238660e+002
  1.254258172728e+002
  1.249706399850e+002
  1.248397578096e+002
  1.247590802420e+002
  1.250841406551e+002
  1.251498608801e+002
  1.248045695996e+002
  1.244707979909e+002
  1.248075206980e+002
  1.247860184562e+002
  1.249089731386e+002
  1.248951311134e+002
  1.248665752512e+002
  1.247937554801e+002
  1.248894066587e+002
  1.249247500079e+002
  1.251114241347e+002
  1.251298659008e+002
  1.250495915890e+002
  1.268333215382e+002
  1.281168273588e+002
  1.281968314160e+002
  1.282536822458e+002
  1.281980810245e+002
  1.281619865456e+002
  1.275579866411e+002
  1.274035537758e+002
  1.268240936426e+002
  1.285394559045e+002
  1.280267612911e+002
  1.283506087385e+002
  1.292409607620e+002
  1.311126055501e+002
  1.347246936454e+002
  1.381698168019e+002
  1.414170239697e+002
  1.433864149457e+002
  1.435596062066e+002
  1.440209076710e+002
  1.439197120806e+002
  1.442991961985e+002
  1.451795842258e+002
  1.476249512268e+002
  1.498331895270e+002
  1.506342224891e+002
  1.508561932786e+002
  1.502136514059e+002
  1.501629143358e+002
  1.498362898685e+002
  1.498611010610e+002
  1.498006750069e+002
  1.483301258935e+002
  1.473333072303e+002
  1.467885729228e+002
  1.460598046260e+002
  1.455850021352e+002
  1.452204594719e+002
  1.444711177766e+002
  1.442019799172e+002
  1.440816431159e+002
  1.441831062409e+002
  1.442208108858e+002
  1.445524682495e+002
  1.444672021556e+002
  1.441177382753e+002
  1.434397158877e+002
  1.434171897476e+002
  1.432453871276e+002
  1.422112028349e+002
  1.405886905522e+002
  1.384705334842e+002
  1.369996025373e+002
  1.359518545502e+002
  1.357667518602e+002
  1.370155586527e+002
  1.396143019963e+002
  1.410610717043e+002
  1.415116679262e+002
  1.421429656769e+002
  1.422770558140e+002
  1.431339293858e+002
  1.420044275673e+002
  1.425322346774e+002
  1.426981904714e+002
  1.427785075710e+002
  1.437783160594e+002
  1.432476492722e+002
  1.423384978388e+002
  1.420084522114e+002
  1.418037540391e+002
  1.415037894577e+002
  1.409760032992e+002
  1.402648479841e+002
  1.394576187855e+002
  1.393741196312e+002
  1.390653976866e+002
  1.390689020893e+002
  1.392662819310e+002
  1.399499270056e+002
  1.406415587837e+002
  1.412236092201e+002
  1.409108195112e+002
  1.411262771718e+002
  1.410202094797e+002
  1.404515832044e+002
  1.396323780002e+002
  1.389082811349e+002
  1.386114051983e+002
  1.387323692913e+002
  1.387610326558e+002
  1.410994642116e+002
  1.430981359125e+002
  1.434514668391e+002
  1.425586206374e+002
  1.421362529615e+002
  1.411276458410e+002
  1.404955929889e+002
  1.405553420535e+002
  1.400668425755e+002
  1.401508264208e+002
  1.398963344222e+002
  1.402138461794e+002
  1.401771110681e+002
  1.398594624099e+002
  1.397564177823e+002
                  nan
                  nan
                  nan
                  nan
                  nan
                  nan
                  nan
                  nan
                  nan
                  nan
                  nan
                  nan
                  nan
                  nan
                  nan
                  nan
                  nan
                  nan
