  0.000000000000e+000
  0.000000000000e+000
  0.000000000000e+000
  0.000000000000e+000
  0.000000000000e+000
  0.000000000000e+000
  0.000000000000e+000
  0.000000000000e+000
  0.000000000000e+000
  7.680000305176e+001
  7.686919153508e+001
  7.691352053759e+001
  7.676288108423e+001
  7.675397844174e+001
  7.673631560669e+001
  7.656457881929e+001
  7.657375856469e+001
  7.659652430823e+001
  7.653112278608e+001
  7.643710176173e+001
  7.634231462293e+001
  7.639797530510e+001
  7.646528388020e+001
  7.660044244264e+001
  7.649051014597e+001
  7.652242402658e+001
  7.649470230381e+001
  7.668448750172e+001
  7.676100312892e+001
  7.702400260544e+001
  7.750600073508e+001
  7.754178700722e+001
  7.703905412659e+001
  7.747561900898e+001
  7.748243231600e+001
  7.760797373026e+001
  7.720627203439e+001
  7.631756834104e+001
  7.580361588668e+001
  7.546416878141e+001
  7.508669701560e+001
  7.344964975682e+001
  7.298777117121e+001
  7.294670547166e+001
  7.283115626722e+001
  7.295620315706e+001
  7.262496364172e+001
  7.295454314219e+001
  7.510198910330e+001
  7.637857875473e+001
  7.404481606227e+001
  7.417115971421e+001
  7.508961660832e+001
  7.573453295626e+001
  7.585122552714e+001
  7.586241039122e+001
  7.584968625774e+001
  7.585026316828e+001
  7.600688838188e+001
  7.642589472532e+001
  7.714997147819e+001
  7.761245900611e+001
  7.807503589160e+001
  7.829203827199e+001
  7.802628048724e+001
  7.807832957625e+001
  7.807546671994e+001
  7.796039691714e+001
  7.803076570450e+001
  7.861150376770e+001
  7.913155002415e+001
  8.034795168765e+001
  8.099381559798e+001
  8.269341148464e+001
  8.463595572052e+001
  8.734840104611e+001
  8.792116931507e+001
  8.845290185530e+001
  8.941235123979e+001
  8.937876518130e+001
  8.932078175847e+001
  8.945614936910e+001
  8.951939933883e+001
  8.968261510411e+001
  9.021466957716e+001
  9.068283425735e+001
  9.121144701599e+001
  9.061332259962e+001
  9.110908972131e+001
  9.119328969420e+001
  9.099554090443e+001
  9.092896890408e+001
  9.085776686304e+001
  9.074392916874e+001
  9.072278116859e+001
  9.032618087686e+001
  9.033644768458e+001
  9.045718486404e+001
  9.060104948321e+001
  9.059897377786e+001
  9.051659475579e+001
  9.058882460711e+001
  9.093900696332e+001
  9.116087370965e+001
  9.195653561967e+001
  9.251369470969e+001
  9.271987368767e+001
  9.257776565095e+001
  9.207863528555e+001
  9.239498630986e+001
  9.270218131432e+001
  9.276691687767e+001
  9.272541644026e+001
  9.277337673180e+001
  9.249116995118e+001
  9.207588130017e+001
  9.219382441942e+001
  9.246668225444e+001
  9.260717182396e+001
  9.298868781596e+001
  9.324191582556e+001
  9.416644335255e+001
  9.506165875112e+001
  9.547253967649e+001
  9.558913084489e+001
  9.534550848217e+001
  9.532046092225e+001
  9.523341820820e+001
  9.447740984609e+001
  9.392282231767e+001
  9.378077910436e+001
  9.411455926674e+001
  9.371338986923e+001
  9.376100841241e+001
  9.376753907704e+001
  9.368247169972e+001
  9.374935895589e+001
  9.412556027720e+001
  9.408150735372e+001
  9.398112826879e+001
  9.321766574993e+001
  9.297628480092e+001
  9.311618376724e+001
  9.319657566712e+001
  9.292848257003e+001
  9.309506275925e+001
  9.265096172521e+001
  9.212566155667e+001
  9.192767019988e+001
  9.161223593947e+001
  9.099459821493e+001
  8.955978224530e+001
  8.900573675669e+001
  8.976128982338e+001
  9.024310016709e+001
  9.256133126902e+001
  9.471962630449e+001
  9.765028524600e+001
  9.943338132857e+001
  1.001157471334e+002
  1.003464783687e+002
  9.993357173945e+001
  9.999299071182e+001
  9.954247446910e+001
  9.893551496527e+001
  9.888589067878e+001
  9.877921329882e+001
  9.887909529389e+001
  9.891552480896e+001
  9.888074797707e+001
  9.897322368342e+001
  9.899356355631e+001
  9.887660470865e+001
  9.881019252700e+001
