8852922 1 1 -1.00 -1.00 35.250000
8853161 1 1 -1.00 -1.00 35.250000
8853405 1 1 -1.00 -1.00 35.250000
8854717 1 1 -1.00 -1.00 35.414063
8854957 1 1 -1.00 -1.00 35.414063
8855201 1 1 -1.00 -1.00 35.414063
8855490 1 1 -1.00 -1.00 35.414063
8856752 1 1 -1.00 -1.00 35.531250
8856991 1 1 -1.00 -1.00 35.531250
8857236 1 1 -1.00 -1.00 35.531250
8858542 1 1 -1.00 -1.00 35.710938
8858783 1 1 -1.00 -1.00 35.710938
8859029 1 1 -1.00 -1.00 35.710938
8860331 1 1 -1.00 -1.00 35.562500
8860571 1 1 -1.00 -1.00 35.562500
8860816 1 1 -1.00 -1.00 35.562500
8862121 1 1 -1.00 -1.00 35.742188
8862362 1 1 -1.00 -1.00 35.742188
8862609 1 1 -1.00 -1.00 35.742188
8862854 1 1 -1.00 -1.00 35.742188
8864158 1 1 -1.00 -1.00 35.515625
8864399 1 1 -1.00 -1.00 35.515625
8864645 1 1 -1.00 -1.00 35.515625
8865946 1 1 -1.00 -1.00 35.304688
8866187 1 1 -1.00 -1.00 35.304688
8866433 1 1 -1.00 -1.00 35.304688
8866721 1 1 -1.00 -1.00 35.304688
8867983 1 1 -1.00 -1.00 35.046875
8868224 1 1 -1.00 -1.00 35.046875
8868510 1 1 -1.00 -1.00 35.046875
8869773 1 1 -1.00 -1.00 34.679688
8870016 1 1 -1.00 -1.00 34.679688
8870262 1 1 -1.00 -1.00 34.679688
8871563 1 1 -1.00 -1.00 34.140625
8871802 1 1 -1.00 -1.00 34.140625
8872047 1 1 -1.00 -1.00 34.140625
8873356 1 1 -1.00 -1.00 33.765625
8873596 1 1 -1.00 -1.00 33.765625
8873842 1 1 -1.00 -1.00 33.765625
8875154 1 1 -1.00 -1.00 33.226563
8875395 1 1 -1.00 -1.00 33.226563
8875640 1 1 -1.00 -1.00 33.226563
8875926 1 1 -1.00 -1.00 33.226563
8877189 1 1 -1.00 -1.00 32.804688
8877430 1 1 -1.00 -1.00 32.804688
8877676 1 1 -1.00 -1.00 32.804688
8878978 1 1 -1.00 -1.00 32.625000
8879218 1 1 -1.00 -1.00 32.625000
8879462 1 1 -1.00 -1.00 32.625000
8880762 1 1 -1.00 -1.00 32.578125
8881003 1 1 -1.00 -1.00 32.578125
8881249 1 1 -1.00 -1.00 32.578125
8882557 1 1 -1.00 -1.00 32.789063
8882799 1 1 -1.00 -1.00 32.789063
8883045 1 1 -1.00 -1.00 32.789063
8883291 1 1 -1.00 -1.00 32.789063
8884593 1 1 -1.00 -1.00 32.859375
8884835 1 1 -1.00 -1.00 32.859375
8885081 1 1 -1.00 -1.00 32.859375
8886383 1 1 -1.00 -1.00 32.828125
8886624 1 1 -1.00 -1.00 32.828125
8886870 1 1 -1.00 -1.00 32.828125
8888172 1 1 -1.00 -1.00 32.718750
8888414 1 1 -1.00 -1.00 32.718750
8888659 1 1 -1.00 -1.00 32.718750
8889970 1 1 -1.00 -1.00 32.609375
8890212 1 1 -1.00 -1.00 32.609375
8890458 1 1 -1.00 -1.00 32.609375
8890743 1 1 -1.00 -1.00 32.609375
8892005 1 1 -1.00 -1.00 32.664063
8892246 1 1 -1.00 -1.00 32.664063
8892491 1 1 -1.00 -1.00 32.664063
8893795 1 1 -1.00 -1.00 32.640625
8894035 1 1 -1.00 -1.00 32.640625
8894281 1 1 -1.00 -1.00 32.640625
8895589 1 1 -1.00 -1.00 32.648438
8895830 1 1 -1.00 -1.00 32.648438
8896076 1 1 -1.00 -1.00 32.648438
8897383 1 1 -1.00 -1.00 32.515625
8897624 1 1 -1.00 -1.00 32.515625
8897869 1 1 -1.00 -1.00 32.515625
8898114 1 1 -1.00 -1.00 32.515625
8899417 1 1 -1.00 -1.00 32.062500
8899657 1 1 -1.00 -1.00 32.062500
8899901 1 1 -1.00 -1.00 32.062500
8901203 1 1 -1.00 -1.00 31.953125
8901444 1 1 -1.00 -1.00 31.953125
8901690 1 1 -1.00 -1.00 31.953125
8903001 1 1 -1.00 -1.00 31.781250
8903241 1 1 -1.00 -1.00 31.781250
8903486 1 1 -1.00 -1.00 31.781250
8903731 1 1 -1.00 -1.00 31.781250
8905034 1 1 -1.00 -1.00 31.609375
8905275 1 1 -1.00 -1.00 31.609375
8905521 1 1 -1.00 -1.00 31.609375
8906825 1 1 -1.00 -1.00 31.375000
8907065 1 1 -1.00 -1.00 31.375000
8907310 1 1 -1.00 -1.00 31.375000
8908616 1 1 -1.00 -1.00 31.320313
8908857 1 1 -1.00 -1.00 31.320313
8909101 1 1 -1.00 -1.00 31.320313
8910404 1 1 -1.00 -1.00 31.312500
8910644 1 1 -1.00 -1.00 31.312500
8910887 1 1 -1.00 -1.00 31.312500
8911177 1 1 -1.00 -1.00 31.312500
8912440 1 1 -1.00 -1.00 31.281250
8912679 1 1 -1.00 -1.00 31.281250
8912924 1 1 -1.00 -1.00 31.281250
8914228 1 1 -1.00 -1.00 31.265625
8914468 1 1 -1.00 -1.00 31.265625
8914714 1 1 -1.00 -1.00 31.265625
8916019 1 1 -1.00 -1.00 31.093750
8916259 1 1 -1.00 -1.00 31.093750
8916505 1 1 -1.00 -1.00 31.093750
8917817 1 1 -1.00 -1.00 30.898438
8918059 1 1 -1.00 -1.00 30.898438
8918304 1 1 -1.00 -1.00 30.898438
8918550 1 1 -1.00 -1.00 30.898438
8919856 1 1 -1.00 -1.00 30.859375
8920097 1 1 -1.00 -1.00 30.859375
8920343 1 1 -1.00 -1.00 30.859375
8921649 1 1 -1.00 -1.00 30.750000
8921888 1 1 -1.00 -1.00 30.750000
8922132 1 1 -1.00 -1.00 30.750000
8923436 1 1 -1.00 -1.00 30.679688
8923677 1 1 -1.00 -1.00 30.679688
8923925 1 1 -1.00 -1.00 30.679688
8924186 1 1 -1.00 -1.00 30.679688
8925471 1 1 -1.00 -1.00 30.429688
8925712 1 1 -1.00 -1.00 30.429688
8925959 1 1 -1.00 -1.00 30.429688
8927259 1 1 -1.00 -1.00 30.343750
8927500 1 1 -1.00 -1.00 30.343750
8927745 1 1 -1.00 -1.00 30.343750
8929044 1 1 -1.00 -1.00 30.210938
8929285 1 1 -1.00 -1.00 30.210938
8929530 1 1 -1.00 -1.00 30.210938
8930835 1 1 -1.00 -1.00 30.093750
8931075 1 1 -1.00 -1.00 30.093750
8931320 1 1 -1.00 -1.00 30.093750
8932631 1 1 -1.00 -1.00 29.875000
8932872 1 1 -1.00 -1.00 29.875000
8933117 1 1 -1.00 -1.00 29.875000
8933362 1 1 -1.00 -1.00 29.875000
8934665 1 1 -1.00 -1.00 29.734375
8934906 1 1 -1.00 -1.00 29.734375
8935152 1 1 -1.00 -1.00 29.734375
8936454 1 1 -1.00 -1.00 29.585938
8936696 1 1 -1.00 -1.00 29.585938
8936943 1 1 -1.00 -1.00 29.585938
8938251 1 1 -1.00 -1.00 29.468750
8938491 1 1 -1.00 -1.00 29.468750
8938738 1 1 -1.00 -1.00 29.468750
8940048 1 1 -1.00 -1.00 29.367188
8940290 1 1 -1.00 -1.00 29.367188
8940536 1 1 -1.00 -1.00 29.367188
8940782 1 1 -1.00 -1.00 29.367188
8942088 1 1 -1.00 -1.00 29.351563
8942328 1 1 -1.00 -1.00 29.351563
8942575 1 1 -1.00 -1.00 29.351563
8943878 1 1 -1.00 -1.00 29.328125
8944119 1 1 -1.00 -1.00 29.328125
8944365 1 1 -1.00 -1.00 29.328125
8944649 1 1 -1.00 -1.00 29.328125
8945910 1 1 -1.00 -1.00 29.343750
8946152 1 1 -1.00 -1.00 29.343750
8946398 1 1 -1.00 -1.00 29.343750
8947696 1 1 -1.00 -1.00 29.343750
8947937 1 1 -1.00 -1.00 29.343750
8948183 1 1 -1.00 -1.00 29.343750
8949482 1 1 -1.00 -1.00 29.343750
8949723 1 1 -1.00 -1.00 29.343750
8949969 1 1 -1.00 -1.00 29.343750
8951274 1 1 -1.00 -1.00 29.421875
8951516 1 1 -1.00 -1.00 29.421875
8951761 1 1 -1.00 -1.00 29.421875
8953066 1 1 -1.00 -1.00 29.406250
8953306 1 1 -1.00 -1.00 29.406250
8953551 1 1 -1.00 -1.00 29.406250
8953837 1 1 -1.00 -1.00 29.406250
8955098 1 1 -1.00 -1.00 29.406250
8955338 1 1 -1.00 -1.00 29.406250
8955584 1 1 -1.00 -1.00 29.406250
8956886 1 1 -1.00 -1.00 29.414063
8957126 1 1 -1.00 -1.00 29.414063
8957372 1 1 -1.00 -1.00 29.414063
8958674 1 1 -1.00 -1.00 29.429688
8958917 1 1 -1.00 -1.00 29.429688
8959164 1 1 -1.00 -1.00 29.429688
8960476 1 1 -1.00 -1.00 29.437500
8960716 1 1 -1.00 -1.00 29.437500
8960962 1 1 -1.00 -1.00 29.437500
8961249 1 1 -1.00 -1.00 29.437500
8962511 1 1 -1.00 -1.00 29.445313
8962752 1 1 -1.00 -1.00 29.445313
8962998 1 1 -1.00 -1.00 29.445313
8964300 1 1 -1.00 -1.00 29.460938
8964542 1 1 -1.00 -1.00 29.460938
8964788 1 1 -1.00 -1.00 29.460938
8966094 1 1 -1.00 -1.00 29.460938
8966336 1 1 -1.00 -1.00 29.460938
8966582 1 1 -1.00 -1.00 29.460938
8966866 1 1 -1.00 -1.00 29.460938
8968128 1 1 -1.00 -1.00 29.468750
8968370 1 1 -1.00 -1.00 29.468750
8968654 1 1 -1.00 -1.00 29.468750
8969916 1 1 -1.00 -1.00 29.476563
8970158 1 1 -1.00 -1.00 29.476563
8970404 1 1 -1.00 -1.00 29.476563
8971705 1 1 -1.00 -1.00 29.492188
8971947 1 1 -1.00 -1.00 29.492188
8972193 1 1 -1.00 -1.00 29.492188
8973499 1 1 -1.00 -1.00 29.500000
8973739 1 1 -1.00 -1.00 29.500000
8973982 1 1 -1.00 -1.00 29.500000
8975293 1 1 -1.00 -1.00 29.515625
8975535 1 1 -1.00 -1.00 29.515625
8975780 1 1 -1.00 -1.00 29.515625
8976025 1 1 -1.00 -1.00 29.515625
8977332 1 1 -1.00 -1.00 29.523438
8977572 1 1 -1.00 -1.00 29.523438
8977819 1 1 -1.00 -1.00 29.523438
8979120 1 1 -1.00 -1.00 29.546875
8979361 1 1 -1.00 -1.00 29.546875
8979608 1 1 -1.00 -1.00 29.546875
8980912 1 1 -1.00 -1.00 29.554688
8981153 1 1 -1.00 -1.00 29.554688
8981400 1 1 -1.00 -1.00 29.554688
8982710 1 1 -1.00 -1.00 29.554688
8982952 1 1 -1.00 -1.00 29.554688
8983199 1 1 -1.00 -1.00 29.554688
8983488 1 1 -1.00 -1.00 29.554688
8984751 1 1 -1.00 -1.00 29.414063
8984992 1 1 -1.00 -1.00 29.414063
8985238 1 1 -1.00 -1.00 29.414063
8986545 1 1 -1.00 -1.00 29.453125
8986786 1 1 -1.00 -1.00 29.453125
8987032 1 1 -1.00 -1.00 29.453125
8988343 1 1 -1.00 -1.00 29.492188
8988584 1 1 -1.00 -1.00 29.492188
8988831 1 1 -1.00 -1.00 29.492188
8989121 1 1 -1.00 -1.00 29.492188
8990383 1 1 -1.00 -1.00 29.453125
8990623 1 1 -1.00 -1.00 29.453125
8990907 1 1 -1.00 -1.00 29.453125
8992169 1 1 -1.00 -1.00 29.492188
8992411 1 1 -1.00 -1.00 29.492188
8992658 1 1 -1.00 -1.00 29.492188
8993959 1 1 -1.00 -1.00 29.531250
8994200 1 1 -1.00 -1.00 29.531250
8994445 1 1 -1.00 -1.00 29.531250
8995753 1 1 -1.00 -1.00 29.554688
8995996 1 1 -1.00 -1.00 29.554688
8996243 1 1 -1.00 -1.00 29.554688
8997549 1 1 -1.00 -1.00 29.562500
8997789 1 1 -1.00 -1.00 29.562500
8998036 1 1 -1.00 -1.00 29.562500
8998280 1 1 -1.00 -1.00 29.562500
8999582 1 1 -1.00 -1.00 29.554688
8999825 1 1 -1.00 -1.00 29.554688
9000071 1 1 -1.00 -1.00 29.554688
9001372 1 1 -1.00 -1.00 29.570313
9001613 1 1 -1.00 -1.00 29.570313
9001859 1 1 -1.00 -1.00 29.570313
9003166 1 1 -1.00 -1.00 29.601563
9003407 1 1 -1.00 -1.00 29.601563
9003653 1 1 -1.00 -1.00 29.601563
9003938 1 1 -1.00 -1.00 29.601563
9005198 1 1 -1.00 -1.00 29.601563
9005440 1 1 -1.00 -1.00 29.601563
9005725 1 1 -1.00 -1.00 29.601563
9006988 1 1 -1.00 -1.00 29.570313
9007228 1 1 -1.00 -1.00 29.570313
9007474 1 1 -1.00 -1.00 29.570313
9008776 1 1 -1.00 -1.00 29.601563
9009016 1 1 -1.00 -1.00 29.601563
9009262 1 1 -1.00 -1.00 29.601563
9010568 1 1 -1.00 -1.00 29.601563
9010808 1 1 -1.00 -1.00 29.601563
9011054 1 1 -1.00 -1.00 29.601563
9011335 1 1 -1.00 -1.00 29.601563
9012602 1 1 -1.00 -1.00 29.609375
9012843 1 1 -1.00 -1.00 29.609375
9013090 1 1 -1.00 -1.00 29.609375
9014393 1 1 -1.00 -1.00 29.632813
9014634 1 1 -1.00 -1.00 29.632813
9014880 1 1 -1.00 -1.00 29.632813
9016184 1 1 -1.00 -1.00 29.625000
9016425 1 1 -1.00 -1.00 29.625000
9016669 1 1 -1.00 -1.00 29.625000
9017976 1 1 -1.00 -1.00 29.640625
9018217 1 1 -1.00 -1.00 29.640625
9018463 1 1 -1.00 -1.00 29.640625
9018752 1 1 -1.00 -1.00 29.640625
9020013 1 1 -1.00 -1.00 29.648438
9020255 1 1 -1.00 -1.00 29.648438
9020502 1 1 -1.00 -1.00 29.648438
9021798 1 1 -1.00 -1.00 29.632813
9022040 1 1 -1.00 -1.00 29.632813
9022285 1 1 -1.00 -1.00 29.632813
9023588 1 1 -1.00 -1.00 29.601563
9023828 1 1 -1.00 -1.00 29.601563
9024074 1 1 -1.00 -1.00 29.601563
9024358 1 1 -1.00 -1.00 29.601563
9025620 1 1 -1.00 -1.00 29.625000
9025861 1 1 -1.00 -1.00 29.625000
9026106 1 1 -1.00 -1.00 29.625000
9027409 1 1 -1.00 -1.00 29.632813
9027650 1 1 -1.00 -1.00 29.632813
9027897 1 1 -1.00 -1.00 29.632813
9029201 1 1 -1.00 -1.00 29.648438
9029443 1 1 -1.00 -1.00 29.648438
9029690 1 1 -1.00 -1.00 29.648438
9030999 1 1 -1.00 -1.00 29.656250
9031239 1 1 -1.00 -1.00 29.656250
9031486 1 1 -1.00 -1.00 29.656250
9032793 1 1 -1.00 -1.00 29.648438
9033034 1 1 -1.00 -1.00 29.648438
9033281 1 1 -1.00 -1.00 29.648438
9033527 1 1 -1.00 -1.00 29.648438
9034833 1 1 -1.00 -1.00 29.687500
9035074 1 1 -1.00 -1.00 29.687500
9035321 1 1 -1.00 -1.00 29.687500
9036620 1 1 -1.00 -1.00 29.640625
9036862 1 1 -1.00 -1.00 29.640625
9037108 1 1 -1.00 -1.00 29.640625
9038418 1 1 -1.00 -1.00 29.648438
9038660 1 1 -1.00 -1.00 29.648438
9038907 1 1 -1.00 -1.00 29.648438
9040216 1 1 -1.00 -1.00 29.640625
9040457 1 1 -1.00 -1.00 29.640625
9040703 1 1 -1.00 -1.00 29.640625
9040990 1 1 -1.00 -1.00 29.640625
9042251 1 1 -1.00 -1.00 29.625000
9042492 1 1 -1.00 -1.00 29.625000
9042736 1 1 -1.00 -1.00 29.625000
9044040 1 1 -1.00 -1.00 29.625000
9044281 1 1 -1.00 -1.00 29.625000
9044527 1 1 -1.00 -1.00 29.625000
9045829 1 1 -1.00 -1.00 29.625000
9046069 1 1 -1.00 -1.00 29.625000
9046315 1 1 -1.00 -1.00 29.625000
9046559 1 1 -1.00 -1.00 29.625000
9047861 1 1 -1.00 -1.00 29.625000
9048101 1 1 -1.00 -1.00 29.625000
9048347 1 1 -1.00 -1.00 29.625000
9049652 1 1 -1.00 -1.00 29.617188
9049893 1 1 -1.00 -1.00 29.617188
9050140 1 1 -1.00 -1.00 29.617188
9051446 1 1 -1.00 -1.00 29.601563
9051687 1 1 -1.00 -1.00 29.601563
9051933 1 1 -1.00 -1.00 29.601563
9053240 1 1 -1.00 -1.00 29.609375
9053481 1 1 -1.00 -1.00 29.609375
9053728 1 1 -1.00 -1.00 29.609375
9054016 1 1 -1.00 -1.00 29.609375
9055279 1 1 -1.00 -1.00 29.617188
9055520 1 1 -1.00 -1.00 29.617188
9055767 1 1 -1.00 -1.00 29.617188
9057071 1 1 -1.00 -1.00 29.632813
9057311 1 1 -1.00 -1.00 29.632813
9057558 1 1 -1.00 -1.00 29.632813
9058860 1 1 -1.00 -1.00 29.609375
9059101 1 1 -1.00 -1.00 29.609375
9059348 1 1 -1.00 -1.00 29.609375
9060657 1 1 -1.00 -1.00 29.609375
9060897 1 1 -1.00 -1.00 29.609375
9061144 1 1 -1.00 -1.00 29.609375
9061435 1 1 -1.00 -1.00 29.609375
9062699 1 1 -1.00 -1.00 29.601563
9062939 1 1 -1.00 -1.00 29.601563
9063185 1 1 -1.00 -1.00 29.601563
9064484 1 1 -1.00 -1.00 29.601563
9064725 1 1 -1.00 -1.00 29.601563
9064971 1 1 -1.00 -1.00 29.601563
9066272 1 1 -1.00 -1.00 29.601563
9066513 1 1 -1.00 -1.00 29.601563
9066759 1 1 -1.00 -1.00 29.601563
9068066 1 1 -1.00 -1.00 29.593750
9068308 1 1 -1.00 -1.00 29.593750
9068555 1 1 -1.00 -1.00 29.593750
9068841 1 1 -1.00 -1.00 29.593750
9070103 1 1 -1.00 -1.00 29.593750
9070345 1 1 -1.00 -1.00 29.593750
9070592 1 1 -1.00 -1.00 29.593750
9071895 1 1 -1.00 -1.00 29.585938
9072137 1 1 -1.00 -1.00 29.585938
9072384 1 1 -1.00 -1.00 29.585938
9073689 1 1 -1.00 -1.00 29.601563
9073930 1 1 -1.00 -1.00 29.601563
9074177 1 1 -1.00 -1.00 29.601563
9074461 1 1 -1.00 -1.00 29.601563
9075724 1 1 -1.00 -1.00 29.585938
9075966 1 1 -1.00 -1.00 29.585938
9076213 1 1 -1.00 -1.00 29.585938
9077517 1 1 -1.00 -1.00 29.585938
9077758 1 1 -1.00 -1.00 29.585938
9078005 1 1 -1.00 -1.00 29.585938
9079310 1 1 -1.00 -1.00 29.593750
9079552 1 1 -1.00 -1.00 29.593750
9079798 1 1 -1.00 -1.00 29.593750
9081104 1 1 -1.00 -1.00 29.585938
9081346 1 1 -1.00 -1.00 29.585938
9081592 1 1 -1.00 -1.00 29.585938
9082902 1 1 -1.00 -1.00 29.585938
9083144 1 1 -1.00 -1.00 29.585938
9083390 1 1 -1.00 -1.00 29.585938
9083676 1 1 -1.00 -1.00 29.585938
9084939 1 1 -1.00 -1.00 29.578125
9085180 1 1 -1.00 -1.00 29.578125
9085426 1 1 -1.00 -1.00 29.578125
9086732 1 1 -1.00 -1.00 29.585938
9086973 1 1 -1.00 -1.00 29.585938
9087221 1 1 -1.00 -1.00 29.585938
9088523 1 1 -1.00 -1.00 29.570313
9088763 1 1 -1.00 -1.00 29.570313
9089009 1 1 -1.00 -1.00 29.570313
9090315 1 1 -1.00 -1.00 29.562500
9090555 1 1 -1.00 -1.00 29.562500
9090801 1 1 -1.00 -1.00 29.562500
9091089 1 1 -1.00 -1.00 29.562500
9092352 1 1 -1.00 -1.00 29.554688
9092594 1 1 -1.00 -1.00 29.554688
9092841 1 1 -1.00 -1.00 29.554688
9094144 1 1 -1.00 -1.00 29.554688
9094385 1 1 -1.00 -1.00 29.554688
9094633 1 1 -1.00 -1.00 29.554688
9094919 1 1 -1.00 -1.00 29.554688
9096181 1 1 -1.00 -1.00 29.554688
9096424 1 1 -1.00 -1.00 29.554688
9096712 1 1 -1.00 -1.00 29.554688
9097975 1 1 -1.00 -1.00 29.554688
9098217 1 1 -1.00 -1.00 29.554688
9098464 1 1 -1.00 -1.00 29.554688
9099767 1 1 -1.00 -1.00 29.562500
9100008 1 1 -1.00 -1.00 29.562500
9100254 1 1 -1.00 -1.00 29.562500
9101556 1 1 -1.00 -1.00 29.562500
9101798 1 1 -1.00 -1.00 29.562500
9102044 1 1 -1.00 -1.00 29.562500
9103348 1 1 -1.00 -1.00 29.562500
9103589 1 1 -1.00 -1.00 29.562500
9103835 1 1 -1.00 -1.00 29.562500
9104118 1 1 -1.00 -1.00 29.562500
9105381 1 1 -1.00 -1.00 29.570313
9105622 1 1 -1.00 -1.00 29.570313
9105867 1 1 -1.00 -1.00 29.570313
9107170 1 1 -1.00 -1.00 29.554688
9107411 1 1 -1.00 -1.00 29.554688
9107658 1 1 -1.00 -1.00 29.554688
9108960 1 1 -1.00 -1.00 29.570313
9109201 1 1 -1.00 -1.00 29.570313
9109447 1 1 -1.00 -1.00 29.570313
9110753 1 1 -1.00 -1.00 29.570313
9110993 1 1 -1.00 -1.00 29.570313
9111239 1 1 -1.00 -1.00 29.570313
9112548 1 1 -1.00 -1.00 29.531250
9112788 1 1 -1.00 -1.00 29.531250
9113033 1 1 -1.00 -1.00 29.531250
9113279 1 1 -1.00 -1.00 29.531250
9114580 1 1 -1.00 -1.00 29.554688
9114822 1 1 -1.00 -1.00 29.554688
9115070 1 1 -1.00 -1.00 29.554688
9116379 1 1 -1.00 -1.00 29.554688
9116620 1 1 -1.00 -1.00 29.554688
9116867 1 1 -1.00 -1.00 29.554688
9118172 1 1 -1.00 -1.00 29.554688
9118413 1 1 -1.00 -1.00 29.554688
9118660 1 1 -1.00 -1.00 29.554688
9118946 1 1 -1.00 -1.00 29.554688
9120207 1 1 -1.00 -1.00 29.554688
9120450 1 1 -1.00 -1.00 29.554688
9120697 1 1 -1.00 -1.00 29.554688
9122003 1 1 -1.00 -1.00 29.546875
9122245 1 1 -1.00 -1.00 29.546875
9122492 1 1 -1.00 -1.00 29.546875
9123795 1 1 -1.00 -1.00 29.546875
9124037 1 1 -1.00 -1.00 29.546875
9124284 1 1 -1.00 -1.00 29.546875
9125591 1 1 -1.00 -1.00 29.562500
9125831 1 1 -1.00 -1.00 29.562500
9126077 1 1 -1.00 -1.00 29.562500
9126361 1 1 -1.00 -1.00 29.562500
9127623 1 1 -1.00 -1.00 29.539063
9127865 1 1 -1.00 -1.00 29.539063
9128111 1 1 -1.00 -1.00 29.539063
9129413 1 1 -1.00 -1.00 29.554688
9129656 1 1 -1.00 -1.00 29.554688
9129903 1 1 -1.00 -1.00 29.554688
9131210 1 1 -1.00 -1.00 29.562500
9131451 1 1 -1.00 -1.00 29.562500
9131697 1 1 -1.00 -1.00 29.562500
9133006 1 1 -1.00 -1.00 29.570313
9133247 1 1 -1.00 -1.00 29.570313
9133493 1 1 -1.00 -1.00 29.570313
9134806 1 1 -1.00 -1.00 29.546875
9135047 1 1 -1.00 -1.00 29.546875
9135294 1 1 -1.00 -1.00 29.546875
9135540 1 1 -1.00 -1.00 29.546875
9136846 1 1 -1.00 -1.00 29.554688
9137088 1 1 -1.00 -1.00 29.554688
9137335 1 1 -1.00 -1.00 29.554688
9138639 1 1 -1.00 -1.00 29.554688
9138882 1 1 -1.00 -1.00 29.554688
9139129 1 1 -1.00 -1.00 29.554688
9140440 1 1 -1.00 -1.00 29.562500
9140680 1 1 -1.00 -1.00 29.562500
9140926 1 1 -1.00 -1.00 29.562500
9142238 1 1 -1.00 -1.00 29.570313
9142479 1 1 -1.00 -1.00 29.570313
9142725 1 1 -1.00 -1.00 29.570313
9142971 1 1 -1.00 -1.00 29.570313
9144271 1 1 -1.00 -1.00 29.570313
9144512 1 1 -1.00 -1.00 29.570313
9144757 1 1 -1.00 -1.00 29.570313
9146056 1 1 -1.00 -1.00 29.562500
9146298 1 1 -1.00 -1.00 29.562500
9146543 1 1 -1.00 -1.00 29.562500
9147851 1 1 -1.00 -1.00 29.562500
9148092 1 1 -1.00 -1.00 29.562500
9148338 1 1 -1.00 -1.00 29.562500
9148625 1 1 -1.00 -1.00 29.562500
9149888 1 1 -1.00 -1.00 29.554688
9150130 1 1 -1.00 -1.00 29.554688
9150376 1 1 -1.00 -1.00 29.554688
9151680 1 1 -1.00 -1.00 29.562500
9151921 1 1 -1.00 -1.00 29.562500
9152166 1 1 -1.00 -1.00 29.562500
9155411 0 1 471.06 314.19 29.562500
9158675 0 1 471.05 314.21 29.570313
9160640 0 1 475.08 315.21 29.531250
9163746 0 1 480.38 314.03 29.648438
9165689 0 1 482.25 312.76 29.640625
9168812 0 1 482.84 309.70 29.656250
9172045 0 1 481.56 307.93 29.687500
9175329 0 1 480.09 304.36 29.562500
9178595 0 1 480.05 304.45 29.593750
9180580 0 1 479.72 302.98 29.554688
9183668 0 1 478.29 303.53 29.617188
9186886 0 1 477.89 302.23 29.640625
9188849 0 1 477.00 301.77 29.656250
9191971 0 1 479.27 301.81 29.625000
9195235 0 1 478.41 301.27 29.609375
9197178 0 1 478.91 300.40 29.609375
9200329 0 1 477.46 300.99 29.687500
9203594 0 1 477.06 299.69 29.710938
9206857 0 1 476.75 298.18 29.656250
9210120 0 1 477.56 298.82 29.710938
9212084 0 1 478.08 297.89 29.687500
9215209 0 1 477.15 297.54 29.742188
9218473 0 1 476.27 297.09 29.757813
9221737 0 1 475.91 295.68 29.742188
9223702 0 1 475.43 296.51 29.726563
9226826 0 1 474.53 296.12 29.765625
9230085 0 1 473.70 295.52 29.726563
9232029 0 1 474.15 294.78 29.773438
9235177 0 1 472.83 295.02 29.726563
9238444 0 1 472.78 295.15 29.773438
9241703 0 1 473.23 294.43 29.828125
9243652 0 1 472.35 293.95 29.835938
9246709 0 1 472.38 293.89 29.812500
9250000 0 1 472.35 293.95 29.835938
9253261 0 1 472.31 294.07 29.882813
9255214 0 1 472.32 294.03 29.867188
9258319 0 1 471.73 295.17 29.968750
9261538 0 1 470.88 294.61 29.945313
9263502 0 1 470.89 294.59 29.937500
9266607 0 1 470.91 294.52 29.914063
9269892 0 1 470.91 294.55 29.921875
9273152 1 1 270.26 278.28 29.937500
9275141 1 1 270.24 278.26 29.960938
9278270 1 0 266.44 280.64 30.062500
9281488 1 0 269.82 282.54 30.171875
9283449 1 0 268.80 284.25 30.195313
9286526 1 0 265.01 289.04 30.085938
9289787 1 0 262.78 292.26 30.328125
9293051 1 0 260.82 293.38 30.421875
9295015 1 0 260.80 293.36 30.445313
9298141 1 0 260.58 293.12 30.679688
9301402 1 0 260.57 293.11 30.687500
9304668 1 0 260.54 293.07 30.726563
9306633 1 0 260.54 293.08 30.718750
9309755 1 0 260.55 293.08 30.710938
9313016 1 0 260.57 293.10 30.695313
9316277 1 0 260.55 293.08 30.710938
9318243 1 0 260.55 293.08 30.710938
9321365 1 0 260.58 293.12 30.679688
9324628 1 0 260.57 293.10 30.695313
9327891 1 0 260.20 291.71 30.710938
9329856 1 0 260.20 291.71 30.710938
9332980 1 0 260.17 291.68 30.742188
9336243 1 0 260.19 291.70 30.726563
9338233 1 0 260.16 291.66 30.757813
9341337 1 0 260.51 293.04 30.757813
9344603 1 0 260.52 293.05 30.742188
9347851 1 0 260.49 293.01 30.781250
9349815 1 0 260.49 293.02 30.773438
9352872 1 0 260.49 293.02 30.773438
9354820 1 0 260.49 293.02 30.773438
9357982 1 0 260.50 293.03 30.765625
9361215 1 0 260.47 292.99 30.804688
9364452 1 0 260.47 293.00 30.796875
9366443 1 0 260.46 292.98 30.812500
9369560 1 0 260.45 292.97 30.820313
9372782 1 0 49.56 246.45 30.796875
9376064 1 0 50.42 247.00 30.789063
9379328 1 0 50.43 247.07 30.773438
9381314 1 0 50.42 247.00 30.789063
9384399 1 0 50.43 247.03 30.781250
9386177 1 0 50.43 247.14 30.757813
9389407 1 0 50.43 247.18 30.750000
9391351 1 0 50.43 247.14 30.757813
9394455 1 0 50.43 247.18 30.750000
9397688 1 0 50.43 247.03 30.781250
9400925 1 0 50.94 246.32 30.750000
9402829 1 0 50.94 246.36 30.742188
9406070 1 0 50.94 246.36 30.742188
9409307 1 0 50.94 246.39 30.734375
9412542 1 0 50.94 246.47 30.718750
9414445 1 0 50.95 246.61 30.687500
9417689 1 0 50.95 246.72 30.664063
9420925 1 0 50.95 246.61 30.687500
9424161 1 0 50.95 246.80 30.648438
9426130 1 0 50.44 247.62 30.656250
9429301 1 0 243.35 271.32 30.625000
9432538 1 0 243.34 271.30 30.640625
9435772 1 0 243.35 271.31 30.632813
9437740 1 0 243.34 271.29 30.648438
9440915 1 0 243.34 271.30 30.640625
9444107 1 0 243.34 271.30 30.640625
9446052 1 0 243.34 271.28 30.656250
9449155 1 0 243.35 271.32 30.625000
9452486 1 0 243.34 271.28 30.656250
9455721 1 0 243.34 271.30 30.640625
9457668 1 0 243.34 271.28 30.656250
9460770 1 0 243.33 271.26 30.671875
9464018 0 1 400.98 311.26 30.664063
9465972 0 1 400.98 311.26 30.664063
9469127 0 1 401.30 310.90 30.406250
9472355 0 1 404.28 309.89 30.203125
9474297 0 1 404.32 309.84 30.171875
9477416 0 1 408.85 310.04 30.117188
9480519 0 1 412.48 309.78 30.093750
9482522 0 1 411.86 308.95 29.890625
9485656 0 1 417.26 307.55 29.937500
9488952 0 1 415.49 306.62 29.976563
9492174 0 1 415.89 305.90 30.062500
9494136 0 1 416.30 305.16 30.140625
9497257 0 1 415.42 304.69 30.156250
9500565 0 1 414.51 304.25 30.195313
9503788 0 1 414.44 304.35 30.257813
9505788 0 1 413.52 303.93 30.304688
9508888 0 1 412.54 303.60 30.414063
9512138 0 1 412.56 303.56 30.390625
9514092 0 1 412.55 303.59 30.406250
9517242 0 1 412.50 303.65 30.445313
9520473 0 1 412.49 303.67 30.460938
9523718 0 1 412.40 303.80 30.539063
9525669 0 1 412.38 303.83 30.554688
9528804 0 1 412.34 303.89 30.593750
9532040 0 1 412.65 305.31 30.625000
9534004 0 1 409.55 304.65 30.632813
9537150 0 1 410.43 305.14 30.617188
9540380 1 1 341.79 285.53 30.734375
9543664 1 1 342.02 286.96 30.882813
9545627 1 1 341.52 287.81 30.859375
9548715 1 1 341.45 292.16 30.578125
9551954 1 1 340.82 296.74 30.898438
9555240 1 1 339.99 299.88 31.031250
9557203 1 1 340.12 301.32 31.234375
9560335 1 1 339.41 302.23 31.406250
9563572 1 1 338.39 301.76 31.562500
9566858 1 1 338.20 301.82 31.742188
9568823 1 1 337.67 302.67 31.742188
9571955 1 1 337.70 302.66 31.718750
9575192 1 1 338.25 301.81 31.695313
9578480 1 1 338.31 301.79 31.640625
9580473 1 1 338.37 301.77 31.585938
9583576 1 1 339.03 300.88 31.453125
9586812 1 1 338.24 300.33 31.390625
9590100 1 1 338.33 300.31 31.304688
9592065 1 1 338.36 300.30 31.281250
9595195 1 1 338.33 300.31 31.312500
9598432 1 1 338.34 300.30 31.296875
9601721 1 1 338.34 300.30 31.296875
9603709 1 1 338.88 299.44 31.281250
9606814 1 1 338.34 300.30 31.296875
9610048 1 1 338.38 300.29 31.265625
9613330 1 1 338.38 300.29 31.265625
9615320 1 1 338.35 300.30 31.289063
9618424 1 1 339.17 300.83 31.320313
9621662 1 1 339.27 300.80 31.226563
9623606 1 1 339.30 300.79 31.203125
9626713 1 1 339.19 300.83 31.304688
9630009 1 1 339.23 300.81 31.265625
9633230 1 1 339.15 300.84 31.343750
9635191 1 1 339.11 300.85 31.382813
9638324 1 0 218.52 283.57 31.343750
9641560 1 0 218.48 283.46 31.406250
9643523 1 0 218.50 283.52 31.375000
9646608 1 0 213.29 284.02 32.101563
9649889 1 0 213.81 283.76 32.531250
9651861 1 0 213.67 283.43 32.710938
9654952 1 0 216.35 282.63 32.820313
9658178 1 0 212.74 282.67 32.828125
9661463 1 0 211.92 282.17 32.804688
9663437 1 0 211.91 282.15 32.812500
9666485 1 0 211.06 281.58 32.828125
9669705 1 0 214.66 281.51 32.835938
9671703 1 0 214.65 281.50 32.843750
9674791 1 0 214.65 281.48 32.851563
9678010 1 0 214.64 281.47 32.859375
9679917 1 0 213.80 280.93 32.859375
9683189 1 0 217.40 280.86 32.867188
9686411 1 0 217.40 280.86 32.867188
9689629 1 0 217.41 280.89 32.851563
9691580 1 0 216.58 280.36 32.843750
9694684 1 0 216.55 280.29 32.882813
9696626 1 0 216.55 280.28 32.890625
9699731 1 0 216.53 280.23 32.914063
9703014 1 0 216.53 280.25 32.906250
9706249 1 0 216.55 280.28 32.890625
9708191 1 0 216.55 280.28 32.890625
9711251 1 0 122.86 264.97 32.882813
9714532 1 0 122.86 264.97 32.882813
9716472 1 0 122.86 264.97 32.882813
9718249 1 0 122.86 264.99 32.875000
9721329 1 0 122.86 264.99 32.875000
9724558 1 0 122.87 265.05 32.859375
9727781 1 0 122.88 265.13 32.835938
9729725 1 0 122.88 265.16 32.828125
9732920 1 0 122.89 265.18 32.820313
9736168 1 0 122.88 265.16 32.828125
9739390 1 0 122.89 265.24 32.804688
9741336 1 0 122.90 265.26 32.796875
9744531 1 1 303.01 288.53 32.789063
9747777 1 1 303.07 288.55 32.718750
9751004 1 1 303.99 289.12 32.632813
9752953 1 1 304.92 289.69 32.523438
9756174 1 1 306.73 290.79 32.390625
9759405 1 1 307.91 291.41 32.007813
9762672 1 1 309.03 292.00 31.710938
9764634 1 1 309.93 292.53 31.656250
9767767 1 1 310.12 292.57 31.453125
9771014 1 1 310.15 292.57 31.414063
9774282 1 1 310.23 292.59 31.335938
9776248 1 1 310.25 292.59 31.304688
9779332 1 1 310.33 292.61 31.226563
9782580 1 1 310.33 292.61 31.226563
9785848 1 1 310.41 292.62 31.140625
9787841 1 1 310.38 292.62 31.164063
9790945 1 1 310.39 292.62 31.156250
9794193 1 1 310.38 292.62 31.164063
9796148 1 1 310.35 292.61 31.195313
9799235 1 1 309.51 292.10 31.179688
9802549 1 1 309.51 292.09 31.187500
9805766 1 1 309.50 292.09 31.195313
9807726 1 1 309.48 292.09 31.218750
9810896 1 1 309.47 292.09 31.226563
9814092 1 1 309.49 292.09 31.210938
9816032 0 1 461.13 281.10 31.218750
9819139 0 1 461.12 281.16 31.242188
9822420 0 1 463.55 280.62 30.953125
9824379 0 1 464.14 279.51 30.851563
9827484 0 1 465.77 276.55 30.703125
9830714 0 1 466.82 274.69 30.648438
9833998 0 1 466.51 273.18 30.593750
9835960 0 1 466.49 273.26 30.625000
9839048 0 1 465.60 272.89 30.679688
9842284 0 1 465.22 271.62 30.718750
9845569 0 1 465.19 271.78 30.781250
9847511 0 1 466.04 272.31 30.789063
9850637 0 1 465.69 270.98 30.804688
9853853 0 1 465.16 271.90 30.828125
9855840 0 1 465.67 271.06 30.835938
9858955 0 1 465.66 271.12 30.859375
9862192 0 1 464.80 270.63 30.867188
9864164 0 1 464.79 270.65 30.875000
9867300 0 1 464.80 270.61 30.859375
9870548 0 1 464.78 270.68 30.890625
9873766 0 1 390.86 298.78 30.929688
9875743 0 1 391.72 299.30 30.929688
9878875 0 1 391.73 299.29 30.921875
9882097 0 1 391.69 299.33 30.960938
9884061 0 1 391.72 299.30 30.929688
9887224 0 1 391.74 299.28 30.914063
9890459 0 1 391.67 299.35 30.976563
9893679 0 1 391.58 299.46 31.062500
9895644 0 1 391.89 300.87 31.093750
9898772 0 1 391.88 300.88 31.101563
9902021 0 1 390.95 300.45 31.171875
9905295 0 1 390.36 301.40 31.242188
9907273 0 1 402.11 289.74 31.203125
9910372 0 1 402.11 289.74 31.203125
9913595 0 1 402.08 289.79 31.242188
9915560 0 1 402.11 289.74 31.203125
9918649 0 1 402.09 289.77 31.226563
9921867 0 1 402.10 289.76 31.218750
9923822 0 1 402.12 289.72 31.195313
9926958 0 1 402.12 289.72 31.195313
9930222 0 1 402.09 289.77 31.226563
9932154 0 1 402.10 289.76 31.218750
9935223 0 1 402.06 289.81 31.257813
9937136 0 1 402.09 289.77 31.226563
9940312 0 1 402.09 289.77 31.226563
9943510 0 1 402.07 289.80 31.250000
9945447 0 1 402.06 289.81 31.257813
9948530 0 1 402.08 289.79 31.242188
9951801 0 1 402.06 289.81 31.257813
9953734 0 1 402.09 289.78 31.234375
9956802 0 1 402.06 289.82 31.265625
9960054 0 1 402.06 289.82 31.265625
9962020 0 1 402.05 289.84 31.273438
9965091 0 1 402.06 289.81 31.257813
9968331 0 1 402.06 289.82 31.265625
9970287 0 1 402.06 289.82 31.265625
9973443 0 1 402.06 289.82 31.265625
9976665 0 1 402.04 289.85 31.281250
9978620 0 1 402.06 289.82 31.265625
9981685 0 1 402.06 289.81 31.257813
9984904 0 1 402.08 289.79 31.242188
9986863 0 1 402.06 289.81 31.257813
9989971 0 1 402.04 289.85 31.281250
9993256 0 1 402.05 289.84 31.273438
9995201 0 1 402.06 289.82 31.265625
9996960 0 1 402.06 289.81 31.257813
10000015 0 1 402.05 289.84 31.273438
10003254 0 1 402.06 289.82 31.265625
10006505 0 1 402.06 289.82 31.265625
10008386 0 1 402.05 289.84 31.273438
10011638 0 1 402.03 289.87 31.296875
10014874 0 1 402.04 289.85 31.281250
10018126 0 1 402.06 289.82 31.265625
1002 402.04 289.85 31.281250
018126 0 1 402.06 289.82 31.265625
020004 0 1 402.06 289.82 31.265625
10023232 0 1 402.06 289.82 31.265625
10026471 0 1 402.04 289.85 31.281250
10029724 0 1 402.05 289.84 31.273438
10031644 0 1 402.04 289.85 31.281250
10034843 0 1 402.04 289.85 31.281250
10038084 0 1 402.04 289.85 31.281250
10041334 0 1 402.05 289.84 31.273438
10043252 0 1 402.05 289.84 31.273438
10046450 0 1 402.04 289.85 31.281250
10049690 0 1 402.04 289.85 31.281250
10052939 0 1 402.06 289.81 31.257813
1005 402.04 289.85 31.281250
052939 0 1 402.06 289.81 31.257813
054816 0 1 402.06 289.82 31.265625
10058046 0 1 402.06 289.82 31.265625
10061245 0 1 402.06 289.82 31.265625
10063177 0 1 402.06 289.82 31.265625
10066244 0 1 402.08 289.79 31.242188
10069525 0 1 401.23 289.26 31.234375
10071460 0 1 401.24 289.25 31.226563
10074583 0 1 401.76 288.38 31.218750
10077863 0 1 401.79 288.33 31.179688
10081144 0 1 401.79 288.34 31.187500
10084428 0 1 401.79 288.33 31.179688
10086420 0 1 401.79 288.34 31.187500
10089516 0 1 401.26 289.22 31.203125
10092840 0 1 401.26 289.22 31.203125
10096090 0 1 401.26 289.21 31.195313
10098021 0 1 401.26 289.21 31.195313
10101090 0 1 401.26 289.21 31.195313
10104328 0 1 401.26 289.21 31.195313
10106252 0 1 401.26 289.21 31.195313
10109436 0 1 401.26 289.21 31.195313
10112657 0 1 401.26 289.21 31.195313
10114571 0 1 402.12 289.72 31.195313
10117744 0 1 402.12 289.72 31.195313
10120984 0 1 402.13 289.70 31.179688
10122916 0 1 402.14 289.69 31.171875
10125952 0 1 402.13 289.71 31.187500
10129221 0 1 402.13 289.71 31.187500
10131177 0 1 402.13 289.71 31.187500
10134226 0 1 402.11 289.74 31.203125
10137478 0 1 402.10 289.76 31.218750
10139445 0 1 402.11 289.74 31.203125
10142537 0 1 402.11 289.74 31.203125
10145758 0 1 402.11 289.74 31.203125
10147715 0 1 402.10 289.76 31.218750
10150844 0 1 402.09 289.77 31.226563
10154089 0 1 402.09 289.78 31.234375
10156043 0 1 402.09 289.78 31.234375
10159111 0 1 402.08 289.79 31.242188
10161036 0 1 402.09 289.78 31.234375
10164201 0 1 402.07 289.80 31.250000
10167400 0 1 402.09 289.77 31.226563
10169333 0 1 402.09 289.77 31.226563
10172417 0 1 402.06 289.82 31.265625
10175687 0 1 402.06 289.82 31.265625
10177620 0 1 402.07 289.80 31.250000
10180687 0 1 402.06 289.82 31.265625
10183938 0 1 402.06 289.81 31.257813
10185857 0 1 402.06 289.81 31.257813
10188969 0 1 402.08 289.79 31.242188
10192283 0 1 402.06 289.82 31.265625
10194210 0 1 402.05 289.84 31.273438
10197257 0 1 402.06 289.82 31.265625
10200542 0 1 402.06 289.82 31.265625
10202496 0 1 402.06 289.82 31.265625
10205562 0 1 402.09 289.78 31.234375
10208780 0 1 402.06 289.82 31.265625
10210759 0 1 402.09 289.77 31.226563
10213852 0 1 402.09 289.77 31.226563
10217072 0 1 402.09 289.77 31.226563
10219040 0 1 402.09 289.77 31.226563
10220844 0 1 402.09 289.78 31.234375
10223900 0 1 402.08 289.79 31.242188
10227139 0 1 402.11 289.75 31.210938
10230391 0 1 402.09 289.78 31.234375
10232268 0 1 402.08 289.79 31.242188
10235520 0 1 402.11 289.75 31.210938
10238720 0 1 402.10 289.76 31.218750
10240649 0 1 402.09 289.78 31.234375
10243713 0 1 402.11 289.75 31.210938
10246998 0 1 402.10 289.76 31.218750
10248930 0 1 402.09 289.77 31.226563
10251997 0 1 402.10 289.76 31.218750
10255238 0 1 402.10 289.76 31.218750
10257217 0 1 402.11 289.75 31.210938
10260290 0 1 402.10 289.76 31.218750
10263528 0 1 402.09 289.78 31.234375
10265497 0 1 402.11 289.75 31.210938
10267301 0 1 402.11 289.75 31.210938
10270357 0 1 402.12 289.72 31.195313
10273556 0 1 402.08 289.79 31.242188
10275491 0 1 402.08 289.79 31.242188
10278557 0 1 402.09 289.78 31.234375
10281885 0 1 402.12 289.72 31.195313
10285122 0 1 402.09 289.77 31.226563
10287051 0 1 402.09 289.77 31.226563
10290173 0 1 402.09 289.78 31.234375
10293414 0 1 402.10 289.76 31.218750
10295393 0 1 402.10 289.76 31.218750
10298521 0 1 402.05 289.84 31.273438
10301746 0 1 402.09 289.77 31.226563
10303673 0 1 402.08 289.79 31.242188
10306834 0 1 402.07 289.80 31.250000
10310075 0 1 402.06 289.81 31.257813
10313314 0 1 402.06 289.82 31.265625
10315218 0 1 402.09 289.78 31.234375
10318446 0 1 402.04 289.86 31.289063
10321687 0 1 402.08 289.79 31.242188
10323619 0 1 402.02 289.88 31.304688
10326651 0 1 402.05 289.84 31.273438
10329920 0 1 402.02 289.88 31.304688
10331876 0 1 402.05 289.84 31.273438
10334922 0 1 402.02 289.88 31.304688
10338173 0 1 402.00 289.91 31.328125
10340141 0 1 402.04 289.85 31.281250
10343233 0 1 401.98 289.96 31.359375
10346450 0 1 401.96 289.99 31.382813
10348406 0 1 402.00 289.93 31.335938
10351536 0 1 401.98 289.95 31.351563
10354779 0 1 401.98 289.95 31.351563
10356734 0 1 401.99 289.94 31.343750
10359801 0 1 402.02 289.89 31.312500
10361709 0 1 402.00 289.91 31.328125
10364891 0 1 402.02 289.89 31.312500
10368090 0 1 401.98 289.96 31.359375
10370021 0 1 402.02 289.89 31.312500
10373101 0 1 402.02 289.89 31.312500
10376374 0 1 401.98 289.96 31.359375
10378308 0 1 401.98 289.95 31.351563
10381373 0 1 402.02 289.89 31.312500
10384629 0 1 402.00 289.93 31.335938
10387944 0 1 401.94 290.01 31.398438
10389870 0 1 401.94 290.01 31.398438
10392991 0 1 401.89 290.09 31.453125
10396241 0 1 401.89 290.10 31.460938
10398160 0 1 401.87 290.13 31.476563
10401273 0 1 401.89 290.10 31.460938
10404589 0 1 401.85 290.16 31.500000
10406512 0 1 401.85 290.16 31.500000
10409587 0 1 401.86 290.15 31.492188
10412805 0 1 401.85 290.17 31.507813
10414763 0 1 401.84 290.18 31.515625
10417872 0 1 401.83 290.19 31.523438
10421089 0 1 401.83 290.20 31.531250
10423069 0 1 401.83 290.19 31.523438
10426159 0 1 401.83 290.20 31.531250
10428090 0 1 401.83 290.20 31.531250
10431174 0 1 401.83 290.19 31.523438
10433095 0 1 401.86 290.15 31.492188
10436205 0 1 401.79 290.26 31.570313
10439446 0 1 401.78 290.28 31.585938
10442696 0 1 401.82 290.22 31.539063
10444572 0 1 401.79 290.26 31.570313
10447823 0 1 401.78 290.27 31.578125
10451061 0 1 401.78 290.27 31.578125
10454312 0 1 401.77 290.29 31.593750
10456190 0 1 401.77 290.29 31.593750
10459443 0 1 401.78 290.28 31.585938
10462640 0 1 401.79 290.26 31.570313
10464593 0 1 401.80 290.25 31.562500
10467642 0 1 401.78 290.28 31.585938
10470926 0 1 401.76 290.30 31.601563
10472858 0 1 401.78 290.28 31.585938
10475925 0 1 401.77 290.29 31.593750
10479169 0 1 401.78 290.28 31.585938
10481147 0 1 401.78 290.28 31.585938
10484217 0 1 401.79 290.26 31.570313
10487455 0 1 401.76 290.32 31.609375
10489421 0 1 401.76 290.32 31.609375
10491225 0 1 401.76 290.32 31.609375
10494282 0 1 401.75 290.33 31.617188
10497481 0 1 401.76 290.32 31.609375
10499414 0 1 401.76 290.32 31.609375
10502483 0 1 401.76 290.32 31.609375
10505766 0 1 401.78 290.28 31.585938
10507700 0 1 401.78 290.27 31.578125
10510766 0 1 401.75 290.33 31.617188
10514004 0 1 401.76 290.32 31.609375
10515952 0 1 401.77 290.29 31.593750
10519051 0 1 401.77 290.29 31.593750
10522356 0 1 401.77 290.29 31.593750
10525620 0 1 401.77 290.29 31.593750
10527521 0 1 401.76 290.30 31.601563
10530753 0 1 401.78 290.28 31.585938
10533992 0 1 401.78 290.27 31.578125
10537232 0 1 401.76 290.30 31.601563
10539133 0 1 401.76 290.30 31.601563
10542367 0 1 401.77 290.29 31.593750
10545602 0 1 401.74 290.35 31.632813
10547540 0 1 401.77 290.29 31.593750
10550575 0 1 401.76 290.30 31.601563
10553846 0 1 401.76 290.32 31.609375
10555804 0 1 401.77 290.29 31.593750
10558856 0 1 401.75 290.33 31.617188
10562107 0 1 401.76 290.32 31.609375
10564072 0 1 401.76 290.30 31.601563
10567144 0 1 401.76 290.32 31.609375
10570382 0 1 401.73 290.36 31.640625
10572338 0 1 401.73 290.36 31.640625
10575466 0 1 401.76 290.32 31.609375
10578710 0 1 401.75 290.33 31.617188
10580664 0 1 401.76 290.32 31.609375
10583731 0 1 401.75 290.33 31.617188
10585644 0 1 401.74 290.35 31.632813
10588817 0 1 401.74 290.34 31.625000
10592016 0 1 401.73 290.36 31.640625
10593950 0 1 401.72 290.38 31.656250
10597028 0 1 401.72 290.37 31.648438
10600344 0 1 401.70 290.42 31.679688
10603579 0 1 401.70 290.41 31.671875
10605473 0 1 401.72 290.38 31.656250
10608726 0 1 401.68 290.45 31.703125
10610478 0 1 401.68 290.45 31.703125
10613578 0 1 401.68 290.45 31.703125
10616817 0 1 401.68 290.45 31.703125
10618774 0 1 401.68 290.45 31.703125
10621886 0 1 401.68 290.45 31.703125
10625108 0 1 401.67 290.46 31.710938
10627063 0 1 401.68 290.45 31.703125
10630221 0 1 401.68 290.44 31.695313
10633442 0 1 401.68 290.44 31.695313
10636727 0 1 401.68 290.44 31.695313
10638684 0 1 401.68 290.45 31.703125
10641798 0 1 401.67 290.46 31.710938
10645017 0 1 401.67 290.46 31.710938
10646993 0 1 401.67 290.46 31.710938
10650083 0 1 401.67 290.46 31.710938
10652017 0 1 401.67 290.46 31.710938
10655097 0 1 401.67 290.46 31.710938
10657015 0 1 401.67 290.46 31.710938
10660128 0 1 401.67 290.46 31.710938
10663364 0 1 401.66 290.47 31.718750
10666617 0 1 401.66 290.47 31.718750
10668495 0 1 401.66 290.47 31.718750
10671746 0 1 401.66 290.47 31.718750
10674987 0 1 401.66 290.47 31.718750
10678237 0 1 401.66 290.47 31.718750
10680089 0 1 416.00 240.00 0.000000
10683272 0 1 416.00 240.00 0.000000
10685151 0 1 416.00 240.00 0.000000
10688155 0 1 416.00 240.00 0.000000
10690113 0 1 416.00 239.99 -0.007813
10693222 0 1 416.00 239.99 -0.007813
10695100 0 1 416.00 240.00 0.000000
10698254 0 1 416.00 239.99 -0.007813
10701513 0 1 416.00 239.99 -0.007813
10703408 0 1 416.00 239.99 -0.007813
10706597 0 1 416.00 239.97 -0.015625
10709835 0 1 416.00 239.97 -0.015625
10713083 0 1 416.00 239.99 -0.007813
10715030 0 1 416.00 239.97 -0.015625
10718214 0 1 416.00 239.97 -0.015625
10721449 0 1 416.00 239.97 -0.015625
10724694 0 1 416.00 239.97 -0.015625
10726638 0 1 416.00 239.99 -0.007813
10729822 0 1 416.00 239.99 -0.007813
10732987 0 1 416.00 240.00 0.000000
10734829 0 1 416.00 240.00 0.000000
10737944 0 1 416.00 240.00 0.000000
10739886 0 1 416.00 240.00 0.000000
10742898 0 1 416.00 240.00 0.000000
10744736 0 1 416.00 240.00 0.000000
10747898 0 1 416.00 240.00 0.000000
10749730 0 1 416.00 240.00 0.000000
10752887 0 1 416.00 240.00 0.000000
10754733 0 1 416.00 240.00 0.000000
10757938 0 1 416.00 239.99 -0.007813
10761202 0 1 416.00 239.99 -0.007813
10763207 0 1 416.00 239.99 -0.007813
10766297 0 1 416.00 239.99 -0.007813
10769499 0 1 416.00 240.00 0.000000
10771385 0 1 416.00 240.00 0.000000
10774550 0 1 416.00 240.01 0.007813
10777820 0 1 416.00 240.01 0.007813
10781056 0 1 416.00 240.01 0.007813
10783034 0 1 416.00 240.01 0.007813
10786163 0 1 416.00 240.01 0.007813
10789428 0 1 416.00 240.01 0.007813
10792665 0 1 416.00 240.01 0.007813
10794593 0 1 416.00 240.01 0.007813
10797660 0 1 416.00 240.00 0.000000
10799520 0 1 416.00 240.00 0.000000
10801307 0 1 416.00 240.00 0.000000
10804297 0 1 416.00 240.00 0.000000
10806144 0 1 416.00 240.00 0.000000
10809271 0 1 416.00 240.00 0.000000
10811130 0 1 416.00 240.00 0.000000
10814237 0 1 416.00 240.00 0.000000
10816055 0 1 416.00 240.00 0.000000
10817880 0 1 416.00 240.00 0.000000
10820882 0 1 416.00 240.00 0.000000
10822744 0 1 416.00 240.00 0.000000
10824534 0 1 416.00 240.00 0.000000
10827524 0 1 416.00 240.00 0.000000
10829369 0 1 416.00 240.00 0.000000
10832494 0 1 416.00 240.00 0.000000
10834355 0 1 416.00 240.00 0.000000
10837442 0 1 416.00 240.00 0.000000
10839387 0 1 416.00 239.99 -0.007813
10842486 0 1 416.00 239.99 -0.007813
10845768 0 1 416.00 240.01 0.007813
10849031 0 1 416.00 240.01 0.007813
10850998 0 1 416.00 240.01 0.007813
10854103 0 1 416.00 240.01 0.007813
10856059 0 1 416.00 240.01 0.007813
10859151 0 1 416.00 240.01 0.007813
10862397 0 1 416.00 240.01 0.007813
10865679 0 1 416.00 240.01 0.007813
10867564 0 1 416.00 240.00 0.000000
10869262 0 1 416.00 240.00 0.000000
10872359 0 1 416.00 240.00 0.000000
10875590 0 1 416.00 240.01 0.007813
10877450 0 1 416.00 240.00 0.000000
10880573 0 1 416.00 240.00 0.000000
10882405 0 1 416.00 240.00 0.000000
10884239 0 1 416.00 240.00 0.000000
10887228 0 1 416.00 240.00 0.000000
10889064 0 1 416.00 240.00 0.000000
10892187 0 1 416.00 240.00 0.000000
10894105 0 1 416.00 239.99 -0.007813
10897239 0 1 416.00 239.99 -0.007813
10899183 0 1 416.00 239.99 -0.007813
10902182 0 1 416.00 240.00 0.000000
10904011 0 1 416.00 240.00 0.000000
10907191 0 1 416.00 240.00 0.000000
11586651 0 1 397.73 316.38 1.726563
11589894 0 1 397.74 316.37 1.718750
11593179 0 1 397.46 316.65 1.929688
11596460 0 1 398.00 317.15 2.273438
11598427 0 1 398.69 317.51 2.500000
11601556 0 1 399.42 317.83 2.703125
11604835 0 1 402.03 320.27 2.914063
11608072 0 1 399.85 318.46 3.117188
11610063 0 1 399.80 318.51 3.156250
11613165 0 1 401.60 320.71 3.218750
11616461 0 1 402.72 320.64 3.132813
11619697 0 1 404.88 320.58 3.015625
11621692 0 1 404.75 321.66 3.070313
11624796 0 1 405.83 320.68 3.046875
11628042 0 1 405.81 320.70 3.062500
11631326 0 1 405.78 320.73 3.085938
11634666 0 1 405.90 320.61 3.000000
11637928 0 1 406.01 320.49 2.921875
11639905 0 1 406.06 321.38 2.851563
11642986 0 1 406.30 321.30 3.421875
11646253 0 1 406.74 321.02 3.859375
11648216 0 1 406.68 321.09 3.906250
11651292 0 1 407.39 321.47 4.109375
11654555 0 1 404.28 320.45 4.242188
11656546 0 1 404.20 320.54 4.296875
11659650 0 1 404.97 320.85 4.460938
11662910 0 1 404.77 321.06 4.601563
11664844 0 1 405.68 321.24 4.664063
11668078 0 1 405.62 321.29 4.703125
11671182 0 1 405.50 321.42 4.789063
11673188 0 1 405.46 321.47 4.820313
11676274 0 1 406.33 321.68 4.906250
11679511 0 1 405.17 321.77 5.023438
11682747 0 1 405.07 321.88 5.093750
11684752 0 1 405.01 321.93 5.132813
11687890 0 1 404.94 322.00 5.179688
11691082 0 1 405.88 322.15 5.218750
11694364 0 1 405.83 322.21 5.257813
11696366 0 1 405.78 322.26 5.289063
11699502 0 1 404.67 322.28 5.367188
11702691 0 1 405.60 322.44 5.414063
11705974 0 1 405.55 322.50 5.453125
11709303 0 1 405.50 322.55 5.484375
11712564 0 1 405.41 322.64 5.546875
11714529 0 1 405.36 322.70 5.585938
11717630 0 1 405.28 322.78 5.640625
11720849 0 1 406.18 322.97 5.703125
11722815 0 1 406.16 323.00 5.718750
11725920 0 1 406.16 323.00 5.718750
11729275 0 1 406.16 323.00 5.718750
11732510 0 1 406.14 323.02 5.734375
11735795 0 1 406.11 323.05 5.750000
11737760 0 1 406.10 323.06 5.757813
11740893 0 1 406.10 323.06 5.757813
11744134 0 1 406.07 323.09 5.781250
11747418 0 1 406.06 323.10 5.789063
11749408 0 1 406.07 323.09 5.781250
11752511 0 1 406.07 323.09 5.781250
11755747 0 1 406.00 323.16 5.828125
11759034 0 1 405.98 323.19 5.843750
11760998 0 1 406.01 323.15 5.820313
11764131 0 1 405.95 323.21 5.859375
11767364 0 1 405.97 323.20 5.851563
11770652 0 1 405.94 323.22 5.867188
11772641 0 1 405.95 323.21 5.859375
11775747 0 1 405.90 323.27 5.898438
11778980 0 1 405.86 323.30 5.921875
11782264 0 1 405.84 323.33 5.937500
11784230 0 1 405.91 323.26 5.890625
11787363 0 1 405.88 323.29 5.914063
11790599 0 1 405.85 323.32 5.929688
11793927 0 1 405.86 323.30 5.921875
11795874 0 1 405.85 323.32 5.929688
11798977 0 1 405.81 323.36 5.960938
11802212 0 1 405.82 323.35 5.953125
11804176 0 1 405.80 323.37 5.968750
11807262 0 1 405.78 323.39 5.976563
11810564 0 1 405.77 323.40 5.984375
11813832 0 1 405.72 323.46 6.023438
11815791 0 1 405.72 323.46 6.023438
11818882 0 1 405.58 323.60 6.117188
11822119 0 1 405.59 323.58 6.109375
11824097 0 1 405.49 323.69 6.179688
11827180 0 1 405.45 323.72 6.203125
11830451 0 1 405.52 323.65 6.156250
11833683 0 1 405.48 323.70 6.187500
11835659 0 1 405.52 323.65 6.156250
11838793 0 1 405.53 323.64 6.148438
11842063 0 1 405.49 323.69 6.179688
11845298 0 1 405.47 323.71 6.195313
11847274 0 1 405.45 323.72 6.203125
11850409 0 1 406.42 323.86 6.218750
11853678 0 1 406.40 323.88 6.234375
11856915 0 1 406.33 323.95 6.281250
11858891 0 1 406.32 323.96 6.289063
11862026 0 1 406.33 323.95 6.281250
11865296 0 1 405.33 323.85 6.289063
11868533 0 1 405.26 323.92 6.335938
11870518 0 1 405.29 323.89 6.312500
11873635 0 1 405.27 323.91 6.328125
11876904 0 1 405.25 323.93 6.343750
11880146 0 1 405.21 323.97 6.367188
11882130 0 1 405.19 323.99 6.382813
11885248 0 1 405.20 323.98 6.375000
11888518 0 1 405.16 324.03 6.406250
11891758 0 1 405.13 324.05 6.421875
11893745 0 1 405.12 324.06 6.429688
11896866 0 1 405.11 324.07 6.437500
11900182 0 1 405.23 323.96 6.359375
11903429 0 1 405.19 323.99 6.382813
11905371 0 1 405.21 323.97 6.367188
11908486 0 1 406.13 324.16 6.421875
11911709 0 1 406.13 324.16 6.421875
11913653 0 1 405.12 324.06 6.429688
11916835 0 1 405.09 324.10 6.453125
11920063 0 1 406.04 324.26 6.484375
11921990 0 1 406.01 324.28 6.500000
11925100 0 1 406.50 326.66 6.687500
11928163 0 1 406.38 326.78 6.765625
11930079 0 1 406.34 326.82 6.789063
11933308 0 1 406.30 325.11 6.976563
11936592 0 1 405.96 325.45 7.203125
11938552 0 1 405.95 325.46 7.210938
11941611 0 1 405.94 325.48 7.218750
11944876 0 1 406.72 325.82 7.359375
11948161 0 1 406.35 326.19 7.609375
11950124 0 1 407.22 326.44 7.687500
11953245 0 1 407.03 326.63 7.812500
11956492 0 1 406.01 324.82 8.015625
11959776 0 1 405.72 325.12 8.210938
11961740 0 1 405.62 325.22 8.281250
11964845 0 1 405.57 325.27 8.312500
11968061 0 1 405.54 325.30 8.335938
11970048 0 1 405.51 325.33 8.351563
11973134 0 1 405.54 325.30 8.335938
11976351 0 1 405.46 325.38 8.390625
11978329 0 1 405.43 325.41 8.406250
11981437 0 1 405.39 325.45 8.437500
11984699 0 1 404.40 325.31 8.437500
11987963 0 1 404.21 325.49 8.562500
11989940 0 1 404.28 325.42 8.515625
11993050 0 1 404.31 325.39 8.492188
11996315 0 1 405.25 325.59 8.531250
11999580 0 1 406.07 325.91 8.640625
12001557 0 1 406.02 325.95 8.671875
12004666 0 1 405.93 326.05 8.734375
12007913 0 1 405.88 326.09 8.765625
12009875 0 1 405.88 326.09 8.765625
12012946 0 1 405.87 326.11 8.773438
12014896 0 1 405.75 326.22 8.851563
12018028 0 1 405.73 326.25 8.867188
12021222 0 1 405.68 326.29 8.898438
12024514 0 1 406.72 325.57 8.968750
12026485 0 1 405.70 325.44 8.992188
12029546 0 1 406.59 325.70 9.054688
12032785 0 1 405.39 325.75 9.195313
12036124 0 1 406.45 325.02 9.257813
12039387 0 1 406.36 325.11 9.320313
12041356 0 1 406.27 325.19 9.375000
12044448 0 1 406.10 325.37 9.492188
12046388 0 1 406.02 325.45 9.546875
12049452 0 1 406.83 325.79 9.664063
12051404 0 1 406.75 325.88 9.718750
12054500 0 1 406.57 326.05 9.835938
12057737 0 1 406.50 326.12 9.882813
12060974 0 1 406.57 325.25 9.953125
12062930 0 1 406.50 325.32 10.000000
12066111 0 1 406.30 325.52 10.132813
12069349 0 1 406.17 324.85 10.343750
12072586 0 1 406.63 325.56 10.695313
12074550 0 1 405.42 324.80 10.968750
12077681 0 1 405.30 324.93 11.054688
12080917 0 1 406.83 324.98 11.476563
12082897 0 1 406.71 325.09 11.554688
12085936 0 1 405.61 325.02 11.640625
12089163 0 1 406.59 324.44 11.773438
12091165 0 1 406.30 324.74 11.968750
12094217 0 1 406.09 324.20 12.257813
12097462 0 1 405.99 324.29 12.320313
12099410 0 1 405.85 324.44 12.421875
12102520 0 1 405.80 324.49 12.453125
12105817 0 1 405.96 323.57 12.492188
12109081 0 1 405.91 323.62 12.523438
12111027 0 1 405.83 323.70 12.578125
12114117 0 1 405.56 324.73 12.617188
12117354 0 1 405.56 324.73 12.617188
12119315 0 1 405.56 324.73 12.617188
12122420 0 1 405.43 324.86 12.703125
12125729 0 1 405.51 324.78 12.648438
12128968 0 1 405.41 324.89 12.718750
12130950 0 1 405.43 324.86 12.703125
12134036 0 1 405.38 324.91 12.734375
12137255 0 1 405.36 324.93 12.750000
12139218 0 1 405.37 324.92 12.742188
12142342 0 1 404.34 324.76 12.781250
12145587 0 1 404.33 324.77 12.789063
12147547 0 1 404.32 324.78 12.796875
12150608 0 1 404.23 324.86 12.851563
12152503 0 1 404.32 324.02 12.945313
12155712 0 1 406.01 323.99 13.273438
12158896 0 1 405.25 324.76 13.789063
12160790 0 1 405.99 324.51 14.109375
12164034 0 1 405.19 324.61 14.820313
12167288 0 1 404.16 324.93 15.695313
12170514 0 1 404.30 324.66 16.625000
12172474 0 1 403.08 323.30 17.203125
12175549 0 1 404.63 324.24 18.515625
12178855 0 1 403.32 323.04 19.210938
12180736 0 1 403.84 323.79 19.500000
12183938 0 1 401.77 322.70 19.859375
12187128 0 1 400.35 322.83 20.195313
12190385 0 1 402.65 321.91 20.382813
12192356 0 1 401.50 321.78 20.531250
12195466 0 1 402.82 320.58 20.757813
12198703 0 1 399.55 319.98 21.085938
12200659 0 1 398.52 319.71 21.156250
12203747 0 1 400.44 319.25 21.640625
12206987 0 1 397.85 318.15 22.726563
12210277 0 1 395.98 317.64 24.015625
12212235 0 1 394.98 318.61 24.750000
12215342 0 1 391.88 320.71 26.015625
12217239 0 1 392.37 318.79 26.625000
12220409 0 1 388.15 314.80 29.226563
12223625 0 1 383.05 309.21 34.078125
12225587 0 1 381.54 302.66 37.664063
12228676 0 1 383.60 293.34 40.679688
12231967 0 1 385.26 296.15 38.046875
12235200 0 1 384.32 297.65 36.554688
12238473 0 1 385.67 299.80 34.554688
12240467 0 1 385.42 300.74 33.203125
12243545 0 1 388.18 304.16 29.671875
12246828 0 1 384.61 298.75 29.039063
12248812 0 1 384.16 293.26 34.187500
12251925 0 1 389.51 291.27 41.726563
12255161 0 1 391.65 294.14 44.757813
12257137 0 1 391.79 296.81 44.625000
12260275 0 1 394.66 305.02 41.632813
12263445 0 1 395.06 304.67 43.062500
12266710 0 1 397.26 306.71 43.054688
12268670 0 1 396.16 306.41 42.789063
12271837 0 1 398.51 308.23 42.093750
12275110 0 1 400.71 308.74 41.500000
12278373 0 1 399.53 308.56 40.765625
12281614 0 1 400.04 307.97 40.882813
12283547 0 1 400.89 311.58 40.445313
12286770 0 1 404.99 314.58 39.242188
12290036 0 1 412.69 316.24 38.484375
12293319 0 1 407.83 312.71 40.625000
12296626 0 1 405.90 307.84 43.539063
12299891 0 1 410.05 306.84 44.789063
12301943 0 1 407.01 305.95 45.585938
12305047 0 1 405.86 303.98 48.000000
12308285 0 1 405.06 298.37 50.789063
12311548 0 1 404.07 300.08 50.125000
12313510 0 1 405.21 300.99 48.835938
12316658 0 1 405.52 286.05 57.242188
12319926 0 1 406.20 274.80 62.187500
12323177 0 1 407.58 272.77 62.046875
12325086 0 1 407.95 273.67 62.937500
12328271 0 1 409.20 271.99 65.585938
12331573 0 1 412.65 265.20 69.539063
12334810 0 1 414.25 256.89 75.468750
12336776 0 1 415.12 257.20 75.804688
12339907 0 1 428.27 237.85 84.625000
12343179 0 1 425.98 235.50 85.406250
12346468 0 1 427.83 234.02 86.828125
12349800 0 1 421.70 230.68 87.570313
12353017 0 1 417.78 232.73 87.500000
12354929 0 1 423.85 234.39 86.906250
12358164 0 1 421.32 240.05 85.500000
12361354 0 1 423.47 241.49 85.281250
12363319 0 1 422.55 243.03 85.539063
12366422 0 1 428.25 243.09 87.398438
12369712 0 1 425.16 241.44 87.515625
12372976 0 1 427.01 238.91 88.343750
12376260 0 1 428.99 238.72 89.328125
12378217 0 1 430.00 239.16 89.562500
12381359 0 1 428.02 241.91 89.421875
12384610 0 1 427.54 248.40 83.781250
12387908 0 1 425.67 256.96 75.429688
12391172 0 1 428.17 264.66 74.890625
12393159 0 1 433.69 284.10 80.640625
12396317 0 1 454.49 270.64 93.234375
12399611 0 1 454.42 260.80 97.953125
12402831 0 1 456.38 261.68 101.109380
12404820 0 1 457.81 260.27 102.070310
12407908 0 1 463.79 257.82 103.406250
12411145 0 1 457.72 254.24 104.210940
12413045 0 1 458.20 252.44 104.265630
12416260 0 1 458.69 250.50 104.265630
12419457 0 1 451.01 247.31 103.734380
12422795 0 1 444.91 240.10 104.414060
12426065 0 1 449.30 233.80 108.070310
12428055 0 1 452.19 230.91 110.117190
12431149 0 1 457.13 226.77 112.171880
12434459 0 1 452.40 223.23 112.421880
12437680 0 1 451.07 219.00 111.710940
12440952 0 1 448.59 220.88 112.054690
12442869 0 1 446.01 222.19 112.148440
12446123 0 1 437.58 228.37 118.312500
12449358 0 1 440.82 232.77 124.867190
12452686 0 1 450.23 240.01 132.515630
12455980 0 1 457.21 243.25 134.585940
12459232 0 1 463.49 244.49 137.640630
12462497 0 1 464.97 246.16 139.945310
12464462 0 1 465.89 245.58 141.078130
12467561 0 1 469.43 242.88 142.625000
12470894 0 1 472.42 241.84 142.617190
12474158 0 1 473.22 240.69 142.414060
12477443 0 1 477.20 240.76 143.554690
12479410 0 1 479.61 240.33 144.039060
12482543 0 1 480.89 238.47 144.578130
12485826 0 1 480.55 236.30 144.593750
12489107 0 1 484.92 234.24 144.117190
12491069 0 1 481.43 230.65 143.289060
12494221 0 1 465.22 220.70 140.257810
12497462 0 1 459.19 217.58 139.187500
12500787 0 1 455.57 222.11 138.210940
12504083 0 1 453.99 237.46 141.187500
12506064 0 1 458.40 243.85 146.296880
12509148 0 1 466.71 242.45 146.507810
12512404 0 1 473.61 245.24 149.710940
12515700 0 1 478.95 249.52 155.734380
12519054 0 1 484.31 251.18 159.507810
12522277 0 1 484.15 253.53 162.976560
12524273 0 1 488.84 255.15 165.835940
12527360 0 1 493.10 260.60 170.117190
12530579 0 1 512.56 268.41 178.929690
12533896 0 1 526.48 272.74 187.640630
12535897 0 1 524.62 277.39 190.906250
12538994 0 1 533.51 280.55 197.093750
12542242 0 1 534.32 289.30 209.328130
12545507 0 1 531.44 294.70 215.429690
12548835 0 1 530.38 298.64 216.500000
12552100 0 1 528.02 300.12 217.234380
12554046 0 1 527.62 299.46 217.437500
12557260 0 1 528.88 299.79 217.578130
12560494 0 1 526.22 300.94 218.015630
12562484 0 1 524.12 301.49 218.515630
12565591 0 1 519.19 303.59 219.609380
12568839 0 1 520.50 305.76 221.320310
12572083 0 1 523.06 309.63 225.492190
12574073 0 1 520.40 310.61 227.179690
12577241 0 1 519.87 313.92 229.507810
12580415 0 1 516.36 321.65 233.726560
12582403 0 1 519.11 323.17 236.140630
12585503 0 1 506.85 338.88 244.812500
12588755 0 1 491.68 344.93 248.757810
12591978 0 1 476.57 348.05 252.562500
12593930 0 1 473.57 354.36 255.101560
12597123 0 1 466.84 364.94 257.382810
12600342 0 1 469.63 364.45 257.445310
12603604 0 1 470.46 365.37 257.960940
12605579 0 1 471.30 365.33 258.023440
12608687 0 1 466.62 365.56 258.632810
12611952 0 1 462.33 366.27 261.460940
12615268 0 1 458.30 367.14 263.492190
12617181 0 1 457.45 366.82 264.226560
12620357 0 1 456.08 367.91 266.492190
12623595 0 1 453.15 369.99 267.351560
12626847 0 1 456.76 369.20 267.078130
12628831 0 1 454.72 371.44 267.140630
12631931 0 1 456.08 371.02 266.984380
12635218 0 1 458.61 371.36 267.187500
12638475 0 1 457.64 373.48 267.218750
12641804 0 1 456.78 373.57 266.351560
12645098 0 1 459.66 373.68 265.601560
12648382 0 1 460.75 373.51 265.562500
12650362 0 1 461.44 373.76 265.695310
12653449 0 1 462.64 373.47 265.609380
12656717 0 1 461.53 373.66 265.656250
12660062 0 1 459.65 373.70 265.609380
12663326 0 1 461.19 373.05 265.375000
12665335 0 1 460.95 373.30 265.476560
12668425 0 1 461.26 372.97 265.343750
12671666 0 1 457.88 373.39 266.304690
12674947 0 1 455.59 372.67 266.812500
12676956 0 1 453.06 373.30 267.039060
12680059 0 1 451.63 377.96 267.304690
12683331 0 1 450.40 381.19 267.843750
12686614 0 1 448.79 380.92 267.687500
12689911 0 1 446.68 380.07 267.718750
12693171 0 1 445.97 380.88 267.617190
12696483 0 1 445.83 381.00 267.671880
12699777 0 1 444.74 381.13 267.710940
12701751 0 1 445.85 380.99 267.664060
12704830 0 1 443.20 380.81 267.523440
12708141 0 1 441.85 380.33 267.257810
12711436 0 1 441.93 380.26 267.226560
12714705 0 1 440.24 380.10 267.101560
12716672 0 1 438.77 379.75 266.882810
12719785 0 1 439.31 378.49 266.250000
12723098 0 1 439.41 377.62 265.796880
12725068 0 1 437.47 379.07 265.421880
12728154 0 1 437.86 377.98 264.851560
12731422 0 1 436.64 377.51 264.531250
12734715 0 1 436.64 377.51 264.531250
12737986 0 1 437.61 377.43 264.539060
12739952 0 1 437.46 377.56 264.601560
12743037 0 1 437.18 377.80 264.718750
12746284 0 1 435.77 377.50 264.476560
12749552 0 1 433.63 377.81 264.539060
12751518 0 1 432.20 377.54 264.304690
12754652 0 1 428.62 377.63 264.140630
12757900 0 1 428.95 375.91 264.335940
12761220 0 1 426.25 377.34 265.046880
12764498 0 1 424.81 377.02 266.000000
12766452 0 1 424.55 375.83 266.476560
12769752 0 1 420.68 375.62 266.820310
12772796 0 1 420.14 376.02 267.046880
12774793 0 1 420.01 377.16 267.125000
12777892 0 1 417.96 377.96 267.562500
12779855 0 1 417.71 378.13 267.664060
12782951 0 1 415.64 378.92 268.109380
12786187 0 1 414.05 379.35 268.351560
12789543 0 1 413.02 380.04 268.773440
12792854 0 1 411.77 380.86 269.281250
12796099 0 1 409.04 383.36 269.585940
12798050 0 1 409.45 383.72 269.820310
12802633 0 1 409.04 384.60 270.382810
12804619 0 1 408.46 384.95 270.609380
12807717 0 1 405.32 386.60 271.054690
12811023 0 1 402.61 387.54 271.718750
12814304 0 1 399.29 389.35 273.000000
12817573 0 1 394.07 388.79 273.492190
12819564 0 1 392.08 389.64 273.468750
12822678 0 1 385.03 393.15 272.632810
12825973 0 1 381.07 396.02 271.820310
12829284 0 1 379.44 397.79 271.664060
12832565 0 1 375.79 400.90 271.867190
12835844 0 1 373.25 399.04 272.085940
12837841 0 1 371.18 401.95 272.070310
12840961 1 1 364.76 401.54 271.867190
12844326 1 1 362.67 399.52 271.921880
12847509 1 1 363.31 398.06 271.343750
12850802 1 1 358.41 399.73 272.375000
12852792 1 1 355.39 399.88 272.742190
12855886 1 1 350.36 402.11 273.429690
12859169 1 1 345.77 405.90 271.812500
12862517 1 1 331.68 414.13 273.734380
12865798 1 1 318.95 422.88 275.976560
12869088 1 1 316.18 422.85 276.843750
12872384 1 1 315.33 424.14 278.000000
12875655 1 1 311.04 426.86 278.882810
12877621 1 1 312.08 428.01 278.820310
12880814 1 1 308.96 427.74 279.468750
12884077 1 1 307.61 426.89 280.539060
12887330 1 1 305.87 427.01 281.671880
12890590 1 1 302.29 427.57 282.406250
12892556 1 1 299.36 427.04 282.703130
12895656 1 1 296.41 423.69 283.828130
12899013 1 1 294.59 422.33 284.171880
12902262 1 1 292.18 420.76 284.398440
12905538 1 1 289.75 418.07 284.406250
12907503 1 1 290.25 416.22 284.718750
12910639 1 1 288.10 415.68 284.789060
12913882 1 1 285.99 416.22 285.078130
12917211 1 1 285.63 418.26 285.335940
12920505 1 1 287.29 418.74 285.421880
12923769 1 1 289.17 418.25 285.523440
12925766 1 1 289.67 419.45 285.585940
12928820 1 1 288.24 420.11 285.648440
12932111 1 1 287.92 421.06 285.664060
12935471 1 1 288.20 422.12 285.492190
12938734 1 1 287.56 424.03 285.523440
12940734 1 1 287.17 424.97 285.562500
12943832 1 1 288.82 425.57 285.945310
12947082 1 1 288.62 426.91 286.804690
12950349 1 1 288.89 428.51 287.796880
12953632 1 1 289.72 428.95 288.125000
12955622 1 1 289.97 429.16 288.335940
12958741 1 1 289.20 429.87 288.187500
12961965 1 1 287.68 429.46 288.359380
12965249 1 1 282.36 428.79 288.437500
12967240 1 1 282.80 427.86 288.398440
12970314 1 1 274.40 434.54 288.359380
12973596 1 0 267.06 442.98 289.539060
12976919 1 0 262.23 446.30 288.320310
12980185 1 0 262.23 450.44 287.976560
12982145 1 0 262.80 452.67 287.656250
12985439 1 0 262.33 456.46 285.429690
12988537 1 0 264.39 456.99 284.375000
12991802 1 0 264.70 459.14 283.656250
12993787 1 0 264.93 460.24 283.281250
12996901 1 0 264.00 459.03 282.820310
13000147 1 0 259.87 460.15 282.765630
13003431 1 0 259.01 459.97 282.734380
13006759 1 0 257.07 462.59 282.812500
13010019 1 0 256.07 462.36 282.820310
13012009 1 0 254.36 465.04 282.835940
13015093 1 0 254.43 465.06 282.820310
13018358 1 0 254.44 463.12 282.429690
13020316 1 0 258.20 460.05 281.671880
13023401 1 0 254.08 458.85 282.750000
13026666 1 0 249.74 462.97 282.828130
13029931 1 0 249.08 461.80 282.804690
13031939 1 0 247.75 464.60 282.726560
13035021 1 0 246.17 462.78 283.937500
13038287 1 0 243.37 468.76 285.906250
13040252 1 0 241.27 472.08 287.335940
13043356 1 0 244.90 475.44 289.546880
13046683 1 0 240.52 481.59 291.140630
13049978 1 0 227.18 482.87 290.695310
13051959 1 0 224.82 485.17 291.000000
13055049 1 0 221.99 489.44 291.664060
13058271 1 0 218.71 490.29 291.609380
13061506 1 0 217.56 491.98 291.703130
13064793 1 0 216.89 493.89 291.265630
13066800 1 0 214.91 494.18 291.421880
13069887 1 0 212.56 495.41 291.367190
13073171 1 0 214.41 496.18 290.953130
13076516 1 0 210.77 499.02 291.234380
13079779 1 0 208.79 501.44 291.429690
13083062 1 0 206.64 504.87 291.578130
13086326 1 0 204.35 508.27 291.554690
13088292 1 0 202.82 508.77 291.406250
13091442 1 0 200.68 510.06 291.507810
13094755 1 0 200.57 511.15 291.257810
13097990 1 0 198.10 513.38 291.351560
13099912 1 0 198.06 513.36 291.359380
13103149 1 0 196.93 511.87 291.281250
13106342 1 0 194.04 512.94 291.148440
13109606 1 0 185.44 514.85 291.398440
13112868 1 0 174.38 524.50 292.195310
13113134 1 0 174.38 524.50 292.195310
13114750 1 0 174.38 524.50 292.781250
13116278 1 0 174.38 524.50 293.515630
13116545 1 0 174.38 524.50 293.515630
13118090 1 0 174.38 524.50 294.882810
13119648 1 0 174.38 524.50 296.859380
13121541 1 0 189.48 529.88 298.570310
13124725 1 0 199.30 524.61 301.164060
13127962 1 0 188.81 517.14 304.148440
13131202 1 0 192.74 516.50 305.507810
13133132 1 0 190.86 513.67 306.312500
13136291 1 0 185.06 513.06 308.234380
13139542 1 0 184.25 509.50 309.757810
13141536 1 0 182.97 508.11 309.539060
13144620 1 0 181.32 509.22 309.453130
13147829 1 0 180.76 511.13 309.304690
13149193 1 0 180.76 511.13 309.796880
13149458 1 0 180.76 511.13 309.796880
13149729 1 0 180.76 511.13 309.796880
13151052 1 0 180.76 511.13 310.289060
13151318 1 0 180.76 511.13 310.289060
13151588 1 0 180.76 511.13 310.289060
13152914 1 0 180.76 511.13 310.226560
13153178 1 0 180.76 511.13 310.226560
13153447 1 0 180.76 511.13 310.226560
13154772 1 0 180.76 511.13 310.843750
13155037 1 0 180.76 511.13 310.843750
13155307 1 0 180.76 511.13 310.843750
13156638 1 0 180.76 511.13 311.781250
13156903 1 0 180.76 511.13 311.781250
13157173 1 0 180.76 511.13 311.781250
13158501 1 0 180.76 511.13 312.476560
13158766 1 0 180.76 511.13 312.476560
13159036 1 0 180.76 511.13 312.476560
13160360 1 0 180.76 511.13 313.140630
13160625 1 0 180.76 511.13 313.140630
13160894 1 0 180.76 511.13 313.140630
13162215 1 0 180.76 511.13 313.812500
13162480 1 0 180.76 511.13 313.812500
13162749 1 0 180.76 511.13 313.812500
13164077 1 0 180.76 511.13 314.710940
13164341 1 0 180.76 511.13 314.710940
13164611 1 0 180.76 511.13 314.710940
13165935 1 0 180.76 511.13 315.328130
13166200 1 0 180.76 511.13 315.328130
13166470 1 0 180.76 511.13 315.328130
13167798 1 0 180.76 511.13 316.242190
13168062 1 0 180.76 511.13 316.242190
13168332 1 0 180.76 511.13 316.242190
13169658 1 0 180.76 511.13 316.109380
13169924 1 0 180.76 511.13 316.109380
13170193 1 0 180.76 511.13 316.109380
13171519 1 0 180.76 511.13 315.898440
13171784 1 0 180.76 511.13 315.898440
13172055 1 0 180.76 511.13 315.898440
13173384 1 0 180.76 511.13 316.187500
13173648 1 0 180.76 511.13 316.187500
13173918 1 0 180.76 511.13 316.187500
13175242 1 0 180.76 511.13 316.718750
13175507 1 0 180.76 511.13 316.718750
13175778 1 0 180.76 511.13 316.718750
13177106 1 0 180.76 511.13 316.929690
13177371 1 0 180.76 511.13 316.929690
13177643 1 0 180.76 511.13 316.929690
13178969 1 0 180.76 511.13 317.140630
13179233 1 0 180.76 511.13 317.140630
13179502 1 0 180.76 511.13 317.140630
13180827 1 0 180.76 511.13 317.312500
13181092 1 0 180.76 511.13 317.312500
13181403 1 0 180.76 511.13 317.312500
13182688 1 0 180.76 511.13 317.718750
13182953 1 0 180.76 511.13 317.718750
13183223 1 0 180.76 511.13 317.718750
13184547 1 0 180.76 511.13 317.609380
13184813 1 0 180.76 511.13 317.609380
13185123 1 0 180.76 511.13 317.609380
13186408 1 0 180.76 511.13 317.875000
13186673 1 0 180.76 511.13 317.875000
13186983 1 0 180.76 511.13 317.875000
13188269 1 0 180.76 511.13 317.960940
13188534 1 0 180.76 511.13 317.960940
13188804 1 0 180.76 511.13 317.960940
13190130 1 0 180.76 511.13 317.757810
13190395 1 0 180.76 511.13 317.757810
13190670 1 0 180.76 511.13 317.757810
13191993 1 0 180.76 511.13 317.796880
13192259 1 0 180.76 511.13 317.796880
13192530 1 0 180.76 511.13 317.796880
13193856 1 0 180.76 511.13 317.890630
13194122 1 0 180.76 511.13 317.890630
13194430 1 0 180.76 511.13 317.890630
13195715 1 0 180.76 511.13 318.773440
13195980 1 0 180.76 511.13 318.773440
13196292 1 0 180.76 511.13 318.773440
13197575 1 0 180.76 511.13 320.578130
13197840 1 0 180.76 511.13 320.578130
13198149 1 0 180.76 511.13 320.578130
13199432 1 0 180.76 511.13 322.226560
13199697 1 0 180.76 511.13 322.226560
13200006 1 0 180.76 511.13 322.226560
13201291 1 0 180.76 511.13 324.632810
13201556 1 0 180.76 511.13 324.632810
13202889 1 0 180.76 511.13 325.234380
13203154 1 0 180.76 511.13 325.234380
13203425 1 0 180.76 511.13 325.234380
13203695 1 0 180.76 511.13 325.234380
13205016 1 0 180.76 511.13 326.820310
13205281 1 0 180.76 511.13 326.820310
13205551 1 0 180.76 511.13 326.820310
13206876 1 0 180.76 511.13 328.070310
13207140 1 0 180.76 511.13 328.070310
13207451 1 0 180.76 511.13 328.070310
13208734 1 0 180.76 511.13 328.312500
13208998 1 0 180.76 511.13 328.312500
13209312 1 0 180.76 511.13 328.312500
13210596 1 0 180.76 511.13 328.546880
13210862 1 0 180.76 511.13 328.546880
13211174 1 0 180.76 511.13 328.546880
13212460 1 0 180.76 511.13 329.421880
13212725 1 0 180.76 511.13 329.421880
13214059 1 0 180.76 511.13 329.179690
13214324 1 0 180.76 511.13 329.179690
13214596 1 0 180.76 511.13 329.179690
13214904 1 0 180.76 511.13 329.179690
13216191 1 0 180.76 511.13 328.468750
13216456 1 0 180.76 511.13 328.468750
13217784 1 0 180.76 511.13 328.000000
13218049 1 0 180.76 511.13 328.000000
13218317 1 0 180.76 511.13 328.000000
13219645 1 0 180.76 511.13 328.007810
13219910 1 0 180.76 511.13 328.007810
13220179 1 0 180.76 511.13 328.007810
13221509 1 0 180.76 511.13 328.687500
13221775 1 0 180.76 511.13 328.687500
13222045 1 0 180.76 511.13 328.687500
13223371 1 0 180.76 511.13 328.500000
13223634 1 0 180.76 511.13 328.500000
13223904 1 0 180.76 511.13 328.500000
13225236 1 0 180.76 511.13 328.851560
13225501 1 0 180.76 511.13 328.851560
13225772 1 0 180.76 511.13 328.851560
13227104 1 0 180.76 511.13 329.843750
13227369 1 0 180.76 511.13 329.843750
13227639 1 0 180.76 511.13 329.843750
13228962 1 0 180.76 511.13 330.062500
13229227 1 0 180.76 511.13 330.062500
13229496 1 0 180.76 511.13 330.062500
13230828 1 0 180.76 511.13 331.593750
13231093 1 0 180.76 511.13 331.593750
13231364 1 0 180.76 511.13 331.593750
13232694 1 0 180.76 511.13 332.359380
13232959 1 0 180.76 511.13 332.359380
13233229 1 0 180.76 511.13 332.359380
13234555 1 0 180.76 511.13 332.312500
13234819 1 0 180.76 511.13 332.312500
13235088 1 0 180.76 511.13 332.312500
13236413 1 0 180.76 511.13 332.726560
13236678 1 0 180.76 511.13 332.726560
13236948 1 0 180.76 511.13 332.726560
13238277 1 0 180.76 511.13 332.890630
13238542 1 0 180.76 511.13 332.890630
13238812 1 0 180.76 511.13 332.890630
13240136 1 0 180.76 511.13 332.820310
13240401 1 0 180.76 511.13 332.820310
13240671 1 0 180.76 511.13 332.820310
13241996 1 0 180.76 511.13 332.804690
13242261 1 0 180.76 511.13 332.804690
13242530 1 0 180.76 511.13 332.804690
13243855 1 0 180.76 511.13 333.054690
13244121 1 0 180.76 511.13 333.054690
13244390 1 0 180.76 511.13 333.054690
13245719 1 0 180.76 511.13 333.289060
13245985 1 0 180.76 511.13 333.289060
13246256 1 0 180.76 511.13 333.289060
13247582 1 0 180.76 511.13 333.148440
13247846 1 0 180.76 511.13 333.148440
13248116 1 0 180.76 511.13 333.148440
13249439 1 0 180.76 511.13 332.515630
13249703 1 0 180.76 511.13 332.515630
13249974 1 0 180.76 511.13 332.515630
13251298 1 0 180.76 511.13 331.765630
13251563 1 0 180.76 511.13 331.765630
13251832 1 0 180.76 511.13 331.765630
13253157 1 0 180.76 511.13 331.695310
13253422 1 0 180.76 511.13 331.695310
13253692 1 0 180.76 511.13 331.695310
13255016 1 0 180.76 511.13 331.890630
13255281 1 0 180.76 511.13 331.890630
13255590 1 0 180.76 511.13 331.890630
13256873 1 0 180.76 511.13 331.890630
13257139 1 0 180.76 511.13 331.890630
13257408 1 0 180.76 511.13 331.890630
13258733 1 0 180.76 511.13 333.460940
13258998 1 0 180.76 511.13 333.460940
13259310 1 0 180.76 511.13 333.460940
13260595 1 0 180.76 511.13 333.335940
13260860 1 0 180.76 511.13 333.335940
13261130 1 0 180.76 511.13 333.335940
13262453 1 0 180.76 511.13 333.796880
13262720 1 0 180.76 511.13 333.796880
13263032 1 0 180.76 511.13 333.796880
13264318 1 0 180.76 511.13 333.187500
13264583 1 0 180.76 511.13 333.187500
13264852 1 0 180.76 511.13 333.187500
13266176 1 0 180.76 511.13 332.601560
13266440 1 0 180.76 511.13 332.601560
13267771 1 0 180.76 511.13 331.898440
13268037 1 0 180.76 511.13 331.898440
13268306 1 0 180.76 511.13 331.898440
13268578 1 0 180.76 511.13 331.898440
13269905 1 0 180.76 511.13 331.476560
13270170 1 0 180.76 511.13 331.476560
13271502 1 0 180.76 511.13 330.656250
13271768 1 0 180.76 511.13 330.656250
13272037 1 0 180.76 511.13 330.656250
13272307 1 0 180.76 511.13 330.656250
13273632 1 0 180.76 511.13 329.335940
13273899 1 0 180.76 511.13 329.335940
13274210 1 0 180.76 511.13 329.335940
13275495 1 0 180.76 511.13 329.015630
13275760 1 0 180.76 511.13 329.015630
13277094 1 0 180.76 511.13 329.015630
13277359 1 0 180.76 511.13 329.015630
13277629 1 0 180.76 511.13 329.015630
13277939 1 0 180.76 511.13 329.015630
13279222 1 0 180.76 511.13 330.140630
13279486 1 0 180.76 511.13 330.140630
13280820 1 0 180.76 511.13 332.125000
13281085 1 0 180.76 511.13 332.125000
13281353 1 0 180.76 511.13 332.125000
13281662 1 0 180.76 511.13 332.125000
13282946 1 0 180.76 511.13 334.031250
13283210 1 0 180.76 511.13 334.031250
13284543 1 0 180.76 511.13 336.640630
13284808 1 0 180.76 511.13 336.640630
13285079 1 0 180.76 511.13 336.640630
13286412 1 0 180.76 511.13 338.679690
13286678 1 0 180.76 511.13 338.679690
13286949 1 0 180.76 511.13 338.679690
13288283 1 0 180.76 511.13 340.687500
13288548 1 0 180.76 511.13 340.687500
13288817 1 0 180.76 511.13 340.687500
13290147 1 0 180.76 511.13 340.453130
13290412 1 0 180.76 511.13 340.453130
13290681 1 0 180.76 511.13 340.453130
13292011 1 0 180.76 511.13 339.289060
13292276 1 0 180.76 511.13 339.289060
13292547 1 0 180.76 511.13 339.289060
13293875 1 0 180.76 511.13 338.898440
13294140 1 0 180.76 511.13 338.898440
13294411 1 0 180.76 511.13 338.898440
13295741 1 0 180.76 511.13 339.195310
13296007 1 0 180.76 511.13 339.195310
13296277 1 0 180.76 511.13 339.195310
13297604 1 0 180.76 511.13 342.101560
13297868 1 0 180.76 511.13 342.101560
13298138 1 0 180.76 511.13 342.101560
13299470 1 0 180.76 511.13 344.335940
13299735 1 0 180.76 511.13 344.335940
13300004 1 0 180.76 511.13 344.335940
13301330 1 0 180.76 511.13 344.796880
13301596 1 0 180.76 511.13 344.796880
13301867 1 0 180.76 511.13 344.796880
13303191 1 0 180.76 511.13 344.148440
13303456 1 0 180.76 511.13 344.148440
13303726 1 0 180.76 511.13 344.148440
13305052 1 0 180.76 511.13 345.085940
13305317 1 0 180.76 511.13 345.085940
13305587 1 0 180.76 511.13 345.085940
13306912 1 0 180.76 511.13 344.492190
13307177 1 0 180.76 511.13 344.492190
13307448 1 0 180.76 511.13 344.492190
13308775 1 0 180.76 511.13 345.578130
13309040 1 0 180.76 511.13 345.578130
13309310 1 0 180.76 511.13 345.578130
13310636 1 0 180.76 511.13 346.312500
13310901 1 0 180.76 511.13 346.312500
13311170 1 0 180.76 511.13 346.312500
13312491 1 0 180.76 511.13 347.070310
13312756 1 0 180.76 511.13 347.070310
13313026 1 0 180.76 511.13 347.070310
13314355 1 0 180.76 511.13 347.156250
13314620 1 0 180.76 511.13 347.156250
13314930 1 0 180.76 511.13 347.156250
13316216 1 0 180.76 511.13 346.859380
13316483 1 0 180.76 511.13 346.859380
13316753 1 0 180.76 511.13 346.859380
13318078 1 0 180.76 511.13 346.460940
13318343 1 0 180.76 511.13 346.460940
13318614 1 0 180.76 511.13 346.460940
13319940 1 0 180.76 511.13 346.593750
13320205 1 0 180.76 511.13 346.593750
13320475 1 0 180.76 511.13 346.593750
13321801 1 0 180.76 511.13 345.968750
13322067 1 0 180.76 511.13 345.968750
13322381 1 0 180.76 511.13 345.968750
13323666 1 0 180.76 511.13 346.218750
13323931 1 0 180.76 511.13 346.218750
13324241 1 0 180.76 511.13 346.218750
13325526 1 0 180.76 511.13 346.054690
13325791 1 0 180.76 511.13 346.054690
13326104 1 0 180.76 511.13 346.054690
13327389 1 0 180.76 511.13 346.367190
13327655 1 0 180.76 511.13 346.367190
13327967 1 0 180.76 511.13 346.367190
13329253 1 0 180.76 511.13 346.210940
13329518 1 0 180.76 511.13 346.210940
13329830 1 0 180.76 511.13 346.210940
13331116 1 0 180.76 511.13 346.078130
13331381 1 0 180.76 511.13 346.078130
13332714 1 0 180.76 511.13 345.687500
13332979 1 0 180.76 511.13 345.687500
13333250 1 0 180.76 511.13 345.687500
13333563 1 0 180.76 511.13 345.687500
13334847 1 0 180.76 511.13 345.687500
13335113 1 0 180.76 511.13 345.687500
13336450 1 0 180.76 511.13 345.875000
13336715 1 0 180.76 511.13 345.875000
13336984 1 0 180.76 511.13 345.875000
13338312 1 0 180.76 511.13 345.765630
13338578 1 0 180.76 511.13 345.765630
13338849 1 0 180.76 511.13 345.765630
13339161 1 0 180.76 511.13 345.765630
13340445 1 0 180.76 511.13 345.335940
13340710 1 0 180.76 511.13 345.335940
13342040 1 0 180.76 511.13 344.976560
13342305 1 0 180.76 511.13 344.976560
13342576 1 0 180.76 511.13 344.976560
13343907 1 0 180.76 511.13 344.882810
13344173 1 0 180.76 511.13 344.882810
13344443 1 0 180.76 511.13 344.882810
13345775 1 0 180.76 511.13 345.367190
13346041 1 0 180.76 511.13 345.367190
13346312 1 0 180.76 511.13 345.367190
13347642 1 0 180.76 511.13 345.695310
13347907 1 0 180.76 511.13 345.695310
13348177 1 0 180.76 511.13 345.695310
13349506 1 0 180.76 511.13 345.835940
13349771 1 0 180.76 511.13 345.835940
13350041 1 0 180.76 511.13 345.835940
13351372 1 0 180.76 511.13 346.609380
13351638 1 0 180.76 511.13 346.609380
13351908 1 0 180.76 511.13 346.609380
13353243 1 0 180.76 511.13 347.679690
13353509 1 0 180.76 511.13 347.679690
13353781 1 0 180.76 511.13 347.679690
13355105 1 0 180.76 511.13 349.257810
13355370 1 0 180.76 511.13 349.257810
13355640 1 0 180.76 511.13 349.257810
13356968 1 0 180.76 511.13 352.773440
13357234 1 0 180.76 511.13 352.773440
13357504 1 0 180.76 511.13 352.773440
13358828 1 0 180.76 511.13 357.531250
13359093 1 0 180.76 511.13 357.531250
13359364 1 0 180.76 511.13 357.531250
13360687 1 0 180.76 511.13 360.960940
13360952 1 0 180.76 511.13 360.960940
13361222 1 0 180.76 511.13 360.960940
13362554 1 0 180.76 511.13 365.218750
13362820 1 0 180.76 511.13 365.218750
13363090 1 0 180.76 511.13 365.218750
13364415 1 0 180.76 511.13 370.742190
13364680 1 0 180.76 511.13 370.742190
13364951 1 0 180.76 511.13 370.742190
13366280 1 0 180.76 511.13 372.781250
13366545 1 0 180.76 511.13 372.781250
13366814 1 0 180.76 511.13 372.781250
13368139 1 0 180.76 511.13 374.921880
13368404 1 0 180.76 511.13 374.921880
13368715 1 0 180.76 511.13 374.921880
13370001 1 0 180.76 511.13 375.828130
13370266 1 0 180.76 511.13 375.828130
13370536 1 0 180.76 511.13 375.828130
13371862 1 0 180.76 511.13 377.906250
13372127 1 0 180.76 511.13 377.906250
13372397 1 0 180.76 511.13 377.906250
13373721 1 0 180.76 511.13 379.226560
13373986 1 0 180.76 511.13 379.226560
13374257 1 0 180.76 511.13 379.226560
13375581 1 0 180.76 511.13 381.000000
13375844 1 0 180.76 511.13 381.000000
13376113 1 0 180.76 511.13 381.000000
13377439 1 0 180.76 511.13 382.320310
13377703 1 0 180.76 511.13 382.320310
13377972 1 0 180.76 511.13 382.320310
13379296 1 0 180.76 511.13 383.476560
13379561 1 0 180.76 511.13 383.476560
13379831 1 0 180.76 511.13 383.476560
13381157 1 0 180.76 511.13 383.929690
13381423 1 0 180.76 511.13 383.929690
13381694 1 0 180.76 511.13 383.929690
13383019 1 0 180.76 511.13 385.101560
13383284 1 0 180.76 511.13 385.101560
13383593 1 0 180.76 511.13 385.101560
13384879 1 0 180.76 511.13 385.640630
13385144 1 0 180.76 511.13 385.640630
13385456 1 0 180.76 511.13 385.640630
13386741 1 0 180.76 511.13 385.898440
13387006 1 0 180.76 511.13 385.898440
13387278 1 0 180.76 511.13 385.898440
13388601 1 0 180.76 511.13 386.070310
13388866 1 0 180.76 511.13 386.070310
13389135 1 0 180.76 511.13 386.070310
13390461 1 0 180.76 511.13 387.406250
13390727 1 0 180.76 511.13 387.406250
13390997 1 0 180.76 511.13 387.406250
13392324 1 0 180.76 511.13 388.679690
13392590 1 0 180.76 511.13 388.679690
13392862 1 0 180.76 511.13 388.679690
13394188 1 0 180.76 511.13 388.992190
13394453 1 0 180.76 511.13 388.992190
13394764 1 0 180.76 511.13 388.992190
13396049 1 0 180.76 511.13 389.195310
13396315 1 0 180.76 511.13 389.195310
13396624 1 0 180.76 511.13 389.195310
13397910 1 0 180.76 511.13 388.273440
13398175 1 0 180.76 511.13 388.273440
13399506 1 0 180.76 511.13 387.734380
13399772 1 0 180.76 511.13 387.734380
13400043 1 0 180.76 511.13 387.734380
13400353 1 0 180.76 511.13 387.734380
13401636 1 0 180.76 511.13 387.015630
13401902 1 0 180.76 511.13 387.015630
13403237 1 0 180.76 511.13 386.640630
13403502 1 0 180.76 511.13 386.640630
13403772 1 0 180.76 511.13 386.640630
13404042 1 0 180.76 511.13 386.640630
13405369 1 0 180.76 511.13 384.500000
13405633 1 0 180.76 511.13 384.500000
13405945 1 0 180.76 511.13 384.500000
13407229 1 0 180.76 511.13 383.632810
13407494 1 0 180.76 511.13 383.632810
13407805 1 0 180.76 511.13 383.632810
13409090 1 0 180.76 511.13 382.609380
13409355 1 0 180.76 511.13 382.609380
13410690 1 0 180.76 511.13 381.882810
13410955 1 0 180.76 511.13 381.882810
13411225 1 0 180.76 511.13 381.882810
13412556 1 0 180.76 511.13 381.062500
13412820 1 0 180.76 511.13 381.062500
13413090 1 0 180.76 511.13 381.062500
13413399 1 0 180.76 511.13 381.062500
13414685 1 0 180.76 511.13 379.984380
13414951 1 0 180.76 511.13 379.984380
13416282 1 0 180.76 511.13 379.289060
13416548 1 0 180.76 511.13 379.289060
13416818 1 0 180.76 511.13 379.289060
13418148 1 0 180.76 511.13 378.757810
13418414 1 0 180.76 511.13 378.757810
13418684 1 0 180.76 511.13 378.757810
13420011 1 0 180.76 511.13 379.640630
13420276 1 0 180.76 511.13 379.640630
13420547 1 0 180.76 511.13 379.640630
13421878 1 0 180.76 511.13 378.656250
13422143 1 0 180.76 511.13 378.656250
13422413 1 0 180.76 511.13 378.656250
13423745 1 0 180.76 511.13 379.148440
13424010 1 0 180.76 511.13 379.148440
13424280 1 0 180.76 511.13 379.148440
13425610 1 0 180.76 511.13 381.539060
13425875 1 0 180.76 511.13 381.539060
13426146 1 0 180.76 511.13 381.539060
13427475 1 0 180.76 511.13 383.531250
13427739 1 0 180.76 511.13 383.531250
13428009 1 0 180.76 511.13 383.531250
13429336 1 0 180.76 511.13 383.679690
13429602 1 0 180.76 511.13 383.679690
13429872 1 0 180.76 511.13 383.679690
13431198 1 0 180.76 511.13 383.648440
13431464 1 0 180.76 511.13 383.648440
13431735 1 0 180.76 511.13 383.648440
13433058 1 0 180.76 511.13 385.531250
13433323 1 0 180.76 511.13 385.531250
13433592 1 0 180.76 511.13 385.531250
13434917 1 0 180.76 511.13 385.914060
13435183 1 0 180.76 511.13 385.914060
13435452 1 0 180.76 511.13 385.914060
13436777 1 0 180.76 511.13 388.132810
13437042 1 0 180.76 511.13 388.132810
13437313 1 0 180.76 511.13 388.132810
13438636 1 0 180.76 511.13 389.007810
13438901 1 0 180.76 511.13 389.007810
13439170 1 0 180.76 511.13 389.007810
13440498 1 0 180.76 511.13 390.351560
13440762 1 0 180.76 511.13 390.351560
13441033 1 0 180.76 511.13 390.351560
13442357 1 0 180.76 511.13 391.140630
13442621 1 0 180.76 511.13 391.140630
13442890 1 0 180.76 511.13 391.140630
13444218 1 0 180.76 511.13 389.789060
13444484 1 0 180.76 511.13 389.789060
13444755 1 0 180.76 511.13 389.789060
13446086 1 0 180.76 511.13 389.843750
13446352 1 0 180.76 511.13 389.843750
13446623 1 0 180.76 511.13 389.843750
13447951 1 0 180.76 511.13 394.609380
13448216 1 0 180.76 511.13 394.609380
13448486 1 0 180.76 511.13 394.609380
13449811 1 0 180.76 511.13 398.789060
13450078 1 0 180.76 511.13 398.789060
13450348 1 0 180.76 511.13 398.789060
13451673 1 0 180.76 511.13 402.468750
13451938 1 0 180.76 511.13 402.468750
13452209 1 0 180.76 511.13 402.468750
13453531 1 0 180.76 511.13 404.062500
13453795 1 0 180.76 511.13 404.062500
13454063 1 0 180.76 511.13 404.062500
13455387 1 0 180.76 511.13 405.023440
13455651 1 0 180.76 511.13 405.023440
13455921 1 0 180.76 511.13 405.023440
13457246 1 0 180.76 511.13 405.867190
13457511 1 0 180.76 511.13 405.867190
13457781 1 0 180.76 511.13 405.867190
13459107 1 0 180.76 511.13 406.351560
13459372 1 0 180.76 511.13 406.351560
13459641 1 0 180.76 511.13 406.351560
13460967 1 0 180.76 511.13 406.531250
13461232 1 0 180.76 511.13 406.531250
13461544 1 0 180.76 511.13 406.531250
13462830 1 0 180.76 511.13 406.914060
13463094 1 0 180.76 511.13 406.914060
13463405 1 0 180.76 511.13 406.914060
13464688 1 0 180.76 511.13 407.250000
13464952 1 0 180.76 511.13 407.250000
13465222 1 0 180.76 511.13 407.250000
13466546 1 0 180.76 511.13 408.679690
13466811 1 0 180.76 511.13 408.679690
13467082 1 0 180.76 511.13 408.679690
13468408 1 0 180.76 511.13 408.359380
13468674 1 0 180.76 511.13 408.359380
13468987 1 0 180.76 511.13 408.359380
13470272 1 0 180.76 511.13 411.171880
13470537 1 0 180.76 511.13 411.171880
13470807 1 0 180.76 511.13 411.171880
13472131 1 0 180.76 511.13 410.820310
13472395 1 0 180.76 511.13 410.820310
13472708 1 0 180.76 511.13 410.820310
13473992 1 0 180.76 511.13 410.992190
13474257 1 0 180.76 511.13 410.992190
13474528 1 0 180.76 511.13 410.992190
13475853 1 0 180.76 511.13 409.875000
13476118 1 0 180.76 511.13 409.875000
13476426 1 0 180.76 511.13 409.875000
13477709 1 0 180.76 511.13 408.585940
13477975 1 0 180.76 511.13 408.585940
13478287 1 0 180.76 511.13 408.585940
13479571 1 0 180.76 511.13 410.421880
13479836 1 0 180.76 511.13 410.421880
13480143 1 0 180.76 511.13 410.421880
13481426 1 0 180.76 511.13 410.921880
13481691 1 0 180.76 511.13 410.921880
13482002 1 0 180.76 511.13 410.921880
13483288 1 0 180.76 511.13 410.937500
13483552 1 0 180.76 511.13 410.937500
13484883 1 0 180.76 511.13 411.234380
13485148 1 0 180.76 511.13 411.234380
13485418 1 0 180.76 511.13 411.234380
13486746 1 0 180.76 511.13 411.140630
13487010 1 0 180.76 511.13 411.140630
13487279 1 0 180.76 511.13 411.140630
13488609 1 0 180.76 511.13 411.117190
13488873 1 0 180.76 511.13 411.117190
13489142 1 0 180.76 511.13 411.117190
13490476 1 0 180.76 511.13 411.046880
13490741 1 0 180.76 511.13 411.046880
13491010 1 0 180.76 511.13 411.046880
13491323 1 0 180.76 511.13 411.046880
13492606 1 0 180.76 511.13 411.007810
13492871 1 0 180.76 511.13 411.007810
13494205 1 0 180.76 511.13 411.773440
13494470 1 0 180.76 511.13 411.773440
13494740 1 0 180.76 511.13 411.773440
13496069 1 0 180.76 511.13 412.039060
13496333 1 0 180.76 511.13 412.039060
13496602 1 0 180.76 511.13 412.039060
13497930 1 0 180.76 511.13 412.242190
13498194 1 0 180.76 511.13 412.242190
13498464 1 0 180.76 511.13 412.242190
13499792 1 0 180.76 511.13 412.320310
13500056 1 0 180.76 511.13 412.320310
13500325 1 0 180.76 511.13 412.320310
13501652 1 0 180.76 511.13 412.773440
13501918 1 0 180.76 511.13 412.773440
13502187 1 0 180.76 511.13 412.773440
13503517 1 0 180.76 511.13 412.601560
13503782 1 0 180.76 511.13 412.601560
13504052 1 0 180.76 511.13 412.601560
13505378 1 0 180.76 511.13 412.351560
13505643 1 0 180.76 511.13 412.351560
13505912 1 0 180.76 511.13 412.351560
13507235 1 0 180.76 511.13 412.117190
13507501 1 0 180.76 511.13 412.117190
13507770 1 0 180.76 511.13 412.117190
13509097 1 0 180.76 511.13 412.421880
13509362 1 0 180.76 511.13 412.421880
13509633 1 0 180.76 511.13 412.421880
13510961 1 0 180.76 511.13 412.070310
13511225 1 0 180.76 511.13 412.070310
13511493 1 0 180.76 511.13 412.070310
13512821 1 0 180.76 511.13 411.804690
13513086 1 0 180.76 511.13 411.804690
13513357 1 0 180.76 511.13 411.804690
13514679 1 0 180.76 511.13 411.250000
13514943 1 0 180.76 511.13 411.250000
13515211 1 0 180.76 511.13 411.250000
13516535 1 0 180.76 511.13 411.187500
13516800 1 0 180.76 511.13 411.187500
13517069 1 0 180.76 511.13 411.187500
13518394 1 0 180.76 511.13 410.976560
13518659 1 0 180.76 511.13 410.976560
13518929 1 0 180.76 511.13 410.976560
13520258 1 0 180.76 511.13 410.953130
13520522 1 0 180.76 511.13 410.953130
13520792 1 0 180.76 511.13 410.953130
13522118 1 0 180.76 511.13 410.882810
13522383 1 0 180.76 511.13 410.882810
13522654 1 0 180.76 511.13 410.882810
13523977 1 0 180.76 511.13 411.109380
13524242 1 0 180.76 511.13 411.109380
13524512 1 0 180.76 511.13 411.109380
13525837 1 0 180.76 511.13 410.726560
13526103 1 0 180.76 511.13 410.726560
13526372 1 0 180.76 511.13 410.726560
13527695 1 0 180.76 511.13 409.406250
13527960 1 0 180.76 511.13 409.406250
13528229 1 0 180.76 511.13 409.406250
13529555 1 0 180.76 511.13 409.195310
13529820 1 0 180.76 511.13 409.195310
13530134 1 0 180.76 511.13 409.195310
13531418 1 0 180.76 511.13 409.234380
13531683 1 0 180.76 511.13 409.234380
13531953 1 0 180.76 511.13 409.234380
13533276 1 0 180.76 511.13 407.906250
13533540 1 0 180.76 511.13 407.906250
13533851 1 0 180.76 511.13 407.906250
13535135 1 0 180.76 511.13 407.492190
13535400 1 0 180.76 511.13 407.492190
13535715 1 0 180.76 511.13 407.492190
13536999 1 0 180.76 511.13 407.398440
13537264 1 0 180.76 511.13 407.398440
13537534 1 0 180.76 511.13 407.398440
13538856 1 0 180.76 511.13 406.406250
13539122 1 0 180.76 511.13 406.406250
13539391 1 0 180.76 511.13 406.406250
13540717 1 0 180.76 511.13 405.726560
13540982 1 0 180.76 511.13 405.726560
13541252 1 0 180.76 511.13 405.726560
13542580 1 0 180.76 511.13 405.164060
13542845 1 0 180.76 511.13 405.164060
13543157 1 0 180.76 511.13 405.164060
13544441 1 0 180.76 511.13 404.976560
13544708 1 0 180.76 511.13 404.976560
13545017 1 0 180.76 511.13 404.976560
13546300 1 0 180.76 511.13 404.125000
13546563 1 0 180.76 511.13 404.125000
13546873 1 0 180.76 511.13 404.125000
13548157 1 0 180.76 511.13 403.875000
13548423 1 0 180.76 511.13 403.875000
13548731 1 0 180.76 511.13 403.875000
13550017 1 0 180.76 511.13 403.945310
13550281 1 0 180.76 511.13 403.945310
13550594 1 0 180.76 511.13 403.945310
13551879 1 0 180.76 511.13 403.804690
13552144 1 0 180.76 511.13 403.804690
13552454 1 0 180.76 511.13 403.804690
13553738 1 0 180.76 511.13 403.726560
13554003 1 0 180.76 511.13 403.726560
13554313 1 0 180.76 511.13 403.726560
13555598 1 0 180.76 511.13 403.492190
13555863 1 0 180.76 511.13 403.492190
13556172 1 0 180.76 511.13 403.492190
13557456 1 0 180.76 511.13 403.218750
13557722 1 0 180.76 511.13 403.218750
13558031 1 0 180.76 511.13 403.218750
13559317 1 0 180.76 511.13 402.882810
13559582 1 0 180.76 511.13 402.882810
13559896 1 0 180.76 511.13 402.882810
13561180 1 0 180.76 511.13 402.132810
13561444 1 0 180.76 511.13 402.132810
13562774 1 0 180.76 511.13 401.679690
13563040 1 0 180.76 511.13 401.679690
13563311 1 0 180.76 511.13 401.679690
13563586 1 0 180.76 511.13 401.679690
13564906 1 0 180.76 511.13 401.117190
13565171 1 0 180.76 511.13 401.117190
13565483 1 0 180.76 511.13 401.117190
13566766 1 0 180.76 511.13 400.554690
13567031 1 0 180.76 511.13 400.554690
13567338 1 0 180.76 511.13 400.554690
13568623 1 0 180.76 511.13 400.046880
13568888 1 0 180.76 511.13 400.046880
13569158 1 0 180.76 511.13 400.046880
13570485 1 0 180.76 511.13 399.343750
13570750 1 0 180.76 511.13 399.343750
13571062 1 0 180.76 511.13 399.343750
13572346 1 0 180.76 511.13 398.843750
13572613 1 0 180.76 511.13 398.843750
13572923 1 0 180.76 511.13 398.843750
13574209 1 0 180.76 511.13 396.773440
13574474 1 0 180.76 511.13 396.773440
13575809 1 0 180.76 511.13 395.359380
13576074 1 0 180.76 511.13 395.359380
13576345 1 0 180.76 511.13 395.359380
13576657 1 0 180.76 511.13 395.359380
13577942 1 0 180.76 511.13 395.492190
13578207 1 0 180.76 511.13 395.492190
13579540 1 0 180.76 511.13 396.406250
13579805 1 0 180.76 511.13 396.406250
13580076 1 0 180.76 511.13 396.406250
13581406 1 0 180.76 511.13 401.210940
13581670 1 0 180.76 511.13 401.210940
13581939 1 0 180.76 511.13 401.210940
13583267 1 0 180.76 511.13 404.203130
13583532 1 0 180.76 511.13 404.203130
13583801 1 0 180.76 511.13 404.203130
13585130 1 0 180.76 511.13 405.359380
13585395 1 0 180.76 511.13 405.359380
13585667 1 0 180.76 511.13 405.359380
13586988 1 0 180.76 511.13 405.804690
13587253 1 0 180.76 511.13 405.804690
13587523 1 0 180.76 511.13 405.804690
13588846 1 0 180.76 511.13 405.804690
13589111 1 0 180.76 511.13 405.804690
13589422 1 0 180.76 511.13 405.804690
13590707 1 0 180.76 511.13 405.804690
13590972 1 0 180.76 511.13 405.804690
13591242 1 0 180.76 511.13 405.804690
13592566 1 0 180.76 511.13 405.804690
13592832 1 0 180.76 511.13 405.804690
13593102 1 0 180.76 511.13 405.804690
13594430 1 0 180.76 511.13 406.640630
13594695 1 0 180.76 511.13 406.640630
13594964 1 0 180.76 511.13 406.640630
13596295 1 0 180.76 511.13 406.609380
13596560 1 0 180.76 511.13 406.609380
13596829 1 0 180.76 511.13 406.609380
13598152 1 0 180.76 511.13 406.671880
13598418 1 0 180.76 511.13 406.671880
13598689 1 0 180.76 511.13 406.671880
13600016 1 0 180.76 511.13 406.421880
13600281 1 0 180.76 511.13 406.421880
13600551 1 0 180.76 511.13 406.421880
13601876 1 0 180.76 511.13 405.851560
13602142 1 0 180.76 511.13 405.851560
13602411 1 0 180.76 511.13 405.851560
13603740 1 0 180.76 511.13 405.492190
13604005 1 0 180.76 511.13 405.492190
13604276 1 0 180.76 511.13 405.492190
13605603 1 0 180.76 511.13 404.914060
13605867 1 0 180.76 511.13 404.914060
13606137 1 0 180.76 511.13 404.914060
13607459 1 0 180.76 511.13 404.343750
13607725 1 0 180.76 511.13 404.343750
13607994 1 0 180.76 511.13 404.343750
13609320 1 0 180.76 511.13 404.148440
13609584 1 0 180.76 511.13 404.148440
13609854 1 0 180.76 511.13 404.148440
13611184 1 0 180.76 511.13 403.585940
13611449 1 0 180.76 511.13 403.585940
13611719 1 0 180.76 511.13 403.585940
13613041 1 0 180.76 511.13 403.664060
13613306 1 0 180.76 511.13 403.664060
13613576 1 0 180.76 511.13 403.664060
13614899 1 0 180.76 511.13 403.312500
13615163 1 0 180.76 511.13 403.312500
13615432 1 0 180.76 511.13 403.312500
13616758 1 0 180.76 511.13 403.976560
13617024 1 0 180.76 511.13 403.976560
13617294 1 0 180.76 511.13 403.976560
13618621 1 0 180.76 511.13 403.679690
13618886 1 0 180.76 511.13 403.679690
13619158 1 0 180.76 511.13 403.679690
13620484 1 0 180.76 511.13 403.898440
13620750 1 0 180.76 511.13 403.898440
13621020 1 0 180.76 511.13 403.898440
13622344 1 0 180.76 511.13 403.742190
13622609 1 0 180.76 511.13 403.742190
13622879 1 0 180.76 511.13 403.742190
13624209 1 0 180.76 511.13 403.953130
13624474 1 0 180.76 511.13 403.953130
13624783 1 0 180.76 511.13 403.953130
13626066 1 0 180.76 511.13 404.195310
13626332 1 0 180.76 511.13 404.195310
13626640 1 0 180.76 511.13 404.195310
13627924 1 0 180.76 511.13 404.429690
13628189 1 0 180.76 511.13 404.429690
13628499 1 0 180.76 511.13 404.429690
13629785 1 0 180.76 511.13 404.851560
13630050 1 0 180.76 511.13 404.851560
13630319 1 0 180.76 511.13 404.851560
13631645 1 0 180.76 511.13 404.843750
13631911 1 0 180.76 511.13 404.843750
13632224 1 0 180.76 511.13 404.843750
13633508 1 0 180.76 511.13 404.890630
13633773 1 0 180.76 511.13 404.890630
13634082 1 0 180.76 511.13 404.890630
13635366 1 0 180.76 511.13 404.882810
13635632 1 0 180.76 511.13 404.882810
13636971 1 0 180.76 511.13 404.898440
13637236 1 0 180.76 511.13 404.898440
13637508 1 0 180.76 511.13 404.898440
13638844 1 0 180.76 511.13 404.593750
13639109 1 0 180.76 511.13 404.593750
13639379 1 0 180.76 511.13 404.593750
13640710 1 0 180.76 511.13 404.578130
13640975 1 0 180.76 511.13 404.578130
13641244 1 0 180.76 511.13 404.578130
13642576 1 0 180.76 511.13 404.656250
13642842 1 0 180.76 511.13 404.656250
13643111 1 0 180.76 511.13 404.656250
13644438 1 0 180.76 511.13 405.007810
13644702 1 0 180.76 511.13 405.007810
13644973 1 0 180.76 511.13 405.007810
13646306 1 0 180.76 511.13 405.250000
13646570 1 0 180.76 511.13 405.250000
13646838 1 0 180.76 511.13 405.250000
13648169 1 0 180.76 511.13 405.187500
13648435 1 0 180.76 511.13 405.187500
13648704 1 0 180.76 511.13 405.187500
13650031 1 0 180.76 511.13 405.320310
13650295 1 0 180.76 511.13 405.320310
13650564 1 0 180.76 511.13 405.320310
13651898 1 0 180.76 511.13 405.281250
13652162 1 0 180.76 511.13 405.281250
13652431 1 0 180.76 511.13 405.281250
13653762 1 0 180.76 511.13 405.398440
13654027 1 0 180.76 511.13 405.398440
13654297 1 0 180.76 511.13 405.398440
13655624 1 0 180.76 511.13 405.500000
13655888 1 0 180.76 511.13 405.500000
13656157 1 0 180.76 511.13 405.500000
13657482 1 0 180.76 511.13 405.460940
13657747 1 0 180.76 511.13 405.460940
13658016 1 0 180.76 511.13 405.460940
13659342 1 0 180.76 511.13 405.335940
13659608 1 0 180.76 511.13 405.335940
13659877 1 0 180.76 511.13 405.335940
13661204 1 0 180.76 511.13 405.390630
13661469 1 0 180.76 511.13 405.390630
13661740 1 0 180.76 511.13 405.390630
