   1.4010556e-01
   4.3330364e-02
   4.9161315e-01
   2.1275217e-01
   2.3575689e-01
   1.3607508e-02
   8.9597643e-03
   4.1309030e-01
   5.6456821e-02
   1.5256376e-02
   5.6277637e-03
   1.5011193e-02
   1.7089120e-01
   6.1824561e-02
   4.6026528e-02
   5.1660960e-02
   8.9822733e-02
   7.3357628e-02
   1.6401571e-02
   1.5695671e-01
   4.6811837e-02
   5.2132387e-02
   6.1425267e-02
   7.7039698e-02
   7.0509645e-02
   1.2895507e-02
   7.9935328e-02
   9.1418357e-02
   1.4555023e-02
   4.2533100e-02
   4.0376008e-02
   6.7399599e-02
   1.7006482e-01
   1.5782298e-01
   4.1106106e-02
   6.8164374e-02
   1.3231586e-01
   9.2108906e-02
   6.7767692e-02
   1.3920191e-01
   6.0577875e-02
   5.8185907e-02
   6.0086269e-02
   4.9097508e-02
   2.1496772e-01
   2.3865081e-01
   8.3255593e-02
   1.2366637e-01
