   4.8644714e-01
   4.1400579e-01
   3.7551650e-02
   6.1984035e-02
   2.2633651e-02
   9.3212876e-02
   2.2773667e-01
   1.0738127e-01
   2.3642209e-01
   4.1793206e-02
   1.4466819e-02
   3.8762305e-02
   1.4679048e-01
   3.0038869e-02
   2.9429902e-02
   8.4148710e-02
   1.1620435e-01
   1.0234828e-01
   3.5177669e-02
   1.4053256e-01
   2.0947421e-02
   6.3367543e-02
   1.0592550e-01
   8.0365133e-02
   1.4978983e-02
   1.6502075e-02
   7.3454623e-02
   9.5778562e-02
   3.6501326e-02
   7.2321037e-02
   7.7944886e-02
   6.5907617e-02
   3.2704202e-02
   9.9925979e-02
   8.8047357e-02
   1.9086913e-02
   4.8161776e-02
   2.9447423e-02
   1.6831011e-01
   1.8561070e-01
   4.8651881e-02
   9.8128823e-02
   1.0025645e-01
   1.9185219e-02
   1.9671169e-01
   2.3198619e-01
   1.0518427e-01
   4.4259993e-02
