   1.4745448e-01
   1.5012209e-02
   1.3607184e-01
   1.7344720e-01
   7.5492769e-02
   5.3346933e-02
   2.4844120e-01
   3.9192158e-01
   9.3697988e-02
   2.6567068e-03
   2.2058839e-02
   1.2799572e-02
   3.9529688e-02
   3.3427529e-01
   2.8360477e-01
   1.4814237e-01
   1.5471319e-01
   5.5754491e-01
   2.6438598e-02
   5.6798535e-02
   2.8734682e-01
   1.7072094e-01
   1.9684588e-01
   5.6446365e-01
   5.6950944e-02
   9.4286418e-02
   3.2268055e-02
   3.1261890e-02
   3.3535233e-02
   2.4907098e-02
   2.8464131e-02
   1.4654070e-02
   6.4253552e-02
   1.0929621e-01
   6.7699804e-02
   4.8784498e-02
   1.3749973e-01
   7.4963220e-02
   6.3384104e-02
   1.0399209e-01
   2.8766252e-02
   2.3596231e-02
   1.9224460e-02
   1.3731066e-01
   2.7295022e-01
   2.4102934e-01
   5.3841507e-02
   1.3183574e-01
