   2.2516703e-01
   3.1178599e-01
   1.6717001e-01
   2.2216490e-01
   2.6098769e-04
   7.8347174e-02
   5.6300255e-02
   1.1930683e-01
   1.7700640e-01
   8.4105503e-02
   9.2050818e-02
   3.1170773e-02
   1.3318569e-01
   1.5687837e-02
   2.1012244e-02
   2.3904122e-01
   2.1301158e-01
   2.3675002e-02
   4.5503055e-02
   1.5189201e-01
   1.3679511e-02
   9.2739773e-02
   2.2194593e-01
   3.7880310e-02
   1.3012527e-01
   4.0768864e-02
   8.1237080e-02
   1.0199181e-01
   1.2590808e-02
   6.9377894e-02
   6.8891370e-02
   2.6117241e-02
   1.2367285e-01
   1.0309479e-01
   2.3966060e-02
   1.2931788e-01
   1.2705134e-01
   7.0039276e-02
   7.5406035e-02
   1.1216651e-01
   5.4622616e-03
   9.6792369e-02
   9.5232618e-02
   6.0580147e-02
   2.3975407e-01
   2.4892435e-01
   7.7552850e-02
   1.2016583e-01
