   2.5206594e-01
   2.3778872e-01
   2.8417330e-01
   9.8839098e-02
   1.3162804e-02
   1.9034796e-01
   1.6146402e-01
   2.1743407e-01
   2.3017459e-01
   1.0010787e-01
   9.5673275e-02
   8.8531532e-02
   7.6330787e-02
   2.1834337e-02
   4.1849735e-02
   8.6058595e-02
   2.2598642e-01
   1.1760827e-01
   1.1420489e-01
   8.5070384e-02
   2.4464857e-02
   7.1103717e-02
   2.0621368e-01
   1.3718579e-01
   5.6740341e-02
   4.0889625e-02
   1.7333683e-01
   2.1423404e-01
   1.2708192e-01
   2.0182355e-02
   2.7740827e-02
   3.1597261e-02
   3.8116143e-02
   5.5392192e-02
   3.4203669e-03
   5.7836742e-02
   8.1730659e-02
   1.7469003e-01
   7.3136455e-02
   4.1391759e-02
   6.2897198e-02
   3.4971272e-03
   1.5483876e-03
   7.8805142e-02
   2.4052936e-01
   3.0710188e-01
   1.9229655e-01
   6.4072872e-02
